100	101	88	26
100	102	91	26
100	105	90	26
100	106	52	26
100	107	94	26
100	108	100	26
100	109	99	26
100	118	90	26
100	122	94	26
100	127	100	26
100	133	64	26
101	100	100	26
101	102	95	26
101	105	95	26
101	106	85	26
101	107	95	26
101	108	100	26
101	109	96	26
101	116	91	26
101	121	99	26
101	122	97	26
101	127	93	26
101	133	95	26
101	148	10	26
102	100	91	26
102	101	94	26
102	103	100	26
102	105	100	26
102	107	100	26
102	108	91	26
102	109	100	26
102	112	96	26
102	113	97	26
102	115	1	26
102	116	97	26
102	118	95	26
102	122	100	26
102	125	16	26
102	126	92	26
102	127	96	26
102	133	100	26
102	138	96	26
102	139	87	26
102	144	99	26
102	146	61	26
102	148	100	26
103	102	91	26
103	104	88	26
103	106	91	26
103	107	88	26
103	108	96	26
103	111	96	26
103	113	90	26
103	116	96	26
103	117	8	26
103	118	99	26
103	121	96	26
103	123	97	26
103	124	100	26
103	125	98	26
103	126	96	26
103	130	92	26
103	131	100	26
103	133	91	26
103	138	99	26
103	146	48	26
103	148	99	26
104	103	91	26
104	106	84	26
104	108	19	26
104	111	100	26
104	112	79	26
104	118	87	26
104	121	91	26
104	123	95	26
104	124	90	26
104	126	94	26
104	138	98	26
105	100	99	26
105	101	95	26
105	102	97	26
105	108	98	26
105	109	100	26
105	113	98	26
105	116	19	26
105	118	98	26
105	122	99	26
105	127	94	26
105	130	96	26
105	133	72	26
105	138	12	26
105	139	96	26
105	141	93	26
105	143	100	26
105	144	97	26
105	146	90	26
106	100	5	26
106	101	5	26
106	103	97	26
106	104	98	26
106	108	56	26
106	109	8	26
106	111	100	26
106	116	1	26
106	118	99	26
106	121	95	26
106	122	16	26
106	123	95	26
106	124	99	26
106	125	82	26
106	126	95	26
106	133	95	26
106	138	95	26
107	100	93	26
107	101	93	26
107	102	91	26
107	103	98	26
107	108	96	26
107	109	83	26
107	116	97	26
107	118	98	26
107	121	97	26
107	122	90	26
107	124	98	26
107	125	6	26
107	127	91	26
107	144	88	26
108	100	100	26
108	101	97	26
108	102	96	26
108	103	96	26
108	104	68	26
108	105	92	26
108	106	95	26
108	107	96	26
108	109	97	26
108	111	18	26
108	113	3	26
108	116	93	26
108	117	63	26
108	118	96	26
108	121	94	26
108	122	100	26
108	123	100	26
108	125	87	26
108	127	98	26
108	130	4	26
108	133	100	26
108	138	100	26
108	139	95	26
108	144	100	26
108	148	94	26
109	100	93	26
109	101	96	26
109	102	98	26
109	105	99	26
109	106	72	26
109	107	92	26
109	108	93	26
109	112	98	26
109	116	96	26
109	117	100	26
109	122	91	26
109	125	90	26
109	126	93	26
109	127	100	26
109	130	100	26
109	131	39	26
109	133	89	26
109	138	98	26
109	139	31	26
109	143	75	26
109	144	100	26
109	147	5	26
109	148	95	26
110	112	100	26
110	113	100	26
110	114	100	26
110	115	99	26
110	119	96	26
110	125	96	26
110	128	93	26
110	130	97	26
110	131	97	26
110	135	100	26
110	136	3	26
110	137	98	26
110	139	19	26
110	146	100	26
110	149	100	26
111	103	99	26
111	104	93	26
111	106	97	26
111	113	94	26
111	116	84	26
111	117	94	26
111	118	91	26
111	121	100	26
111	123	92	26
111	124	93	26
111	125	52	26
111	126	100	26
111	133	98	26
111	138	100	26
111	148	90	26
112	102	98	26
112	104	50	26
112	109	86	26
112	110	100	26
112	113	97	26
112	115	93	26
112	116	91	26
112	117	95	26
112	119	97	26
112	125	97	26
112	128	99	26
112	130	100	26
112	131	94	26
112	133	95	26
112	138	94	26
112	139	11	26
112	144	10	26
112	146	66	26
112	148	100	26
112	149	96	26
113	102	100	26
113	103	100	26
113	105	24	26
113	110	100	26
113	111	82	26
113	112	97	26
113	115	100	26
113	116	100	26
113	117	96	26
113	118	100	26
113	119	98	26
113	121	92	26
113	122	96	26
113	125	100	26
113	130	99	26
113	131	97	26
113	133	91	26
113	138	100	26
113	139	100	26
113	143	13	26
113	144	96	26
113	146	91	26
113	148	99	26
113	149	99	26
114	110	97	26
114	115	20	26
114	117	40	26
114	119	99	26
114	120	94	26
114	125	51	26
114	128	97	26
114	129	32	26
114	130	43	26
114	135	93	26
114	136	94	26
114	137	100	26
114	146	18	26
115	110	97	26
115	112	29	26
115	113	97	26
115	114	3	26
115	117	92	26
115	119	97	26
115	125	100	26
115	128	3	26
115	130	96	26
115	131	98	26
115	138	92	26
115	141	8	26
115	146	94	26
115	149	100	26
116	101	98	26
116	102	98	26
116	103	96	26
116	104	0	26
116	107	83	26
116	108	99	26
116	109	93	26
116	111	96	26
116	112	93	26
116	113	95	26
116	115	0	26
116	117	100	26
116	118	100	26
116	122	98	26
116	123	78	26
116	125	99	26
116	126	93	26
116	127	94	26
116	130	95	26
116	133	83	26
116	138	99	26
116	139	98	26
116	144	98	26
116	146	97	26
116	148	100	26
116	149	24	26
117	108	54	26
117	109	92	26
117	110	3	26
117	111	98	26
117	112	96	26
117	113	100	26
117	115	94	26
117	116	97	26
117	118	3	26
117	119	100	26
117	120	8	26
117	125	100	26
117	126	88	26
117	130	100	26
117	131	96	26
117	133	93	26
117	135	78	26
117	137	96	26
117	138	96	26
117	139	30	26
117	144	99	26
117	146	91	26
117	148	99	26
117	149	96	26
118	100	98	26
118	102	96	26
118	103	100	26
118	104	95	26
118	105	0	26
118	106	93	26
118	107	96	26
118	108	99	26
118	111	98	26
118	112	6	26
118	113	98	26
118	116	100	26
118	117	16	26
118	121	97	26
118	122	100	26
118	123	100	26
118	124	92	26
118	125	98	26
118	126	87	26
118	127	6	26
118	130	100	26
118	131	5	26
118	133	96	26
118	138	95	26
118	144	100	26
118	146	95	26
119	110	100	26
119	112	94	26
119	113	99	26
119	114	93	26
119	115	99	26
119	117	94	26
119	120	96	26
119	128	90	26
119	129	100	26
119	130	44	26
119	131	93	26
119	135	100	26
119	136	98	26
119	137	100	26
119	139	7	26
119	144	26	26
119	146	100	26
119	148	96	26
119	149	100	26
120	114	94	26
120	119	88	26
120	128	98	26
120	129	90	26
120	135	96	26
120	136	96	26
120	142	93	26
121	101	100	26
121	103	99	26
121	104	95	26
121	106	100	26
121	107	95	26
121	108	90	26
121	111	94	26
121	113	90	26
121	118	97	26
121	123	95	26
121	124	100	26
121	125	14	26
121	126	97	26
121	133	89	26
121	138	100	26
121	148	9	26
122	100	100	26
122	101	96	26
122	102	100	26
122	105	97	26
122	106	89	26
122	107	100	26
122	108	100	26
122	109	100	26
122	113	96	26
122	116	100	26
122	117	85	26
122	118	100	26
122	121	5	26
122	123	86	26
122	124	98	26
122	125	95	26
122	127	95	26
122	130	2	26
122	133	100	26
122	139	49	26
122	143	96	26
122	144	91	26
122	148	91	26
123	103	98	26
123	104	93	26
123	106	93	26
123	108	100	26
123	111	100	26
123	112	4	26
123	116	58	26
123	118	92	26
123	121	98	26
123	122	5	26
123	124	100	26
123	126	93	26
123	130	45	26
123	133	25	26
123	138	100	26
123	148	59	26
124	103	100	26
124	104	97	26
124	106	98	26
124	107	96	26
124	111	100	26
124	118	98	26
124	121	100	26
124	123	98	26
124	126	71	26
124	138	22	26
125	102	55	26
125	103	100	26
125	106	22	26
125	108	75	26
125	109	94	26
125	110	92	26
125	111	43	26
125	112	97	26
125	113	100	26
125	114	2	26
125	115	97	26
125	116	100	26
125	117	100	26
125	118	98	26
125	121	14	26
125	122	63	26
125	126	99	26
125	127	11	26
125	130	94	26
125	131	100	26
125	133	96	26
125	138	100	26
125	139	2	26
125	144	16	26
125	148	92	26
125	149	100	26
126	102	97	26
126	103	99	26
126	104	100	26
126	106	100	26
126	109	60	26
126	110	3	26
126	111	100	26
126	113	89	26
126	116	91	26
126	117	94	26
126	118	96	26
126	121	100	26
126	123	92	26
126	124	95	26
126	125	98	26
126	133	6	26
126	138	100	26
126	144	88	26
126	146	98	26
126	148	100	26
127	100	91	26
127	101	99	26
127	102	93	26
127	105	100	26
127	107	100	26
127	108	99	26
127	109	100	26
127	113	94	26
127	116	90	26
127	118	91	26
127	122	98	26
127	125	80	26
127	133	65	26
127	143	20	26
127	144	95	26
127	146	89	26
127	148	99	26
128	110	62	26
128	112	88	26
128	114	90	26
128	115	7	26
128	119	100	26
128	120	100	26
128	129	100	26
128	135	92	26
128	136	0	26
128	142	100	26
128	149	96	26
129	114	59	26
129	119	100	26
129	120	93	26
129	128	100	26
129	131	93	26
129	135	0	26
129	136	100	26
129	140	78	26
129	142	91	26
129	147	100	26
130	103	90	26
130	105	58	26
130	109	95	26
130	110	98	26
130	112	100	26
130	113	100	26
130	114	8	26
130	115	97	26
130	116	94	26
130	117	97	26
130	118	92	26
130	119	23	26
130	123	29	26
130	125	100	26
130	131	100	26
130	138	100	26
130	139	94	26
130	141	37	26
130	143	87	26
130	144	100	26
130	146	100	26
130	148	100	26
130	149	73	26
131	103	94	26
131	110	100	26
131	112	92	26
131	113	95	26
131	115	100	26
131	117	100	26
131	119	98	26
131	125	100	26
131	128	1	26
131	129	35	26
131	130	98	26
131	138	33	26
131	139	95	26
131	140	98	26
131	141	100	26
131	142	98	26
131	143	93	26
131	144	84	26
131	146	98	26
131	147	12	26
131	148	97	26
131	149	98	26
132	110	79	26
132	112	4	26
132	114	98	26
132	115	97	26
132	119	94	26
132	120	100	26
132	129	98	26
132	135	99	26
132	136	100	26
132	137	98	26
133	100	19	26
133	101	100	26
133	102	100	26
133	103	82	26
133	106	90	26
133	108	90	26
133	109	69	26
133	111	100	26
133	112	96	26
133	113	94	26
133	116	69	26
133	117	97	26
133	118	92	26
133	121	99	26
133	122	99	26
133	123	60	26
133	125	98	26
133	127	5	26
133	138	100	26
133	144	97	26
133	146	99	26
133	148	100	26
135	110	97	26
135	114	97	26
135	117	98	26
135	119	100	26
135	120	98	26
135	128	100	26
135	136	93	26
135	137	98	26
135	149	98	26
136	114	91	26
136	119	97	26
136	120	93	26
136	128	83	26
136	129	99	26
136	135	97	26
136	137	0	26
136	142	5	26
137	110	100	26
137	112	9	26
137	114	100	26
137	115	82	26
137	117	88	26
137	119	100	26
137	135	96	26
137	136	9	26
138	102	59	26
138	103	99	26
138	104	92	26
138	106	91	26
138	108	91	26
138	109	100	26
138	111	96	26
138	112	100	26
138	113	87	26
138	115	98	26
138	116	91	26
138	117	98	26
138	118	94	26
138	121	93	26
138	123	97	26
138	124	8	26
138	125	100	26
138	126	100	26
138	130	93	26
138	131	21	26
138	133	95	26
138	146	81	26
138	148	95	26
139	102	55	26
139	105	97	26
139	108	53	26
139	112	6	26
139	113	94	26
139	116	91	26
139	117	23	26
139	130	94	26
139	131	96	26
139	140	91	26
139	141	100	26
139	142	99	26
139	143	95	26
139	144	100	26
139	147	100	26
139	148	96	26
139	149	82	26
140	129	0	26
140	131	96	26
140	139	95	26
140	141	92	26
140	143	97	26
140	147	100	26
141	105	43	26
141	112	1	26
141	115	78	26
141	120	6	26
141	125	0	26
141	130	39	26
141	131	97	26
141	139	95	26
141	140	97	26
141	142	100	26
141	143	100	26
141	146	96	26
141	147	92	26
141	148	96	26
141	149	99	26
142	120	100	26
142	128	99	26
142	129	100	26
142	131	96	26
142	136	87	26
142	139	85	26
142	140	2	26
142	141	95	26
142	143	96	26
142	147	89	26
143	105	91	26
143	113	84	26
143	130	72	26
143	131	99	26
143	139	100	26
143	140	97	26
143	141	100	26
143	142	93	26
143	144	81	26
143	146	96	26
143	147	98	26
144	102	95	26
144	105	98	26
144	107	95	26
144	108	97	26
144	109	100	26
144	111	3	26
144	112	72	26
144	113	97	26
144	116	95	26
144	117	94	26
144	118	95	26
144	119	80	26
144	122	100	26
144	125	66	26
144	126	69	26
144	127	93	26
144	130	100	26
144	131	100	26
144	133	94	26
144	139	93	26
144	143	82	26
144	146	100	26
144	148	100	26
146	102	100	26
146	103	95	26
146	105	100	26
146	110	95	26
146	112	95	26
146	113	96	26
146	114	83	26
146	115	96	26
146	116	100	26
146	117	92	26
146	118	93	26
146	119	100	26
146	126	93	26
146	127	94	26
146	128	95	26
146	130	100	26
146	131	92	26
146	133	100	26
146	138	89	26
146	141	96	26
146	143	94	26
146	144	96	26
146	148	99	26
146	149	100	26
147	129	100	26
147	131	79	26
147	139	100	26
147	140	100	26
147	141	92	26
147	142	100	26
147	143	98	26
148	102	100	26
148	103	85	26
148	108	100	26
148	109	100	26
148	111	76	26
148	112	100	26
148	113	100	26
148	116	90	26
148	117	96	26
148	119	100	26
148	122	73	26
148	125	98	26
148	126	94	26
148	127	96	26
148	130	90	26
148	131	98	26
148	133	98	26
148	138	100	26
148	139	100	26
148	141	97	26
148	144	96	26
148	146	89	26
148	149	99	26
149	110	99	26
149	112	97	26
149	113	95	26
149	115	94	26
149	116	9	26
149	117	100	26
149	119	100	26
149	125	100	26
149	128	96	26
149	130	93	26
149	131	100	26
149	135	96	26
149	139	96	26
149	141	100	26
149	146	99	26
149	148	93	26
100	101	63	25
100	102	94	25
100	105	55	25
100	107	94	25
100	108	93	25
100	109	100	25
100	116	72	25
100	118	98	25
100	121	93	25
100	122	100	25
100	127	98	25
100	133	5	25
100	144	19	25
101	100	36	25
101	102	99	25
101	103	65	25
101	105	95	25
101	106	93	25
101	107	100	25
101	108	100	25
101	109	100	25
101	116	99	25
101	118	92	25
101	121	97	25
101	122	100	25
101	123	0	25
101	124	13	25
101	127	97	25
101	133	100	25
101	144	20	25
102	100	94	25
102	101	96	25
102	103	99	25
102	105	99	25
102	107	96	25
102	108	96	25
102	109	100	25
102	112	60	25
102	113	85	25
102	116	97	25
102	118	95	25
102	122	100	25
102	124	100	25
102	125	89	25
102	126	78	25
102	127	100	25
102	133	100	25
102	138	100	25
102	139	97	25
102	144	100	25
102	146	94	25
102	148	64	25
103	101	98	25
103	102	99	25
103	104	100	25
103	106	90	25
103	108	90	25
103	109	100	25
103	111	98	25
103	113	100	25
103	116	95	25
103	118	100	25
103	121	98	25
103	123	97	25
103	124	100	25
103	125	34	25
103	126	100	25
103	130	94	25
103	131	0	25
103	133	94	25
103	138	95	25
103	139	96	25
103	144	28	25
103	146	87	25
104	103	99	25
104	106	99	25
104	108	13	25
104	111	100	25
104	118	62	25
104	121	100	25
104	123	97	25
104	124	100	25
104	125	70	25
104	126	97	25
104	138	94	25
105	100	96	25
105	101	96	25
105	102	98	25
105	103	53	25
105	107	100	25
105	108	100	25
105	109	95	25
105	113	92	25
105	116	87	25
105	117	3	25
105	122	100	25
105	125	95	25
105	127	98	25
105	130	100	25
105	133	95	25
105	138	100	25
105	139	89	25
105	143	93	25
105	144	97	25
105	146	97	25
105	148	8	25
106	101	100	25
106	103	98	25
106	104	99	25
106	107	3	25
106	111	92	25
106	116	12	25
106	118	98	25
106	121	100	25
106	123	100	25
106	124	94	25
106	125	93	25
106	126	10	25
106	130	36	25
106	133	98	25
106	138	94	25
107	100	95	25
107	101	100	25
107	102	96	25
107	105	99	25
107	108	96	25
107	109	98	25
107	116	100	25
107	118	100	25
107	121	96	25
107	122	100	25
107	124	100	25
107	127	94	25
107	133	100	25
107	144	89	25
107	146	82	25
108	100	100	25
108	101	100	25
108	102	100	25
108	103	97	25
108	105	93	25
108	107	99	25
108	109	95	25
108	113	100	25
108	116	93	25
108	118	95	25
108	121	94	25
108	122	100	25
108	123	81	25
108	124	97	25
108	125	96	25
108	127	20	25
108	130	97	25
108	133	94	25
108	138	95	25
108	139	64	25
108	144	100	25
108	148	99	25
109	100	95	25
109	101	98	25
109	102	100	25
109	103	95	25
109	105	98	25
109	107	100	25
109	108	100	25
109	113	94	25
109	116	92	25
109	117	100	25
109	118	100	25
109	122	100	25
109	124	6	25
109	125	95	25
109	127	94	25
109	130	100	25
109	131	3	25
109	133	100	25
109	138	94	25
109	139	97	25
109	141	3	25
109	143	96	25
109	144	97	25
109	146	99	25
109	148	100	25
110	112	96	25
110	113	97	25
110	114	93	25
110	115	100	25
110	117	97	25
110	119	100	25
110	128	95	25
110	130	100	25
110	131	100	25
110	135	98	25
110	137	96	25
110	138	85	25
110	139	72	25
110	143	29	25
110	146	94	25
110	149	100	25
111	103	100	25
111	104	96	25
111	108	5	25
111	113	93	25
111	116	100	25
111	118	95	25
111	125	96	25
111	126	97	25
111	130	12	25
111	133	100	25
111	138	100	25
111	148	94	25
112	102	93	25
112	110	97	25
112	113	92	25
112	115	100	25
112	116	98	25
112	117	100	25
112	119	91	25
112	125	98	25
112	126	3	25
112	128	90	25
112	131	100	25
112	137	96	25
112	138	97	25
112	141	96	25
112	146	94	25
112	148	100	25
112	149	100	25
113	102	90	25
113	103	100	25
113	108	93	25
113	109	0	25
113	110	100	25
113	111	97	25
113	112	100	25
113	115	99	25
113	116	96	25
113	117	100	25
113	118	58	25
113	119	89	25
113	121	2	25
113	125	100	25
113	127	100	25
113	130	97	25
113	131	98	25
113	133	7	25
113	137	79	25
113	138	12	25
113	139	100	25
113	144	100	25
113	146	92	25
113	148	90	25
113	149	100	25
114	110	100	25
114	115	74	25
114	119	97	25
114	120	100	25
114	128	98	25
114	129	12	25
114	130	62	25
114	131	56	25
114	135	100	25
114	136	100	25
114	137	100	25
114	148	2	25
115	110	100	25
115	112	100	25
115	113	100	25
115	114	92	25
115	117	94	25
115	119	100	25
115	125	100	25
115	130	99	25
115	131	100	25
115	146	0	25
115	149	95	25
116	100	79	25
116	101	97	25
116	102	100	25
116	103	95	25
116	105	51	25
116	106	80	25
116	107	94	25
116	108	100	25
116	109	97	25
116	111	94	25
116	112	93	25
116	113	93	25
116	117	93	25
116	118	96	25
116	121	95	25
116	122	96	25
116	123	0	25
116	125	95	25
116	126	81	25
116	127	16	25
116	130	98	25
116	131	99	25
116	133	100	25
116	138	97	25
116	139	4	25
116	144	0	25
116	146	97	25
116	148	98	25
117	109	97	25
117	110	99	25
117	111	2	25
117	112	98	25
117	113	100	25
117	114	92	25
117	115	100	25
117	116	88	25
117	119	100	25
117	125	100	25
117	126	99	25
117	130	69	25
117	131	93	25
117	133	100	25
117	135	96	25
117	137	91	25
117	138	97	25
117	146	97	25
117	148	100	25
117	149	100	25
118	100	97	25
118	101	98	25
118	102	95	25
118	103	100	25
118	104	28	25
118	106	6	25
118	107	95	25
118	108	100	25
118	109	100	25
118	111	97	25
118	113	97	25
118	116	100	25
118	121	89	25
118	122	99	25
118	123	12	25
118	124	99	25
118	125	100	25
118	126	93	25
118	127	92	25
118	130	100	25
118	133	97	25
118	138	98	25
118	146	86	25
118	148	97	25
119	110	96	25
119	112	100	25
119	113	95	25
119	114	100	25
119	115	100	25
119	117	96	25
119	120	100	25
119	125	96	25
119	128	100	25
119	129	100	25
119	130	97	25
119	131	3	25
119	135	95	25
119	136	100	25
119	137	99	25
119	146	97	25
119	148	99	25
119	149	98	25
120	114	97	25
120	119	99	25
120	128	94	25
120	129	92	25
120	131	35	25
120	136	100	25
120	142	92	25
121	100	96	25
121	101	100	25
121	102	4	25
121	103	98	25
121	104	98	25
121	106	96	25
121	107	100	25
121	108	98	25
121	111	34	25
121	113	100	25
121	116	94	25
121	118	100	25
121	122	99	25
121	123	97	25
121	124	95	25
121	125	0	25
121	126	94	25
121	133	100	25
121	138	99	25
121	148	4	25
122	100	96	25
122	101	91	25
122	102	100	25
122	103	88	25
122	105	100	25
122	106	6	25
122	107	100	25
122	108	92	25
122	109	100	25
122	111	99	25
122	113	50	25
122	116	93	25
122	118	96	25
122	121	100	25
122	123	22	25
122	124	40	25
122	125	100	25
122	126	10	25
122	127	95	25
122	130	100	25
122	133	100	25
122	144	99	25
122	148	100	25
123	101	12	25
123	103	100	25
123	104	100	25
123	106	96	25
123	108	94	25
123	118	78	25
123	121	93	25
123	124	100	25
123	126	98	25
123	130	92	25
123	133	96	25
123	138	100	25
123	148	91	25
124	101	72	25
124	102	98	25
124	103	98	25
124	104	99	25
124	106	98	25
124	107	97	25
124	108	92	25
124	111	20	25
124	118	100	25
124	121	99	25
124	123	95	25
125	102	100	25
125	103	93	25
125	104	43	25
125	105	25	25
125	106	100	25
125	108	100	25
125	109	34	25
125	111	100	25
125	112	97	25
125	113	97	25
125	115	92	25
125	116	99	25
125	117	98	25
125	118	93	25
125	119	100	25
125	122	98	25
125	126	95	25
125	130	98	25
125	131	97	25
125	133	96	25
125	138	100	25
125	144	100	25
125	146	100	25
125	148	98	25
126	102	71	25
126	103	95	25
126	104	98	25
126	111	100	25
126	117	93	25
126	118	91	25
126	121	100	25
126	123	96	25
126	125	100	25
126	130	99	25
126	138	99	25
126	144	100	25
126	146	100	25
127	100	95	25
127	101	98	25
127	102	100	25
127	105	96	25
127	107	94	25
127	108	91	25
127	109	98	25
127	113	94	25
127	116	17	25
127	122	96	25
127	125	2	25
127	130	2	25
127	133	97	25
127	138	12	25
127	143	80	25
127	144	100	25
127	146	99	25
127	148	98	25
128	110	96	25
128	114	99	25
128	119	92	25
128	120	99	25
128	129	97	25
128	135	100	25
128	142	95	25
128	149	100	25
129	114	55	25
129	119	100	25
129	120	100	25
129	128	100	25
129	131	70	25
129	136	99	25
129	140	97	25
129	142	98	25
129	143	70	25
129	147	99	25
130	103	100	25
130	105	73	25
130	106	4	25
130	108	100	25
130	109	99	25
130	110	96	25
130	113	99	25
130	114	46	25
130	115	92	25
130	116	96	25
130	118	100	25
130	119	97	25
130	122	19	25
130	123	97	25
130	125	100	25
130	126	100	25
130	131	98	25
130	133	100	25
130	138	100	25
130	139	97	25
130	141	0	25
130	143	98	25
130	144	99	25
130	146	97	25
130	148	98	25
130	149	51	25
131	103	9	25
131	110	95	25
131	112	100	25
131	113	100	25
131	114	76	25
131	115	100	25
131	116	7	25
131	117	95	25
131	120	21	25
131	125	100	25
131	129	43	25
131	130	92	25
131	138	17	25
131	139	95	25
131	141	98	25
131	142	94	25
131	143	100	25
131	144	97	25
131	147	14	25
131	148	100	25
131	149	100	25
132	114	99	25
132	115	98	25
132	119	97	25
132	120	96	25
132	128	36	25
132	129	97	25
132	135	96	25
132	136	100	25
132	137	64	25
133	101	97	25
133	102	96	25
133	103	96	25
133	105	94	25
133	106	90	25
133	107	98	25
133	108	94	25
133	109	94	25
133	111	98	25
133	113	67	25
133	116	99	25
133	117	97	25
133	118	99	25
133	121	99	25
133	122	100	25
133	123	0	25
133	125	100	25
133	127	97	25
133	130	100	25
133	138	96	25
133	144	96	25
133	146	99	25
133	148	98	25
134	102	98	25
134	110	99	25
134	112	97	25
134	113	100	25
134	114	99	25
134	115	95	25
134	116	38	25
134	117	97	25
134	119	96	25
134	120	18	25
134	125	98	25
134	128	100	25
134	130	97	25
134	131	100	25
134	133	85	25
134	137	95	25
134	138	95	25
134	139	49	25
134	141	9	25
134	143	100	25
134	144	93	25
134	146	98	25
134	148	98	25
134	149	76	25
135	110	100	25
135	114	98	25
135	117	95	25
135	119	100	25
135	128	99	25
135	136	97	25
135	137	97	25
135	149	100	25
136	114	98	25
136	119	91	25
136	120	96	25
136	128	18	25
136	129	100	25
136	135	95	25
136	137	25	25
136	142	100	25
137	110	100	25
137	112	96	25
137	113	93	25
137	114	96	25
137	115	26	25
137	117	100	25
137	119	94	25
137	128	9	25
137	135	97	25
137	136	69	25
138	102	91	25
138	103	95	25
138	104	97	25
138	105	6	25
138	106	100	25
138	108	100	25
138	109	9	25
138	110	17	25
138	111	100	25
138	112	95	25
138	116	97	25
138	117	100	25
138	118	94	25
138	121	93	25
138	123	96	25
138	125	97	25
138	126	93	25
138	130	99	25
138	131	1	25
138	133	79	25
138	144	6	25
138	146	100	25
138	148	99	25
138	149	29	25
139	102	100	25
139	103	91	25
139	105	97	25
139	108	84	25
139	109	100	25
139	110	81	25
139	113	100	25
139	128	1	25
139	130	100	25
139	131	100	25
139	140	99	25
139	141	100	25
139	143	100	25
139	144	100	25
139	146	96	25
139	147	96	25
139	149	63	25
140	129	93	25
140	139	100	25
140	141	98	25
140	142	93	25
140	143	100	25
140	147	100	25
141	112	100	25
141	128	0	25
141	130	87	25
141	131	92	25
141	139	100	25
141	140	95	25
141	142	100	25
141	143	95	25
141	144	100	25
141	147	9	25
141	148	96	25
141	149	98	25
142	120	94	25
142	128	98	25
142	129	91	25
142	131	100	25
142	136	99	25
142	139	18	25
142	140	99	25
142	141	98	25
142	143	99	25
142	146	20	25
142	147	95	25
143	105	98	25
143	109	100	25
143	110	26	25
143	129	23	25
143	130	96	25
143	131	97	25
143	139	95	25
143	140	100	25
143	141	96	25
143	142	93	25
143	144	97	25
143	147	100	25
143	148	98	25
144	100	9	25
144	101	95	25
144	102	99	25
144	103	99	25
144	105	95	25
144	107	100	25
144	108	92	25
144	109	100	25
144	113	96	25
144	116	6	25
144	122	100	25
144	125	98	25
144	126	100	25
144	127	99	25
144	130	94	25
144	131	98	25
144	133	100	25
144	138	100	25
144	139	95	25
144	141	95	25
144	143	99	25
144	146	100	25
144	148	99	25
144	149	21	25
146	102	100	25
146	103	100	25
146	105	100	25
146	107	99	25
146	108	1	25
146	109	100	25
146	110	100	25
146	112	92	25
146	113	91	25
146	116	99	25
146	117	98	25
146	118	99	25
146	119	100	25
146	125	92	25
146	126	96	25
146	127	96	25
146	128	67	25
146	130	99	25
146	133	100	25
146	138	100	25
146	139	99	25
146	142	38	25
146	144	100	25
146	148	94	25
146	149	100	25
147	129	100	25
147	131	41	25
147	139	97	25
147	140	96	25
147	142	98	25
147	143	93	25
148	102	97	25
148	108	98	25
148	109	100	25
148	110	6	25
148	111	96	25
148	112	97	25
148	113	98	25
148	114	75	25
148	116	95	25
148	117	100	25
148	118	98	25
148	119	95	25
148	123	99	25
148	125	100	25
148	126	51	25
148	127	100	25
148	130	98	25
148	131	95	25
148	133	98	25
148	138	100	25
148	141	96	25
148	143	95	25
148	144	100	25
148	146	100	25
148	149	93	25
149	108	0	25
149	110	100	25
149	112	100	25
149	113	100	25
149	115	91	25
149	117	95	25
149	119	97	25
149	128	90	25
149	130	92	25
149	131	96	25
149	135	98	25
149	138	91	25
149	139	93	25
149	141	94	25
149	143	7	25
149	144	29	25
149	146	93	25
149	148	100	25
100	101	71	24
100	102	93	24
100	105	89	24
100	107	100	24
100	108	93	24
100	109	35	24
100	116	0	24
100	118	98	24
100	122	77	24
100	127	99	24
100	133	85	24
100	144	22	24
101	102	98	24
101	103	96	24
101	105	97	24
101	107	100	24
101	108	100	24
101	109	98	24
101	116	100	24
101	118	100	24
101	121	95	24
101	122	94	24
101	123	73	24
101	124	57	24
101	127	96	24
101	133	100	24
102	100	90	24
102	101	99	24
102	103	99	24
102	107	97	24
102	108	97	24
102	109	95	24
102	112	55	24
102	113	100	24
102	116	100	24
102	117	89	24
102	118	97	24
102	122	100	24
102	123	15	24
102	124	98	24
102	125	95	24
102	126	89	24
102	127	95	24
102	130	2	24
102	133	95	24
102	138	97	24
102	139	8	24
102	144	100	24
102	146	100	24
102	148	98	24
103	101	63	24
103	102	96	24
103	104	100	24
103	106	100	24
103	107	100	24
103	108	100	24
103	111	94	24
103	113	96	24
103	116	100	24
103	118	94	24
103	121	96	24
103	122	69	24
103	123	98	24
103	124	5	24
103	125	100	24
103	126	100	24
103	130	100	24
103	131	93	24
103	133	97	24
103	138	97	24
103	139	100	24
103	144	89	24
103	146	1	24
103	148	96	24
104	103	100	24
104	106	90	24
104	111	97	24
104	113	96	24
104	116	96	24
104	117	47	24
104	118	88	24
104	121	95	24
104	123	99	24
104	124	96	24
104	125	45	24
104	126	96	24
104	133	7	24
104	138	95	24
104	148	40	24
105	100	92	24
105	101	98	24
105	103	25	24
105	108	100	24
105	109	98	24
105	112	40	24
105	116	99	24
105	117	63	24
105	118	12	24
105	122	100	24
105	125	100	24
105	126	9	24
105	127	97	24
105	130	91	24
105	133	100	24
105	138	96	24
105	139	98	24
105	141	100	24
105	143	88	24
105	144	98	24
105	146	92	24
105	148	95	24
105	149	1	24
106	101	28	24
106	102	15	24
106	103	97	24
106	104	61	24
106	107	6	24
106	108	3	24
106	111	100	24
106	113	69	24
106	116	42	24
106	117	65	24
106	118	28	24
106	121	100	24
106	123	100	24
106	124	98	24
106	125	65	24
106	126	96	24
106	130	46	24
106	133	92	24
106	138	98	24
107	100	90	24
107	101	95	24
107	102	99	24
107	103	95	24
107	108	97	24
107	109	100	24
107	116	99	24
107	118	100	24
107	121	95	24
107	122	98	24
107	123	32	24
107	124	97	24
107	127	88	24
107	133	98	24
107	144	96	24
107	146	27	24
107	148	61	24
108	100	67	24
108	101	92	24
108	102	100	24
108	103	99	24
108	105	67	24
108	106	4	24
108	107	98	24
108	109	86	24
108	113	10	24
108	116	98	24
108	117	32	24
108	118	97	24
108	121	95	24
108	122	93	24
108	123	12	24
108	124	100	24
108	125	94	24
108	126	98	24
108	127	10	24
108	130	100	24
108	133	94	24
108	144	93	24
108	146	75	24
108	148	96	24
109	100	96	24
109	101	94	24
109	102	100	24
109	103	46	24
109	105	97	24
109	107	100	24
109	108	89	24
109	111	3	24
109	112	100	24
109	113	100	24
109	115	14	24
109	116	100	24
109	117	95	24
109	118	100	24
109	119	32	24
109	122	100	24
109	124	20	24
109	125	98	24
109	127	97	24
109	130	98	24
109	131	46	24
109	133	92	24
109	138	94	24
109	139	99	24
109	140	6	24
109	143	96	24
109	144	100	24
109	146	100	24
109	148	99	24
109	149	84	24
110	112	100	24
110	113	100	24
110	114	99	24
110	115	100	24
110	117	97	24
110	119	91	24
110	120	98	24
110	125	100	24
110	128	59	24
110	130	100	24
110	131	98	24
110	135	96	24
110	137	94	24
110	139	49	24
110	146	93	24
110	148	92	24
110	149	100	24
111	102	1	24
111	103	100	24
111	104	93	24
111	106	94	24
111	108	8	24
111	112	81	24
111	117	92	24
111	118	54	24
111	121	100	24
111	123	99	24
111	124	45	24
111	125	98	24
111	126	99	24
111	130	100	24
111	133	98	24
111	138	100	24
111	144	3	24
111	146	24	24
111	148	100	24
112	102	48	24
112	109	54	24
112	110	100	24
112	111	51	24
112	113	97	24
112	115	98	24
112	116	85	24
112	117	99	24
112	118	64	24
112	119	93	24
112	125	93	24
112	130	97	24
112	131	99	24
112	135	68	24
112	137	91	24
112	138	91	24
112	139	98	24
112	141	79	24
112	146	97	24
112	148	96	24
112	149	96	24
113	102	93	24
113	103	94	24
113	104	98	24
113	106	0	24
113	108	14	24
113	109	96	24
113	110	89	24
113	112	99	24
113	115	94	24
113	116	93	24
113	117	95	24
113	118	97	24
113	119	94	24
113	121	6	24
113	125	100	24
113	127	98	24
113	130	96	24
113	131	100	24
113	133	81	24
113	135	57	24
113	137	89	24
113	138	100	24
113	139	96	24
113	143	76	24
113	144	96	24
113	146	90	24
113	148	94	24
113	149	92	24
114	110	100	24
114	112	20	24
114	115	95	24
114	117	99	24
114	119	100	24
114	120	95	24
114	125	0	24
114	128	100	24
114	129	95	24
114	130	70	24
114	131	9	24
114	135	100	24
114	136	100	24
114	137	100	24
114	148	86	24
114	149	97	24
115	110	96	24
115	112	98	24
115	113	97	24
115	114	95	24
115	116	31	24
115	117	96	24
115	119	97	24
115	125	97	24
115	130	100	24
115	131	20	24
115	135	42	24
115	137	93	24
115	139	98	24
115	146	96	24
115	148	31	24
115	149	100	24
116	100	15	24
116	101	98	24
116	102	96	24
116	103	99	24
116	104	97	24
116	105	65	24
116	106	59	24
116	107	93	24
116	108	100	24
116	109	97	24
116	112	99	24
116	113	96	24
116	115	53	24
116	117	95	24
116	118	99	24
116	121	21	24
116	122	97	24
116	123	84	24
116	124	71	24
116	125	94	24
116	126	100	24
116	127	86	24
116	130	97	24
116	131	100	24
116	133	94	24
116	138	100	24
116	144	63	24
116	146	98	24
116	148	100	24
116	149	99	24
117	102	77	24
117	104	23	24
117	106	17	24
117	108	11	24
117	109	98	24
117	110	100	24
117	111	85	24
117	112	92	24
117	113	99	24
117	114	94	24
117	115	100	24
117	116	94	24
117	119	100	24
117	125	99	24
117	126	97	24
117	128	4	24
117	130	91	24
117	131	96	24
117	133	96	24
117	135	92	24
117	137	96	24
117	138	100	24
117	144	98	24
117	146	95	24
117	148	100	24
117	149	96	24
118	100	96	24
118	101	97	24
118	102	93	24
118	103	95	24
118	104	96	24
118	106	87	24
118	107	100	24
118	108	98	24
118	109	100	24
118	111	37	24
118	112	73	24
118	113	100	24
118	116	100	24
118	121	100	24
118	122	73	24
118	123	100	24
118	124	81	24
118	125	94	24
118	126	4	24
118	130	96	24
118	131	19	24
118	133	100	24
118	138	89	24
118	144	57	24
118	146	2	24
118	148	97	24
119	110	94	24
119	112	96	24
119	113	98	24
119	114	92	24
119	115	95	24
119	117	96	24
119	120	100	24
119	125	97	24
119	128	100	24
119	129	98	24
119	130	91	24
119	131	100	24
119	135	100	24
119	139	10	24
119	144	1	24
119	146	100	24
119	148	99	24
119	149	100	24
120	110	99	24
120	114	100	24
120	119	91	24
120	128	97	24
120	129	100	24
120	135	95	24
120	136	97	24
120	137	96	24
121	101	96	24
121	103	100	24
121	104	100	24
121	106	96	24
121	107	96	24
121	108	100	24
121	111	100	24
121	113	3	24
121	118	98	24
121	122	98	24
121	123	97	24
121	124	100	24
121	125	98	24
121	126	99	24
121	130	7	24
121	133	100	24
121	138	95	24
122	100	80	24
122	101	92	24
122	102	100	24
122	103	98	24
122	105	98	24
122	107	97	24
122	108	97	24
122	109	100	24
122	111	11	24
122	113	90	24
122	116	44	24
122	118	96	24
122	121	95	24
122	124	13	24
122	125	99	24
122	126	15	24
122	127	94	24
122	130	38	24
122	133	98	24
122	138	100	24
122	143	95	24
122	144	93	24
122	146	23	24
122	148	84	24
123	101	90	24
123	102	43	24
123	103	100	24
123	104	100	24
123	106	97	24
123	107	11	24
123	108	18	24
123	111	93	24
123	116	57	24
123	118	96	24
123	121	100	24
123	124	95	24
123	125	97	24
123	126	99	24
123	130	98	24
123	133	100	24
123	138	100	24
124	101	100	24
124	102	96	24
124	103	54	24
124	104	100	24
124	106	99	24
124	107	100	24
124	108	98	24
124	118	72	24
124	121	90	24
124	123	97	24
124	125	99	24
124	126	14	24
124	133	88	24
125	102	100	24
125	103	88	24
125	104	13	24
125	105	83	24
125	106	57	24
125	108	79	24
125	109	14	24
125	110	100	24
125	111	91	24
125	112	95	24
125	113	100	24
125	115	93	24
125	116	95	24
125	117	97	24
125	118	95	24
125	119	99	24
125	121	98	24
125	122	30	24
125	123	63	24
125	124	97	24
125	126	94	24
125	130	96	24
125	133	100	24
125	138	99	24
125	144	10	24
125	146	91	24
125	148	98	24
126	102	81	24
126	103	94	24
126	104	98	24
126	106	85	24
126	108	99	24
126	111	96	24
126	116	100	24
126	117	100	24
126	118	29	24
126	121	100	24
126	123	96	24
126	125	91	24
126	130	93	24
126	138	100	24
126	144	92	24
126	146	95	24
126	148	92	24
127	100	100	24
127	101	73	24
127	102	95	24
127	105	93	24
127	107	100	24
127	108	73	24
127	109	100	24
127	113	100	24
127	116	98	24
127	122	97	24
127	130	34	24
127	133	92	24
127	143	97	24
127	144	96	24
127	146	98	24
127	148	95	24
128	114	96	24
128	119	97	24
128	120	93	24
128	129	23	24
128	135	92	24
128	137	0	24
128	140	0	24
128	142	99	24
128	149	100	24
129	114	97	24
129	119	96	24
129	120	99	24
129	128	99	24
129	131	99	24
129	136	100	24
129	140	89	24
129	143	66	24
129	147	86	24
129	149	75	24
130	102	8	24
130	103	90	24
130	105	15	24
130	106	11	24
130	108	93	24
130	109	97	24
130	110	91	24
130	111	96	24
130	112	100	24
130	113	99	24
130	114	95	24
130	115	98	24
130	116	95	24
130	117	100	24
130	118	88	24
130	119	92	24
130	121	0	24
130	123	88	24
130	125	98	24
130	126	99	24
130	131	98	24
130	133	100	24
130	138	100	24
130	139	100	24
130	141	26	24
130	143	1	24
130	144	93	24
130	146	93	24
130	148	95	24
130	149	53	24
131	103	97	24
131	110	97	24
131	112	100	24
131	113	99	24
131	114	34	24
131	115	26	24
131	116	91	24
131	117	98	24
131	118	36	24
131	119	94	24
131	125	0	24
131	129	100	24
131	130	96	24
131	138	84	24
131	139	100	24
131	140	93	24
131	141	100	24
131	142	96	24
131	143	97	24
131	144	90	24
131	146	100	24
131	147	81	24
131	148	98	24
131	149	98	24
132	110	87	24
132	112	100	24
132	114	93	24
132	115	100	24
132	119	100	24
132	120	100	24
132	128	97	24
132	129	96	24
132	135	97	24
132	136	100	24
132	137	100	24
132	149	97	24
133	100	85	24
133	101	92	24
133	102	99	24
133	103	95	24
133	105	100	24
133	106	100	24
133	107	92	24
133	108	92	24
133	109	96	24
133	111	100	24
133	113	94	24
133	116	98	24
133	117	100	24
133	118	96	24
133	121	99	24
133	122	98	24
133	123	62	24
133	124	90	24
133	125	94	24
133	127	85	24
133	130	96	24
133	138	99	24
133	144	99	24
133	146	99	24
133	148	99	24
135	110	94	24
135	112	85	24
135	113	72	24
135	114	97	24
135	117	78	24
135	119	100	24
135	120	94	24
135	128	96	24
135	136	92	24
135	137	95	24
135	149	97	24
136	114	92	24
136	120	100	24
136	129	100	24
136	135	91	24
137	110	96	24
137	112	93	24
137	113	80	24
137	114	91	24
137	115	100	24
137	117	95	24
137	120	90	24
137	125	12	24
137	128	32	24
137	135	99	24
137	136	3	24
137	149	100	24
138	102	87	24
138	103	91	24
138	104	100	24
138	105	63	24
138	106	100	24
138	108	0	24
138	109	62	24
138	111	100	24
138	112	100	24
138	113	97	24
138	116	94	24
138	117	100	24
138	118	98	24
138	121	27	24
138	123	82	24
138	125	100	24
138	126	96	24
138	130	100	24
138	131	59	24
138	133	49	24
138	144	100	24
138	146	95	24
138	148	100	24
139	102	32	24
139	103	90	24
139	105	66	24
139	109	95	24
139	110	59	24
139	112	100	24
139	113	100	24
139	115	100	24
139	119	5	24
139	130	100	24
139	131	100	24
139	140	98	24
139	141	100	24
139	142	97	24
139	143	100	24
139	144	100	24
139	146	97	24
139	147	98	24
139	148	27	24
139	149	96	24
140	128	48	24
140	129	92	24
140	131	100	24
140	139	100	24
140	141	100	24
140	142	98	24
140	143	92	24
140	146	71	24
140	147	96	24
141	105	76	24
141	110	39	24
141	112	100	24
141	113	0	24
141	130	100	24
141	131	95	24
141	139	95	24
141	140	100	24
141	142	100	24
141	143	99	24
141	144	100	24
141	146	100	24
141	147	94	24
141	148	100	24
141	149	95	24
142	114	0	24
142	128	95	24
142	131	94	24
142	139	100	24
142	140	100	24
142	141	99	24
142	143	98	24
142	147	94	24
143	105	88	24
143	109	100	24
143	113	85	24
143	122	0	24
143	127	11	24
143	129	69	24
143	130	13	24
143	131	95	24
143	139	94	24
143	140	92	24
143	141	100	24
143	142	100	24
143	144	95	24
143	146	57	24
143	147	92	24
143	148	6	24
143	149	45	24
144	100	3	24
144	102	100	24
144	103	92	24
144	105	100	24
144	107	97	24
144	108	96	24
144	109	95	24
144	111	5	24
144	113	98	24
144	116	71	24
144	117	99	24
144	118	8	24
144	122	58	24
144	125	9	24
144	126	99	24
144	127	78	24
144	130	99	24
144	131	97	24
144	133	100	24
144	138	99	24
144	139	96	24
144	141	93	24
144	143	85	24
144	146	98	24
144	148	92	24
144	149	96	24
146	102	96	24
146	103	13	24
146	105	80	24
146	107	66	24
146	108	94	24
146	109	97	24
146	110	94	24
146	111	5	24
146	112	100	24
146	113	100	24
146	115	100	24
146	116	94	24
146	117	100	24
146	118	11	24
146	119	94	24
146	125	99	24
146	126	94	24
146	127	89	24
146	130	98	24
146	131	100	24
146	133	100	24
146	138	95	24
146	139	97	24
146	140	82	24
146	141	98	24
146	143	52	24
146	144	99	24
146	148	98	24
146	149	97	24
147	129	78	24
147	131	98	24
147	139	96	24
147	140	94	24
147	141	92	24
147	142	97	24
147	143	97	24
148	102	87	24
148	103	81	24
148	104	21	24
148	105	21	24
148	107	59	24
148	108	87	24
148	109	89	24
148	110	87	24
148	111	88	24
148	112	93	24
148	113	78	24
148	114	90	24
148	115	49	24
148	116	91	24
148	117	88	24
148	118	86	24
148	119	89	24
148	125	87	24
148	126	85	24
148	127	82	24
148	130	83	24
148	131	90	24
148	133	90	24
148	138	88	24
148	139	8	24
148	141	90	24
148	144	83	24
148	146	88	24
148	149	82	24
149	110	99	24
149	112	99	24
149	113	100	24
149	114	90	24
149	115	96	24
149	116	74	24
149	117	95	24
149	119	98	24
149	128	100	24
149	129	59	24
149	130	76	24
149	131	92	24
149	135	95	24
149	137	100	24
149	139	97	24
149	141	95	24
149	143	41	24
149	144	100	24
149	146	100	24
149	148	98	24
100	101	94	23
100	102	14	23
100	105	93	23
100	107	35	23
100	108	96	23
100	109	95	23
100	118	89	23
100	122	100	23
100	124	6	23
100	127	98	23
101	100	100	23
101	102	100	23
101	105	97	23
101	107	90	23
101	108	100	23
101	109	90	23
101	116	97	23
101	118	100	23
101	121	96	23
101	122	100	23
101	123	90	23
101	124	99	23
101	127	94	23
101	133	98	23
101	144	5	23
102	101	100	23
102	103	96	23
102	105	92	23
102	107	100	23
102	108	94	23
102	109	97	23
102	111	85	23
102	113	96	23
102	116	99	23
102	117	92	23
102	118	100	23
102	122	90	23
102	125	99	23
102	127	100	23
102	133	94	23
102	138	100	23
102	144	93	23
102	146	93	23
102	148	97	23
103	101	0	23
103	102	96	23
103	104	98	23
103	105	15	23
103	106	88	23
103	107	99	23
103	108	93	23
103	111	93	23
103	113	99	23
103	116	100	23
103	118	73	23
103	121	94	23
103	122	87	23
103	123	96	23
103	124	85	23
103	125	96	23
103	126	97	23
103	127	5	23
103	130	99	23
103	131	61	23
103	133	90	23
103	138	82	23
103	146	50	23
103	148	69	23
104	103	90	23
104	106	92	23
104	111	98	23
104	113	0	23
104	116	86	23
104	118	23	23
104	123	97	23
104	124	54	23
104	125	87	23
104	126	92	23
104	138	100	23
105	100	83	23
105	101	92	23
105	102	91	23
105	103	87	23
105	107	49	23
105	108	70	23
105	109	99	23
105	113	92	23
105	116	88	23
105	122	90	23
105	125	91	23
105	127	97	23
105	133	81	23
105	138	90	23
105	139	82	23
105	141	100	23
105	143	97	23
105	144	100	23
105	148	96	23
106	103	97	23
106	104	96	23
106	107	76	23
106	108	75	23
106	111	100	23
106	116	94	23
106	117	37	23
106	118	14	23
106	121	92	23
106	123	95	23
106	124	97	23
106	126	93	23
106	133	32	23
106	138	94	23
107	101	100	23
107	102	99	23
107	103	99	23
107	106	83	23
107	108	100	23
107	109	98	23
107	116	94	23
107	118	96	23
107	121	96	23
107	122	96	23
107	124	70	23
107	127	95	23
107	133	83	23
108	100	100	23
108	101	95	23
108	102	99	23
108	103	100	23
108	105	75	23
108	106	78	23
108	107	98	23
108	109	97	23
108	111	12	23
108	116	96	23
108	117	75	23
108	118	100	23
108	121	95	23
108	122	100	23
108	123	100	23
108	126	100	23
108	127	100	23
108	133	96	23
108	138	91	23
108	144	97	23
108	146	76	23
108	148	4	23
109	100	95	23
109	101	100	23
109	102	91	23
109	103	94	23
109	105	100	23
109	107	99	23
109	108	100	23
109	112	98	23
109	113	100	23
109	115	41	23
109	116	100	23
109	117	97	23
109	118	75	23
109	121	20	23
109	122	98	23
109	126	60	23
109	127	100	23
109	130	89	23
109	133	91	23
109	138	90	23
109	139	89	23
109	141	93	23
109	143	100	23
109	144	100	23
109	146	94	23
109	148	100	23
110	112	96	23
110	113	97	23
110	114	86	23
110	115	98	23
110	117	97	23
110	119	97	23
110	120	13	23
110	125	83	23
110	128	0	23
110	130	98	23
110	131	99	23
110	135	88	23
110	137	100	23
110	138	60	23
110	139	32	23
110	146	83	23
110	149	97	23
111	102	77	23
111	103	92	23
111	104	92	23
111	106	97	23
111	108	76	23
111	116	70	23
111	117	90	23
111	118	63	23
111	121	94	23
111	123	96	23
111	124	0	23
111	125	100	23
111	126	94	23
111	130	15	23
111	133	72	23
111	138	94	23
111	148	58	23
112	109	77	23
112	110	100	23
112	113	100	23
112	114	100	23
112	115	95	23
112	117	100	23
112	118	10	23
112	119	91	23
112	125	97	23
112	130	95	23
112	131	98	23
112	138	99	23
112	139	97	23
112	146	81	23
112	148	96	23
112	149	92	23
113	102	90	23
113	103	100	23
113	104	69	23
113	105	65	23
113	109	92	23
113	110	100	23
113	112	100	23
113	115	95	23
113	116	6	23
113	117	93	23
113	118	81	23
113	119	99	23
113	125	99	23
113	130	100	23
113	131	88	23
113	135	86	23
113	138	95	23
113	139	98	23
113	143	88	23
113	144	98	23
113	146	100	23
113	148	96	23
113	149	93	23
114	112	13	23
114	115	97	23
114	117	99	23
114	119	100	23
114	120	100	23
114	128	99	23
114	129	96	23
114	135	99	23
114	136	97	23
114	142	11	23
114	149	19	23
115	110	96	23
115	112	100	23
115	113	98	23
115	114	81	23
115	117	91	23
115	119	96	23
115	125	90	23
115	130	98	23
115	131	3	23
115	135	83	23
115	137	21	23
115	138	65	23
115	139	0	23
115	141	0	23
115	143	12	23
115	146	97	23
115	149	100	23
116	101	95	23
116	102	92	23
116	103	100	23
116	104	95	23
116	105	94	23
116	106	94	23
116	107	93	23
116	108	99	23
116	109	96	23
116	111	95	23
116	113	44	23
116	117	96	23
116	118	100	23
116	122	91	23
116	123	84	23
116	125	95	23
116	126	100	23
116	127	93	23
116	130	100	23
116	133	93	23
116	138	94	23
116	144	96	23
116	146	96	23
116	148	97	23
117	101	2	23
117	102	89	23
117	106	19	23
117	108	77	23
117	109	94	23
117	110	95	23
117	111	94	23
117	112	100	23
117	113	99	23
117	114	95	23
117	115	93	23
117	116	93	23
117	119	97	23
117	125	94	23
117	126	98	23
117	130	100	23
117	131	95	23
117	133	100	23
117	138	100	23
117	141	12	23
117	144	37	23
117	146	98	23
117	148	4	23
117	149	98	23
118	100	79	23
118	101	98	23
118	102	99	23
118	103	91	23
118	104	4	23
118	106	8	23
118	107	92	23
118	108	96	23
118	109	93	23
118	111	42	23
118	113	96	23
118	116	100	23
118	121	94	23
118	122	28	23
118	123	94	23
118	124	86	23
118	125	99	23
118	127	7	23
118	130	90	23
118	133	98	23
118	138	97	23
118	144	74	23
118	146	91	23
119	110	95	23
119	112	99	23
119	113	100	23
119	114	100	23
119	115	100	23
119	117	92	23
119	120	98	23
119	125	93	23
119	128	96	23
119	129	100	23
119	130	97	23
119	131	98	23
119	135	53	23
119	137	99	23
119	144	0	23
119	148	83	23
119	149	100	23
120	114	94	23
120	119	95	23
120	128	100	23
120	129	98	23
120	135	100	23
120	136	100	23
121	100	20	23
121	101	98	23
121	103	95	23
121	104	18	23
121	106	97	23
121	107	87	23
121	108	88	23
121	109	76	23
121	111	91	23
121	113	10	23
121	116	78	23
121	117	0	23
121	118	99	23
121	122	83	23
121	123	97	23
121	124	100	23
121	125	82	23
121	126	100	23
121	133	94	23
121	138	69	23
122	100	94	23
122	101	100	23
122	102	100	23
122	103	100	23
122	105	94	23
122	106	60	23
122	107	97	23
122	108	98	23
122	109	96	23
122	113	61	23
122	116	96	23
122	121	92	23
122	123	14	23
122	124	59	23
122	127	98	23
122	133	100	23
122	138	21	23
122	144	94	23
122	146	98	23
123	101	89	23
123	103	92	23
123	104	100	23
123	106	99	23
123	108	76	23
123	111	99	23
123	118	76	23
123	121	100	23
123	124	99	23
123	126	88	23
123	133	86	23
123	138	88	23
124	101	93	23
124	103	97	23
124	104	100	23
124	106	100	23
124	107	82	23
124	118	97	23
124	121	88	23
124	122	50	23
124	123	98	23
124	126	25	23
124	133	83	23
125	102	99	23
125	103	100	23
125	104	100	23
125	105	71	23
125	106	5	23
125	108	74	23
125	110	33	23
125	111	100	23
125	112	98	23
125	113	94	23
125	115	100	23
125	116	97	23
125	117	94	23
125	118	95	23
125	119	94	23
125	121	9	23
125	126	99	23
125	130	100	23
125	133	98	23
125	138	98	23
125	144	97	23
125	146	99	23
125	148	99	23
126	103	92	23
126	104	100	23
126	106	95	23
126	108	83	23
126	111	100	23
126	116	99	23
126	117	100	23
126	121	95	23
126	123	89	23
126	124	17	23
126	125	94	23
126	130	94	23
126	138	100	23
126	144	10	23
126	146	89	23
126	148	0	23
127	100	97	23
127	101	91	23
127	102	97	23
127	103	93	23
127	105	93	23
127	107	95	23
127	108	91	23
127	109	98	23
127	113	3	23
127	116	79	23
127	118	56	23
127	122	99	23
127	130	91	23
127	133	83	23
127	139	6	23
127	143	91	23
127	144	100	23
127	148	100	23
128	114	76	23
128	119	96	23
128	120	80	23
128	129	97	23
128	135	65	23
128	142	98	23
129	114	100	23
129	119	100	23
129	120	90	23
129	128	92	23
129	131	90	23
129	136	96	23
129	140	90	23
129	142	100	23
129	143	15	23
130	103	99	23
130	109	98	23
130	110	93	23
130	111	0	23
130	112	93	23
130	113	100	23
130	114	18	23
130	115	95	23
130	116	100	23
130	117	100	23
130	118	68	23
130	119	94	23
130	125	100	23
130	126	100	23
130	127	57	23
130	131	95	23
130	133	96	23
130	139	21	23
130	141	100	23
130	144	93	23
130	146	100	23
130	148	96	23
131	103	89	23
131	110	89	23
131	112	95	23
131	113	83	23
131	115	95	23
131	117	100	23
131	119	95	23
131	128	32	23
131	129	95	23
131	130	100	23
131	140	100	23
131	141	98	23
131	142	99	23
131	144	98	23
131	146	98	23
131	147	100	23
131	149	97	23
132	110	100	23
132	112	0	23
132	114	95	23
132	119	100	23
132	120	96	23
132	128	100	23
132	135	97	23
132	136	99	23
133	101	81	23
133	102	89	23
133	103	98	23
133	104	14	23
133	105	73	23
133	107	86	23
133	108	91	23
133	109	97	23
133	111	94	23
133	116	93	23
133	117	94	23
133	118	99	23
133	121	91	23
133	122	95	23
133	123	97	23
133	124	70	23
133	125	100	23
133	127	87	23
133	130	96	23
133	138	3	23
133	139	17	23
133	144	4	23
133	146	98	23
135	110	66	23
135	113	9	23
135	114	100	23
135	115	63	23
135	119	70	23
135	120	87	23
135	128	74	23
135	136	97	23
135	137	97	23
135	149	75	23
136	114	98	23
136	120	99	23
136	129	100	23
136	135	99	23
136	142	97	23
137	110	99	23
137	112	41	23
137	114	100	23
137	115	90	23
137	119	99	23
137	120	15	23
137	128	2	23
137	135	100	23
137	136	1	23
138	102	91	23
138	103	69	23
138	104	97	23
138	105	71	23
138	106	90	23
138	108	92	23
138	109	10	23
138	111	95	23
138	112	93	23
138	113	100	23
138	115	58	23
138	116	99	23
138	117	100	23
138	118	88	23
138	123	93	23
138	125	98	23
138	126	100	23
138	144	93	23
138	148	26	23
139	105	0	23
139	112	95	23
139	113	100	23
139	115	13	23
139	130	32	23
139	133	24	23
139	138	5	23
139	140	98	23
139	141	99	23
139	142	70	23
139	143	99	23
139	144	95	23
139	146	100	23
139	147	100	23
139	148	95	23
139	149	98	23
140	129	94	23
140	131	100	23
140	139	55	23
140	141	94	23
140	142	93	23
140	143	98	23
140	146	8	23
140	147	100	23
141	105	92	23
141	109	79	23
141	115	28	23
141	117	22	23
141	130	86	23
141	131	91	23
141	139	94	23
141	140	96	23
141	142	96	23
141	143	95	23
141	144	96	23
141	146	92	23
141	147	96	23
141	149	95	23
142	114	45	23
142	128	100	23
142	129	100	23
142	131	88	23
142	136	95	23
142	139	92	23
142	140	93	23
142	141	100	23
142	143	93	23
142	146	1	23
142	147	92	23
143	105	91	23
143	109	98	23
143	113	92	23
143	115	28	23
143	127	81	23
143	139	100	23
143	140	92	23
143	141	97	23
143	142	94	23
143	147	92	23
144	101	81	23
144	102	99	23
144	103	18	23
144	105	100	23
144	108	96	23
144	109	100	23
144	113	97	23
144	116	89	23
144	117	87	23
144	118	65	23
144	119	32	23
144	122	96	23
144	125	100	23
144	126	93	23
144	127	100	23
144	130	95	23
144	131	100	23
144	133	50	23
144	138	100	23
144	139	88	23
144	141	100	23
144	143	52	23
144	146	96	23
144	148	98	23
146	101	4	23
146	102	100	23
146	103	38	23
146	108	53	23
146	109	94	23
146	110	16	23
146	112	81	23
146	113	95	23
146	115	96	23
146	116	100	23
146	117	99	23
146	118	28	23
146	122	41	23
146	125	92	23
146	126	81	23
146	128	27	23
146	130	98	23
146	131	95	23
146	133	83	23
146	138	10	23
146	139	95	23
146	141	100	23
146	144	100	23
146	148	87	23
146	149	33	23
147	131	96	23
147	139	84	23
147	140	100	23
147	141	94	23
147	142	96	23
147	143	100	23
148	102	90	23
148	103	86	23
148	105	84	23
148	108	85	23
148	109	94	23
148	111	96	23
148	112	95	23
148	113	99	23
148	116	96	23
148	117	91	23
148	118	58	23
148	119	93	23
148	122	0	23
148	123	31	23
148	125	99	23
148	126	87	23
148	127	78	23
148	130	100	23
148	138	91	23
148	139	90	23
148	143	6	23
148	144	95	23
148	146	100	23
148	149	19	23
149	110	100	23
149	112	95	23
149	113	93	23
149	114	98	23
149	115	96	23
149	117	92	23
149	119	100	23
149	131	96	23
149	135	100	23
149	139	100	23
149	141	100	23
149	146	98	23
100	101	97	22
100	102	100	22
100	105	70	22
100	107	95	22
100	108	60	22
100	109	86	22
100	116	42	22
100	118	16	22
100	121	87	22
100	122	100	22
100	127	90	22
101	100	95	22
101	102	97	22
101	103	81	22
101	105	94	22
101	107	100	22
101	108	97	22
101	109	93	22
101	116	99	22
101	118	93	22
101	121	100	22
101	122	99	22
101	123	54	22
101	124	60	22
101	127	96	22
101	133	71	22
101	144	16	22
102	100	92	22
102	101	95	22
102	103	100	22
102	105	100	22
102	106	31	22
102	107	96	22
102	108	98	22
102	109	99	22
102	111	19	22
102	113	94	22
102	116	98	22
102	117	92	22
102	118	99	22
102	121	91	22
102	122	97	22
102	124	96	22
102	125	98	22
102	126	47	22
102	127	100	22
102	130	99	22
102	138	100	22
102	146	100	22
102	148	90	22
103	101	12	22
103	102	99	22
103	104	92	22
103	106	97	22
103	107	95	22
103	108	85	22
103	109	97	22
103	111	96	22
103	113	98	22
103	116	100	22
103	118	96	22
103	121	95	22
103	122	94	22
103	123	96	22
103	124	94	22
103	125	31	22
103	126	100	22
103	127	5	22
103	131	59	22
103	133	97	22
103	138	98	22
103	146	9	22
103	148	8	22
104	103	93	22
104	106	94	22
104	111	99	22
104	113	50	22
104	121	89	22
104	123	84	22
104	124	43	22
104	125	100	22
104	126	7	22
104	138	95	22
105	100	84	22
105	101	93	22
105	102	87	22
105	103	64	22
105	107	90	22
105	108	90	22
105	109	97	22
105	113	89	22
105	122	100	22
105	124	34	22
105	125	63	22
105	127	97	22
105	130	72	22
105	133	8	22
105	138	72	22
105	139	64	22
105	141	47	22
105	143	89	22
105	144	96	22
105	146	100	22
105	148	96	22
106	102	79	22
106	103	91	22
106	104	93	22
106	107	79	22
106	108	91	22
106	111	91	22
106	116	90	22
106	118	25	22
106	121	57	22
106	122	5	22
106	123	98	22
106	124	93	22
106	125	92	22
106	126	98	22
106	133	13	22
106	138	96	22
107	100	100	22
107	101	84	22
107	102	98	22
107	103	92	22
107	105	61	22
107	108	100	22
107	109	93	22
107	116	90	22
107	118	97	22
107	122	93	22
107	124	94	22
107	127	95	22
107	130	74	22
107	133	10	22
108	100	4	22
108	101	94	22
108	102	96	22
108	103	62	22
108	105	97	22
108	106	98	22
108	107	97	22
108	109	100	22
108	111	77	22
108	116	94	22
108	117	77	22
108	118	100	22
108	121	90	22
108	122	95	22
108	124	93	22
108	125	26	22
108	127	90	22
108	130	29	22
108	133	91	22
108	144	96	22
108	148	79	22
109	100	87	22
109	101	90	22
109	102	100	22
109	103	96	22
109	105	96	22
109	107	100	22
109	108	94	22
109	112	98	22
109	113	92	22
109	116	90	22
109	117	97	22
109	118	97	22
109	121	99	22
109	122	95	22
109	125	95	22
109	126	100	22
109	127	100	22
109	130	98	22
109	133	98	22
109	138	97	22
109	139	95	22
109	143	97	22
109	144	98	22
109	148	100	22
109	149	12	22
110	112	93	22
110	113	92	22
110	114	98	22
110	115	99	22
110	117	100	22
110	119	96	22
110	120	4	22
110	128	98	22
110	130	97	22
110	131	100	22
110	135	94	22
110	137	96	22
110	138	4	22
110	139	94	22
110	146	98	22
110	149	96	22
111	102	98	22
111	103	100	22
111	104	100	22
111	106	94	22
111	107	9	22
111	108	91	22
111	113	88	22
111	116	95	22
111	117	100	22
111	118	94	22
111	121	96	22
111	122	8	22
111	123	98	22
111	124	100	22
111	125	100	22
111	126	100	22
111	130	90	22
111	133	100	22
111	138	96	22
111	146	10	22
112	102	76	22
112	109	89	22
112	110	92	22
112	113	93	22
112	114	98	22
112	115	100	22
112	117	100	22
112	119	99	22
112	125	100	22
112	126	96	22
112	130	57	22
112	131	96	22
112	133	90	22
112	135	91	22
112	137	100	22
112	138	91	22
112	139	99	22
112	144	87	22
112	146	94	22
112	148	98	22
112	149	90	22
113	102	100	22
113	103	86	22
113	104	3	22
113	105	73	22
113	109	95	22
113	110	90	22
113	111	77	22
113	112	96	22
113	115	56	22
113	117	100	22
113	119	93	22
113	121	4	22
113	122	6	22
113	125	100	22
113	126	96	22
113	130	100	22
113	131	94	22
113	133	35	22
113	135	99	22
113	138	96	22
113	139	24	22
113	143	95	22
113	144	100	22
113	146	100	22
113	149	92	22
114	110	100	22
114	112	94	22
114	115	100	22
114	117	100	22
114	119	94	22
114	120	98	22
114	128	98	22
114	129	97	22
114	130	9	22
114	131	52	22
114	135	99	22
114	136	100	22
114	137	88	22
114	142	2	22
115	102	23	22
115	110	100	22
115	112	100	22
115	113	87	22
115	114	96	22
115	117	90	22
115	119	93	22
115	125	90	22
115	130	73	22
115	131	100	22
115	135	96	22
115	137	94	22
115	138	82	22
115	139	92	22
115	146	89	22
115	149	97	22
116	100	76	22
116	101	93	22
116	102	100	22
116	103	100	22
116	106	92	22
116	107	100	22
116	108	89	22
116	109	94	22
116	111	95	22
116	117	98	22
116	118	100	22
116	121	95	22
116	122	89	22
116	124	93	22
116	125	100	22
116	126	93	22
116	130	100	22
116	133	92	22
116	138	100	22
116	144	94	22
116	146	98	22
116	148	100	22
117	102	84	22
117	108	79	22
117	109	71	22
117	110	94	22
117	111	76	22
117	112	100	22
117	113	99	22
117	114	87	22
117	115	99	22
117	116	85	22
117	118	74	22
117	119	86	22
117	125	100	22
117	126	98	22
117	130	100	22
117	131	97	22
117	133	86	22
117	135	26	22
117	137	49	22
117	138	100	22
117	144	87	22
117	146	98	22
117	148	89	22
117	149	94	22
118	100	1	22
118	101	98	22
118	102	100	22
118	103	94	22
118	106	3	22
118	107	92	22
118	108	94	22
118	109	91	22
118	111	91	22
118	116	86	22
118	117	80	22
118	121	89	22
118	122	80	22
118	123	89	22
118	124	97	22
118	125	94	22
118	133	96	22
118	138	85	22
118	139	4	22
118	144	25	22
118	146	20	22
119	110	91	22
119	112	100	22
119	113	98	22
119	114	92	22
119	115	100	22
119	117	100	22
119	120	97	22
119	128	94	22
119	129	96	22
119	130	84	22
119	131	94	22
119	135	95	22
119	136	43	22
119	137	97	22
119	144	47	22
119	146	56	22
119	149	99	22
120	110	93	22
120	114	62	22
120	119	100	22
120	128	100	22
120	129	95	22
120	135	95	22
120	136	99	22
120	142	99	22
121	100	65	22
121	101	89	22
121	102	94	22
121	103	92	22
121	104	95	22
121	106	28	22
121	107	94	22
121	108	98	22
121	109	87	22
121	111	89	22
121	113	70	22
121	116	94	22
121	118	100	22
121	122	98	22
121	123	90	22
121	124	98	22
121	125	83	22
121	126	96	22
121	130	96	22
121	133	100	22
121	138	98	22
121	148	97	22
122	100	100	22
122	101	98	22
122	102	95	22
122	103	93	22
122	105	98	22
122	106	26	22
122	107	99	22
122	108	97	22
122	109	100	22
122	111	21	22
122	113	83	22
122	116	95	22
122	118	86	22
122	121	94	22
122	123	65	22
122	124	89	22
122	125	97	22
122	127	100	22
122	130	100	22
122	133	96	22
122	143	93	22
122	144	100	22
122	148	3	22
123	101	39	22
123	102	0	22
123	103	86	22
123	104	94	22
123	106	91	22
123	111	96	22
123	118	42	22
123	121	83	22
123	122	20	22
123	124	81	22
123	126	78	22
123	133	54	22
124	101	89	22
124	102	95	22
124	103	92	22
124	104	68	22
124	106	91	22
124	107	75	22
124	108	84	22
124	111	86	22
124	116	76	22
124	118	86	22
124	121	87	22
124	122	90	22
124	123	97	22
124	126	90	22
124	133	87	22
125	102	100	22
125	103	88	22
125	104	94	22
125	105	7	22
125	106	86	22
125	108	74	22
125	109	90	22
125	111	96	22
125	112	94	22
125	113	94	22
125	114	19	22
125	115	97	22
125	116	89	22
125	117	94	22
125	118	89	22
125	121	57	22
125	122	86	22
125	126	92	22
125	130	99	22
125	131	49	22
125	133	88	22
125	138	96	22
125	139	84	22
125	141	82	22
125	144	92	22
125	146	1	22
125	148	100	22
125	149	96	22
126	102	55	22
126	103	92	22
126	106	96	22
126	109	5	22
126	111	100	22
126	112	46	22
126	113	98	22
126	116	100	22
126	117	92	22
126	121	95	22
126	123	100	22
126	124	95	22
126	125	87	22
126	130	100	22
126	133	92	22
126	138	96	22
126	148	49	22
127	100	94	22
127	101	96	22
127	102	87	22
127	103	84	22
127	105	100	22
127	107	91	22
127	108	97	22
127	109	100	22
127	118	5	22
127	122	94	22
127	130	71	22
127	133	100	22
127	139	80	22
127	143	92	22
127	144	99	22
127	146	90	22
128	110	96	22
128	114	90	22
128	119	100	22
128	120	91	22
128	129	97	22
128	135	100	22
128	142	91	22
129	114	100	22
129	119	99	22
129	120	100	22
129	128	96	22
129	136	100	22
129	140	94	22
129	141	6	22
129	142	100	22
129	143	59	22
129	147	86	22
129	149	8	22
130	102	89	22
130	109	97	22
130	110	94	22
130	111	95	22
130	113	100	22
130	114	10	22
130	115	7	22
130	116	89	22
130	117	96	22
130	119	91	22
130	122	73	22
130	125	97	22
130	126	100	22
130	131	95	22
130	138	100	22
130	139	89	22
130	141	10	22
130	144	99	22
130	146	100	22
130	148	98	22
130	149	98	22
131	103	82	22
131	110	94	22
131	112	99	22
131	113	100	22
131	114	98	22
131	115	100	22
131	117	100	22
131	119	100	22
131	126	25	22
131	130	97	22
131	139	92	22
131	140	100	22
131	141	99	22
131	143	99	22
131	144	95	22
131	146	97	22
131	147	98	22
131	148	6	22
131	149	100	22
132	110	0	22
132	114	95	22
132	119	99	22
132	120	96	22
132	128	96	22
132	129	96	22
132	135	100	22
132	136	94	22
132	137	35	22
133	101	5	22
133	102	93	22
133	103	100	22
133	105	18	22
133	106	100	22
133	108	91	22
133	109	96	22
133	111	90	22
133	112	87	22
133	116	99	22
133	117	96	22
133	118	100	22
133	121	100	22
133	122	90	22
133	123	76	22
133	124	91	22
133	125	100	22
133	126	91	22
133	127	85	22
133	138	15	22
133	139	30	22
133	144	4	22
133	146	93	22
135	110	84	22
135	112	92	22
135	113	91	22
135	114	77	22
135	115	100	22
135	119	94	22
135	120	96	22
135	128	99	22
135	136	94	22
135	137	100	22
136	114	98	22
136	119	41	22
136	120	100	22
136	128	50	22
136	129	99	22
136	135	91	22
136	142	33	22
137	110	100	22
137	112	96	22
137	113	12	22
137	114	99	22
137	115	95	22
137	117	46	22
137	119	100	22
137	135	96	22
138	102	93	22
138	103	88	22
138	104	98	22
138	106	94	22
138	109	97	22
138	111	99	22
138	112	92	22
138	113	100	22
138	115	84	22
138	116	89	22
138	117	100	22
138	118	96	22
138	121	92	22
138	125	99	22
138	126	100	22
138	130	100	22
138	144	89	22
138	146	24	22
138	148	94	22
139	102	3	22
139	105	5	22
139	109	13	22
139	110	90	22
139	112	93	22
139	113	93	22
139	115	84	22
139	125	90	22
139	127	24	22
139	130	96	22
139	131	92	22
139	140	97	22
139	141	96	22
139	142	36	22
139	143	93	22
139	144	100	22
139	146	100	22
139	147	99	22
139	148	100	22
139	149	88	22
140	129	8	22
140	131	100	22
140	139	90	22
140	141	100	22
140	142	97	22
140	143	100	22
140	147	97	22
141	102	0	22
141	105	3	22
141	125	84	22
141	128	0	22
141	129	9	22
141	130	74	22
141	131	97	22
141	139	100	22
141	140	89	22
141	142	100	22
141	143	97	22
141	144	96	22
141	146	96	22
141	147	100	22
141	148	67	22
142	114	46	22
142	120	100	22
142	128	96	22
142	129	96	22
142	131	12	22
142	136	11	22
142	139	9	22
142	140	81	22
142	141	91	22
142	143	90	22
142	147	92	22
143	105	0	22
143	109	93	22
143	113	98	22
143	122	63	22
143	127	93	22
143	129	0	22
143	131	96	22
143	139	97	22
143	140	100	22
143	141	100	22
143	142	94	22
143	144	96	22
143	147	100	22
143	148	96	22
144	101	81	22
144	105	95	22
144	108	100	22
144	109	94	22
144	111	47	22
144	112	99	22
144	113	92	22
144	116	92	22
144	117	94	22
144	118	0	22
144	119	99	22
144	122	96	22
144	125	85	22
144	126	37	22
144	127	97	22
144	130	95	22
144	131	95	22
144	133	87	22
144	138	94	22
144	139	100	22
144	141	100	22
144	143	95	22
144	146	99	22
144	148	100	22
146	102	99	22
146	103	26	22
146	105	18	22
146	110	98	22
146	111	8	22
146	112	91	22
146	113	92	22
146	114	9	22
146	115	99	22
146	116	95	22
146	117	100	22
146	118	11	22
146	119	91	22
146	125	7	22
146	126	48	22
146	127	88	22
146	130	98	22
146	131	98	22
146	133	30	22
146	138	97	22
146	139	95	22
146	141	99	22
146	144	99	22
146	148	96	22
146	149	98	22
147	129	43	22
147	131	100	22
147	139	92	22
147	140	94	22
147	141	97	22
147	142	94	22
147	143	99	22
148	102	94	22
148	103	89	22
148	105	93	22
148	108	92	22
148	109	93	22
148	111	25	22
148	112	94	22
148	113	89	22
148	115	21	22
148	116	90	22
148	117	97	22
148	121	91	22
148	122	30	22
148	125	97	22
148	126	97	22
148	130	99	22
148	131	8	22
148	138	99	22
148	139	100	22
148	141	29	22
148	143	93	22
148	144	91	22
148	146	93	22
148	149	52	22
149	109	19	22
149	110	98	22
149	112	90	22
149	113	85	22
149	115	90	22
149	117	100	22
149	119	100	22
149	125	94	22
149	129	62	22
149	130	100	22
149	131	94	22
149	135	100	22
149	139	88	22
149	143	12	22
149	146	94	22
149	148	70	22
100	101	93	21
100	105	96	21
100	106	32	21
100	108	99	21
100	116	92	21
100	118	92	21
100	121	87	21
100	122	99	21
100	127	100	21
100	133	72	21
100	144	73	21
101	100	100	21
101	102	93	21
101	105	91	21
101	106	85	21
101	107	89	21
101	108	98	21
101	109	90	21
101	116	53	21
101	118	83	21
101	121	99	21
101	122	99	21
101	127	89	21
101	133	19	21
102	101	92	21
102	103	92	21
102	105	91	21
102	107	93	21
102	108	96	21
102	109	100	21
102	111	88	21
102	113	97	21
102	116	100	21
102	117	41	21
102	118	98	21
102	121	82	21
102	122	87	21
102	125	100	21
102	126	45	21
102	127	92	21
102	130	41	21
102	133	97	21
102	138	99	21
102	144	89	21
102	146	97	21
103	102	44	21
103	106	60	21
103	107	69	21
103	109	90	21
103	111	93	21
103	116	100	21
103	118	100	21
103	121	94	21
103	122	88	21
103	123	95	21
103	124	86	21
103	126	99	21
103	131	33	21
103	133	100	21
103	138	100	21
103	144	27	21
104	106	74	21
104	111	92	21
104	116	72	21
104	121	86	21
104	123	94	21
104	125	96	21
104	126	98	21
104	138	98	21
105	100	86	21
105	101	85	21
105	102	92	21
105	107	81	21
105	108	85	21
105	109	100	21
105	113	99	21
105	116	52	21
105	118	59	21
105	122	90	21
105	125	4	21
105	127	95	21
105	133	90	21
105	139	92	21
105	143	92	21
105	144	100	21
105	146	98	21
105	148	95	21
106	101	68	21
106	103	56	21
106	104	56	21
106	107	8	21
106	108	75	21
106	111	88	21
106	116	65	21
106	118	97	21
106	121	94	21
106	123	100	21
106	124	91	21
106	126	95	21
106	133	6	21
106	138	62	21
107	100	7	21
107	101	91	21
107	102	91	21
107	103	91	21
107	105	53	21
107	108	88	21
107	109	75	21
107	116	88	21
107	118	100	21
107	121	93	21
107	122	32	21
107	124	75	21
107	127	0	21
107	133	47	21
107	144	41	21
108	100	93	21
108	101	100	21
108	102	97	21
108	103	63	21
108	105	95	21
108	106	98	21
108	107	100	21
108	109	96	21
108	116	97	21
108	118	100	21
108	121	100	21
108	122	89	21
108	124	0	21
108	127	95	21
108	133	100	21
108	138	100	21
108	144	84	21
108	146	100	21
109	101	89	21
109	102	100	21
109	103	95	21
109	105	93	21
109	107	81	21
109	108	97	21
109	111	0	21
109	112	95	21
109	113	87	21
109	116	100	21
109	117	6	21
109	118	93	21
109	122	100	21
109	125	100	21
109	126	98	21
109	127	95	21
109	130	78	21
109	133	94	21
109	138	100	21
109	139	99	21
109	141	22	21
109	143	94	21
109	144	100	21
109	146	1	21
109	148	100	21
110	112	96	21
110	113	6	21
110	114	85	21
110	115	95	21
110	117	98	21
110	119	96	21
110	125	41	21
110	128	54	21
110	130	94	21
110	131	100	21
110	135	98	21
110	137	99	21
110	139	48	21
110	146	86	21
110	149	100	21
111	102	15	21
111	103	100	21
111	104	100	21
111	106	83	21
111	113	11	21
111	116	100	21
111	117	92	21
111	118	33	21
111	121	95	21
111	123	89	21
111	124	37	21
111	125	86	21
111	126	95	21
111	133	99	21
111	138	100	21
111	144	5	21
112	109	96	21
112	110	96	21
112	113	88	21
112	114	96	21
112	115	93	21
112	116	74	21
112	117	98	21
112	119	100	21
112	126	90	21
112	130	100	21
112	131	90	21
112	133	96	21
112	135	98	21
112	138	100	21
112	139	97	21
112	144	95	21
112	146	98	21
112	148	3	21
112	149	92	21
113	102	61	21
113	105	91	21
113	109	88	21
113	110	90	21
113	111	55	21
113	112	70	21
113	116	52	21
113	117	95	21
113	119	90	21
113	125	100	21
113	126	98	21
113	127	26	21
113	130	100	21
113	131	98	21
113	135	88	21
113	138	100	21
113	139	89	21
113	144	92	21
113	146	94	21
113	148	60	21
113	149	97	21
114	110	100	21
114	112	99	21
114	115	96	21
114	117	96	21
114	119	100	21
114	128	94	21
114	129	97	21
114	131	13	21
114	135	100	21
114	136	100	21
114	137	88	21
115	110	96	21
115	112	100	21
115	114	100	21
115	117	98	21
115	119	97	21
115	125	96	21
115	131	99	21
115	135	92	21
115	137	100	21
115	138	87	21
115	139	81	21
115	146	57	21
115	149	99	21
116	100	8	21
116	101	80	21
116	102	97	21
116	103	100	21
116	105	12	21
116	106	48	21
116	107	88	21
116	108	100	21
116	109	96	21
116	111	100	21
116	117	64	21
116	118	96	21
116	121	93	21
116	122	100	21
116	125	100	21
116	126	65	21
116	133	98	21
116	138	98	21
116	144	97	21
116	146	95	21
116	148	99	21
117	110	100	21
117	111	94	21
117	112	100	21
117	113	93	21
117	114	100	21
117	115	99	21
117	116	86	21
117	118	91	21
117	119	53	21
117	125	97	21
117	126	99	21
117	130	96	21
117	131	100	21
117	133	0	21
117	135	8	21
117	138	100	21
117	144	96	21
117	146	93	21
117	149	92	21
118	100	88	21
118	101	4	21
118	102	97	21
118	103	96	21
118	105	22	21
118	106	100	21
118	107	97	21
118	108	92	21
118	109	93	21
118	111	91	21
118	116	98	21
118	117	100	21
118	121	100	21
118	122	94	21
118	123	100	21
118	124	90	21
118	125	6	21
118	126	38	21
118	127	100	21
118	131	31	21
118	133	96	21
118	138	95	21
118	144	84	21
118	146	41	21
119	110	97	21
119	112	77	21
119	113	100	21
119	114	96	21
119	115	100	21
119	117	75	21
119	120	93	21
119	128	100	21
119	129	37	21
119	131	100	21
119	135	100	21
119	136	99	21
119	149	100	21
120	110	99	21
120	114	99	21
120	119	96	21
120	128	100	21
120	129	100	21
120	136	99	21
121	101	96	21
121	102	89	21
121	103	93	21
121	104	92	21
121	106	94	21
121	107	100	21
121	108	89	21
121	111	94	21
121	116	93	21
121	118	92	21
121	122	88	21
121	123	98	21
121	124	91	21
121	125	7	21
121	126	95	21
121	133	97	21
121	138	98	21
122	100	100	21
122	101	87	21
122	102	86	21
122	103	91	21
122	105	91	21
122	106	5	21
122	107	72	21
122	108	93	21
122	109	94	21
122	116	96	21
122	118	100	21
122	121	99	21
122	123	100	21
122	127	91	21
122	131	13	21
122	133	64	21
122	143	81	21
122	144	100	21
122	146	77	21
123	101	0	21
123	103	96	21
123	104	98	21
123	106	97	21
123	111	99	21
123	118	100	21
123	121	95	21
123	122	65	21
123	124	89	21
123	126	100	21
123	138	52	21
124	101	78	21
124	103	96	21
124	106	95	21
124	111	88	21
124	118	97	21
124	121	90	21
124	123	97	21
124	126	99	21
124	133	98	21
125	102	91	21
125	103	38	21
125	104	93	21
125	105	36	21
125	109	93	21
125	110	97	21
125	111	89	21
125	113	99	21
125	115	96	21
125	116	98	21
125	117	94	21
125	118	76	21
125	121	60	21
125	126	86	21
125	130	98	21
125	133	89	21
125	138	100	21
125	139	73	21
125	144	91	21
125	146	69	21
125	148	100	21
126	103	96	21
126	104	96	21
126	106	98	21
126	109	36	21
126	111	94	21
126	112	100	21
126	113	100	21
126	116	86	21
126	117	97	21
126	118	0	21
126	121	100	21
126	123	100	21
126	124	95	21
126	125	100	21
126	138	99	21
126	146	75	21
127	100	100	21
127	101	92	21
127	102	92	21
127	105	100	21
127	107	20	21
127	108	93	21
127	109	99	21
127	113	11	21
127	116	16	21
127	118	30	21
127	122	100	21
127	139	77	21
127	143	91	21
127	144	95	21
128	110	85	21
128	114	99	21
128	119	100	21
128	120	97	21
128	129	100	21
128	131	11	21
128	135	12	21
128	149	83	21
129	110	0	21
129	114	100	21
129	120	96	21
129	128	98	21
129	131	72	21
129	136	91	21
129	140	100	21
129	142	92	21
129	143	6	21
130	102	80	21
130	105	8	21
130	109	94	21
130	110	96	21
130	111	93	21
130	112	100	21
130	113	90	21
130	114	96	21
130	115	99	21
130	116	83	21
130	117	98	21
130	122	0	21
130	125	97	21
130	126	94	21
130	131	100	21
130	133	85	21
130	135	20	21
130	138	99	21
130	139	99	21
130	144	94	21
130	146	93	21
130	148	98	21
130	149	93	21
131	103	56	21
131	110	97	21
131	112	100	21
131	113	96	21
131	114	38	21
131	115	100	21
131	117	100	21
131	119	100	21
131	129	0	21
131	130	96	21
131	135	53	21
131	139	97	21
131	140	98	21
131	141	97	21
131	142	89	21
131	144	97	21
131	147	100	21
131	149	99	21
132	114	99	21
132	119	91	21
132	120	100	21
132	128	95	21
132	129	98	21
132	135	100	21
132	136	93	21
132	142	77	21
133	101	79	21
133	102	93	21
133	103	95	21
133	105	76	21
133	106	55	21
133	107	30	21
133	108	99	21
133	109	100	21
133	111	89	21
133	112	92	21
133	116	100	21
133	118	100	21
133	121	93	21
133	122	71	21
133	124	90	21
133	125	98	21
133	130	100	21
133	131	0	21
133	138	100	21
133	144	100	21
133	146	65	21
135	110	93	21
135	112	93	21
135	114	97	21
135	115	95	21
135	119	99	21
135	131	61	21
135	136	97	21
135	137	100	21
136	114	96	21
136	119	82	21
136	120	97	21
136	129	100	21
136	135	100	21
137	110	97	21
137	112	31	21
137	114	95	21
137	115	96	21
137	117	83	21
137	135	96	21
138	102	84	21
138	103	87	21
138	104	99	21
138	106	10	21
138	109	78	21
138	111	97	21
138	112	55	21
138	113	92	21
138	116	92	21
138	117	100	21
138	121	95	21
138	123	70	21
138	125	94	21
138	126	96	21
138	130	97	21
138	133	87	21
138	144	89	21
138	148	47	21
139	105	94	21
139	109	87	21
139	110	96	21
139	112	100	21
139	113	1	21
139	115	0	21
139	125	7	21
139	127	6	21
139	130	55	21
139	131	99	21
139	140	100	21
139	141	96	21
139	143	95	21
139	144	98	21
139	146	92	21
139	147	16	21
139	148	94	21
140	129	54	21
140	131	99	21
140	139	95	21
140	141	95	21
140	142	100	21
140	143	100	21
140	147	46	21
141	105	1	21
141	109	93	21
141	129	95	21
141	131	94	21
141	139	100	21
141	140	94	21
141	142	100	21
141	143	100	21
141	144	91	21
141	146	99	21
141	147	99	21
142	114	32	21
142	129	92	21
142	131	92	21
142	139	3	21
142	140	95	21
142	141	66	21
142	143	98	21
142	147	100	21
143	105	92	21
143	109	83	21
143	122	12	21
143	127	51	21
143	129	6	21
143	131	13	21
143	139	95	21
143	140	95	21
143	141	100	21
143	142	100	21
143	144	100	21
143	146	86	21
143	147	96	21
143	148	4	21
144	102	13	21
144	103	80	21
144	105	94	21
144	107	2	21
144	108	0	21
144	109	91	21
144	112	79	21
144	113	96	21
144	116	97	21
144	117	100	21
144	118	31	21
144	122	87	21
144	125	92	21
144	127	92	21
144	130	100	21
144	131	94	21
144	133	80	21
144	138	85	21
144	139	97	21
144	141	100	21
144	143	100	21
144	146	97	21
144	148	100	21
146	102	75	21
146	105	89	21
146	108	96	21
146	109	8	21
146	110	100	21
146	112	94	21
146	113	100	21
146	116	86	21
146	117	100	21
146	118	8	21
146	122	13	21
146	125	24	21
146	126	89	21
146	127	7	21
146	130	100	21
146	131	48	21
146	133	32	21
146	139	91	21
146	141	100	21
146	143	90	21
146	144	94	21
146	148	94	21
146	149	96	21
147	131	87	21
147	139	91	21
147	140	37	21
147	141	96	21
147	142	100	21
147	143	100	21
148	102	4	21
148	103	87	21
148	105	100	21
148	109	77	21
148	110	5	21
148	112	75	21
148	113	28	21
148	116	100	21
148	117	91	21
148	121	84	21
148	123	66	21
148	125	96	21
148	126	92	21
148	130	100	21
148	138	100	21
148	139	96	21
148	143	95	21
148	144	94	21
148	146	99	21
148	149	93	21
149	110	98	21
149	112	79	21
149	113	96	21
149	114	84	21
149	115	100	21
149	117	100	21
149	119	92	21
149	128	89	21
149	129	16	21
149	130	99	21
149	131	96	21
149	135	100	21
149	138	6	21
149	140	12	21
149	146	100	21
149	148	81	21
100	101	97	20
100	102	90	20
100	106	58	20
100	107	99	20
100	108	98	20
100	109	7	20
100	116	91	20
100	118	100	20
100	121	2	20
100	122	95	20
100	124	16	20
100	127	100	20
100	133	91	20
100	144	95	20
101	100	93	20
101	102	96	20
101	105	37	20
101	106	97	20
101	107	100	20
101	108	100	20
101	109	100	20
101	116	100	20
101	118	100	20
101	121	100	20
101	122	96	20
101	123	100	20
101	127	94	20
101	144	40	20
101	146	33	20
102	100	92	20
102	101	100	20
102	103	98	20
102	105	95	20
102	107	100	20
102	108	97	20
102	109	98	20
102	111	99	20
102	113	95	20
102	116	100	20
102	118	94	20
102	121	98	20
102	122	100	20
102	124	97	20
102	125	95	20
102	126	98	20
102	127	99	20
102	130	100	20
102	133	97	20
102	138	98	20
102	139	88	20
102	146	30	20
102	148	96	20
103	101	0	20
103	102	95	20
103	104	96	20
103	106	90	20
103	108	100	20
103	109	100	20
103	111	94	20
103	113	98	20
103	116	94	20
103	117	62	20
103	118	100	20
103	121	100	20
103	122	82	20
103	123	100	20
103	124	96	20
103	130	100	20
103	131	96	20
103	133	99	20
103	138	97	20
103	148	95	20
104	103	92	20
104	106	99	20
104	108	10	20
104	111	100	20
104	112	80	20
104	113	50	20
104	116	100	20
104	121	100	20
104	123	100	20
104	124	100	20
104	125	92	20
104	126	100	20
104	138	26	20
105	100	45	20
105	101	83	20
105	102	95	20
105	107	97	20
105	108	97	20
105	109	96	20
105	113	99	20
105	118	94	20
105	122	100	20
105	125	94	20
105	127	99	20
105	130	96	20
105	131	62	20
105	133	0	20
105	139	90	20
105	141	100	20
105	143	94	20
105	144	96	20
105	146	96	20
105	148	96	20
106	100	89	20
106	101	100	20
106	102	0	20
106	103	98	20
106	104	100	20
106	108	98	20
106	111	93	20
106	116	95	20
106	118	100	20
106	121	97	20
106	123	100	20
106	124	100	20
106	125	78	20
106	126	96	20
106	130	84	20
106	133	96	20
107	100	97	20
107	101	97	20
107	102	96	20
107	105	97	20
107	106	7	20
107	108	96	20
107	109	93	20
107	111	52	20
107	116	81	20
107	118	99	20
107	121	100	20
107	122	100	20
107	123	90	20
107	124	94	20
107	125	11	20
107	127	0	20
107	130	4	20
107	133	100	20
107	148	14	20
108	100	98	20
108	101	99	20
108	102	98	20
108	103	100	20
108	104	1	20
108	105	39	20
108	106	96	20
108	107	100	20
108	109	99	20
108	112	38	20
108	116	95	20
108	117	10	20
108	118	98	20
108	121	89	20
108	122	100	20
108	123	58	20
108	124	92	20
108	125	99	20
108	126	94	20
108	127	96	20
108	130	100	20
108	133	94	20
108	138	98	20
108	139	99	20
108	144	100	20
108	146	91	20
108	148	89	20
109	100	79	20
109	101	100	20
109	102	100	20
109	103	94	20
109	105	100	20
109	107	93	20
109	108	97	20
109	111	84	20
109	112	100	20
109	113	9	20
109	115	89	20
109	116	100	20
109	117	99	20
109	118	99	20
109	122	99	20
109	125	96	20
109	127	92	20
109	131	64	20
109	133	87	20
109	138	94	20
109	139	94	20
109	141	99	20
109	143	94	20
109	144	100	20
109	146	81	20
109	148	96	20
110	112	100	20
110	113	100	20
110	114	98	20
110	115	98	20
110	117	96	20
110	119	100	20
110	120	96	20
110	125	100	20
110	128	100	20
110	130	100	20
110	131	100	20
110	135	95	20
110	137	96	20
110	138	88	20
110	146	100	20
110	149	98	20
111	102	87	20
111	103	97	20
111	104	99	20
111	106	96	20
111	107	91	20
111	109	7	20
111	113	100	20
111	116	100	20
111	117	20	20
111	118	48	20
111	121	100	20
111	123	100	20
111	124	74	20
111	125	1	20
111	126	100	20
111	130	100	20
111	133	92	20
111	138	99	20
111	144	97	20
111	148	2	20
112	104	95	20
112	108	29	20
112	109	97	20
112	110	98	20
112	113	95	20
112	114	100	20
112	115	93	20
112	116	95	20
112	117	100	20
112	118	39	20
112	119	98	20
112	125	97	20
112	126	98	20
112	130	95	20
112	131	100	20
112	135	96	20
112	137	95	20
112	138	94	20
112	139	96	20
112	143	89	20
112	144	5	20
112	146	94	20
112	148	89	20
112	149	93	20
113	102	97	20
113	103	100	20
113	104	26	20
113	105	93	20
113	110	100	20
113	111	77	20
113	112	100	20
113	114	46	20
113	115	97	20
113	116	92	20
113	117	100	20
113	118	25	20
113	119	100	20
113	121	2	20
113	125	97	20
113	126	95	20
113	127	64	20
113	130	100	20
113	131	99	20
113	133	98	20
113	137	2	20
113	138	93	20
113	139	94	20
113	143	85	20
113	144	100	20
113	146	95	20
113	148	88	20
113	149	100	20
114	110	100	20
114	112	98	20
114	113	77	20
114	115	95	20
114	117	93	20
114	119	96	20
114	120	99	20
114	125	6	20
114	128	97	20
114	130	98	20
114	131	78	20
114	135	99	20
114	136	93	20
114	137	92	20
115	110	96	20
115	112	96	20
115	113	96	20
115	114	100	20
115	117	91	20
115	119	92	20
115	125	100	20
115	130	100	20
115	131	94	20
115	135	100	20
115	136	18	20
115	137	99	20
115	138	64	20
115	139	37	20
115	144	1	20
115	149	97	20
116	100	96	20
116	101	100	20
116	102	100	20
116	103	100	20
116	104	99	20
116	106	97	20
116	107	61	20
116	108	97	20
116	109	94	20
116	111	99	20
116	112	98	20
116	113	100	20
116	117	100	20
116	118	98	20
116	121	100	20
116	122	96	20
116	123	23	20
116	124	70	20
116	125	100	20
116	126	87	20
116	130	99	20
116	133	100	20
116	138	98	20
116	144	97	20
116	146	25	20
116	148	100	20
117	103	86	20
117	108	2	20
117	109	37	20
117	110	99	20
117	111	5	20
117	112	100	20
117	113	100	20
117	114	97	20
117	115	96	20
117	116	96	20
117	118	88	20
117	119	97	20
117	120	4	20
117	125	95	20
117	126	97	20
117	130	100	20
117	131	99	20
117	133	97	20
117	137	59	20
117	138	99	20
117	143	3	20
117	144	99	20
117	146	100	20
117	148	99	20
117	149	100	20
118	100	91	20
118	101	100	20
118	102	100	20
118	103	100	20
118	104	0	20
118	105	89	20
118	106	92	20
118	107	100	20
118	108	99	20
118	111	12	20
118	112	1	20
118	116	100	20
118	117	100	20
118	121	94	20
118	122	61	20
118	123	99	20
118	124	100	20
118	125	96	20
118	126	0	20
118	127	100	20
118	130	88	20
118	131	92	20
118	133	100	20
118	144	97	20
118	148	100	20
119	110	96	20
119	112	97	20
119	113	95	20
119	114	99	20
119	115	100	20
119	117	98	20
119	120	100	20
119	125	89	20
119	128	97	20
119	131	98	20
119	135	99	20
119	136	96	20
119	137	97	20
119	144	91	20
119	148	100	20
119	149	97	20
120	110	97	20
120	114	95	20
120	117	18	20
120	119	100	20
120	128	100	20
120	129	95	20
120	135	62	20
120	136	99	20
120	142	59	20
121	100	85	20
121	101	100	20
121	102	94	20
121	103	100	20
121	104	99	20
121	106	97	20
121	107	100	20
121	108	98	20
121	111	100	20
121	113	33	20
121	116	96	20
121	118	96	20
121	122	98	20
121	123	100	20
121	124	100	20
121	126	97	20
121	127	1	20
121	130	96	20
121	133	96	20
121	138	100	20
122	100	93	20
122	101	86	20
122	102	97	20
122	103	95	20
122	105	97	20
122	107	100	20
122	108	97	20
122	109	93	20
122	116	100	20
122	117	66	20
122	118	97	20
122	121	96	20
122	123	43	20
122	125	100	20
122	127	99	20
122	131	4	20
122	133	48	20
122	139	50	20
122	143	98	20
122	144	96	20
122	146	96	20
123	101	83	20
123	103	98	20
123	104	100	20
123	106	97	20
123	107	100	20
123	108	92	20
123	111	94	20
123	116	43	20
123	118	100	20
123	121	95	20
123	124	90	20
123	125	100	20
123	126	99	20
123	130	74	20
123	138	100	20
123	148	92	20
124	102	97	20
124	103	96	20
124	104	35	20
124	106	100	20
124	107	100	20
124	108	93	20
124	111	100	20
124	116	92	20
124	118	95	20
124	121	98	20
124	123	93	20
124	125	12	20
124	126	96	20
124	133	92	20
124	138	82	20
125	102	94	20
125	104	99	20
125	105	75	20
125	106	23	20
125	108	66	20
125	109	100	20
125	110	95	20
125	112	98	20
125	113	96	20
125	114	22	20
125	115	100	20
125	116	96	20
125	117	100	20
125	118	88	20
125	119	13	20
125	123	94	20
125	124	15	20
125	126	96	20
125	130	92	20
125	131	94	20
125	133	97	20
125	138	98	20
125	139	96	20
125	144	97	20
125	146	100	20
125	148	97	20
126	102	99	20
126	104	97	20
126	106	98	20
126	108	93	20
126	111	96	20
126	112	98	20
126	113	100	20
126	116	92	20
126	117	91	20
126	121	94	20
126	123	99	20
126	124	100	20
126	125	96	20
126	130	100	20
126	138	97	20
126	146	96	20
126	148	96	20
127	100	100	20
127	101	100	20
127	102	99	20
127	105	97	20
127	107	99	20
127	108	97	20
127	109	98	20
127	112	4	20
127	113	98	20
127	116	5	20
127	118	98	20
127	121	5	20
127	122	99	20
127	125	80	20
127	133	100	20
127	138	27	20
127	139	100	20
127	143	55	20
127	144	97	20
128	110	97	20
128	114	99	20
128	119	97	20
128	120	97	20
128	129	100	20
128	131	95	20
128	135	13	20
128	136	27	20
128	142	98	20
128	149	100	20
129	114	90	20
129	120	91	20
129	128	95	20
129	131	6	20
129	136	100	20
129	139	50	20
129	140	100	20
129	141	92	20
129	142	100	20
129	143	26	20
129	147	55	20
130	102	97	20
130	103	94	20
130	105	48	20
130	106	45	20
130	107	2	20
130	108	100	20
130	110	97	20
130	111	92	20
130	112	98	20
130	113	100	20
130	114	87	20
130	115	100	20
130	116	100	20
130	117	91	20
130	118	52	20
130	121	89	20
130	123	36	20
130	125	100	20
130	126	94	20
130	131	100	20
130	133	97	20
130	135	31	20
130	138	100	20
130	139	95	20
130	144	100	20
130	146	99	20
130	148	100	20
130	149	89	20
131	103	91	20
131	110	100	20
131	112	100	20
131	113	100	20
131	114	94	20
131	115	98	20
131	117	99	20
131	118	76	20
131	119	93	20
131	125	100	20
131	128	99	20
131	130	100	20
131	133	61	20
131	135	100	20
131	138	24	20
131	139	100	20
131	140	95	20
131	141	97	20
131	143	16	20
131	144	4	20
131	146	1	20
131	147	100	20
131	149	98	20
132	114	96	20
132	115	100	20
132	119	95	20
132	120	100	20
132	128	100	20
132	129	98	20
132	135	95	20
132	136	98	20
132	137	99	20
132	142	10	20
132	149	96	20
133	100	89	20
133	101	36	20
133	102	100	20
133	103	100	20
133	104	5	20
133	106	94	20
133	107	76	20
133	108	88	20
133	109	98	20
133	111	99	20
133	113	95	20
133	116	95	20
133	117	100	20
133	118	96	20
133	121	95	20
133	124	92	20
133	125	90	20
133	127	100	20
133	130	100	20
133	131	99	20
133	138	100	20
133	144	100	20
133	146	92	20
133	148	93	20
135	110	96	20
135	112	100	20
135	114	100	20
135	115	87	20
135	119	99	20
135	120	14	20
135	130	77	20
135	131	94	20
135	136	90	20
135	137	96	20
135	149	8	20
136	114	100	20
136	115	4	20
136	119	95	20
136	120	100	20
136	128	24	20
136	129	100	20
136	135	97	20
136	137	88	20
137	110	96	20
137	112	91	20
137	113	72	20
137	114	100	20
137	115	94	20
137	117	36	20
137	119	100	20
137	135	98	20
137	136	100	20
138	102	95	20
138	103	99	20
138	105	0	20
138	106	3	20
138	108	82	20
138	109	96	20
138	110	94	20
138	111	100	20
138	112	100	20
138	113	94	20
138	115	26	20
138	116	96	20
138	117	100	20
138	121	100	20
138	123	100	20
138	124	70	20
138	125	100	20
138	126	100	20
138	130	100	20
138	131	4	20
138	133	96	20
138	144	100	20
138	146	5	20
138	148	100	20
138	149	90	20
139	102	74	20
139	105	10	20
139	108	89	20
139	109	98	20
139	112	90	20
139	113	96	20
139	114	5	20
139	115	82	20
139	116	54	20
139	125	100	20
139	127	87	20
139	129	50	20
139	130	92	20
139	131	99	20
139	140	98	20
139	141	100	20
139	142	100	20
139	143	96	20
139	144	100	20
139	146	96	20
139	147	95	20
139	148	100	20
139	149	96	20
140	129	100	20
140	131	93	20
140	139	100	20
140	141	99	20
140	142	96	20
140	143	95	20
140	147	99	20
140	149	100	20
141	105	82	20
141	109	97	20
141	113	17	20
141	119	5	20
141	129	93	20
141	131	96	20
141	139	100	20
141	140	100	20
141	142	99	20
141	143	100	20
141	144	100	20
141	146	100	20
141	147	98	20
141	148	99	20
141	149	100	20
142	114	0	20
142	120	70	20
142	128	94	20
142	129	99	20
142	139	100	20
142	140	96	20
142	141	97	20
142	143	100	20
142	146	29	20
142	147	100	20
143	105	96	20
143	109	100	20
143	112	83	20
143	113	100	20
143	117	1	20
143	122	89	20
143	129	95	20
143	130	10	20
143	131	54	20
143	139	94	20
143	140	96	20
143	141	97	20
143	142	93	20
143	144	100	20
143	146	98	20
143	147	100	20
143	148	100	20
144	100	100	20
144	101	40	20
144	102	23	20
144	105	90	20
144	108	93	20
144	109	97	20
144	111	87	20
144	113	100	20
144	116	96	20
144	117	100	20
144	118	95	20
144	119	13	20
144	122	96	20
144	125	98	20
144	126	3	20
144	127	99	20
144	130	96	20
144	133	92	20
144	138	100	20
144	139	96	20
144	141	97	20
144	143	99	20
144	146	96	20
144	148	100	20
144	149	70	20
146	101	70	20
146	102	92	20
146	105	94	20
146	108	97	20
146	109	68	20
146	110	100	20
146	112	100	20
146	113	98	20
146	116	39	20
146	117	92	20
146	122	52	20
146	125	99	20
146	126	94	20
146	130	94	20
146	138	59	20
146	139	100	20
146	141	99	20
146	142	38	20
146	143	93	20
146	144	95	20
146	148	98	20
146	149	95	20
147	131	91	20
147	139	97	20
147	140	98	20
147	141	99	20
147	142	99	20
147	143	100	20
148	102	99	20
148	103	92	20
148	105	98	20
148	107	4	20
148	108	77	20
148	109	100	20
148	112	49	20
148	113	98	20
148	116	100	20
148	117	100	20
148	118	93	20
148	119	89	20
148	123	94	20
148	125	94	20
148	126	99	20
148	130	94	20
148	133	83	20
148	138	97	20
148	139	94	20
148	140	1	20
148	141	32	20
148	143	97	20
148	144	98	20
148	146	100	20
148	149	98	20
149	110	100	20
149	112	100	20
149	113	96	20
149	115	93	20
149	117	98	20
149	119	98	20
149	128	96	20
149	130	100	20
149	131	98	20
149	135	74	20
149	138	97	20
149	139	100	20
149	140	99	20
149	141	100	20
149	144	62	20
149	146	93	20
149	148	97	20
100	101	100	15
100	102	16	15
100	105	65	15
100	107	91	15
100	109	79	15
100	118	87	15
100	121	79	15
100	122	100	15
100	124	4	15
100	127	85	15
100	133	0	15
101	100	100	15
101	102	88	15
101	103	83	15
101	105	95	15
101	106	73	15
101	107	87	15
101	108	85	15
101	109	88	15
101	116	87	15
101	118	80	15
101	121	61	15
101	122	100	15
101	123	89	15
101	124	50	15
101	127	98	15
101	133	9	15
101	144	76	15
102	100	2	15
102	101	78	15
102	103	71	15
102	105	93	15
102	107	92	15
102	108	99	15
102	109	88	15
102	112	100	15
102	113	89	15
102	116	87	15
102	117	99	15
102	118	97	15
102	122	87	15
102	125	93	15
102	127	92	15
102	130	96	15
102	131	3	15
102	133	75	15
102	138	92	15
102	139	89	15
102	144	97	15
102	146	92	15
102	148	31	15
103	100	9	15
103	101	67	15
103	102	4	15
103	104	72	15
103	106	78	15
103	108	97	15
103	109	76	15
103	111	94	15
103	113	48	15
103	116	82	15
103	118	77	15
103	121	84	15
103	123	77	15
103	124	77	15
103	125	96	15
103	126	97	15
103	127	66	15
103	130	100	15
103	131	97	15
103	133	74	15
103	138	96	15
103	144	71	15
103	148	92	15
104	103	78	15
104	106	87	15
104	111	96	15
104	116	56	15
104	118	86	15
104	121	89	15
104	123	94	15
104	125	95	15
104	126	97	15
104	138	98	15
105	100	66	15
105	101	85	15
105	102	100	15
105	107	22	15
105	108	70	15
105	109	100	15
105	113	87	15
105	116	69	15
105	118	64	15
105	121	2	15
105	122	97	15
105	126	31	15
105	127	100	15
105	133	67	15
105	138	11	15
105	139	12	15
105	141	14	15
105	143	70	15
105	144	94	15
105	146	98	15
105	148	61	15
106	101	88	15
106	103	86	15
106	104	98	15
106	107	14	15
106	108	75	15
106	111	100	15
106	116	83	15
106	117	20	15
106	118	81	15
106	121	96	15
106	123	100	15
106	124	91	15
106	126	89	15
106	133	22	15
106	138	94	15
107	100	91	15
107	101	94	15
107	102	100	15
107	105	1	15
107	108	82	15
107	109	89	15
107	111	12	15
107	116	6	15
107	118	88	15
107	121	80	15
107	122	92	15
107	124	86	15
107	127	85	15
107	133	83	15
107	144	93	15
108	100	3	15
108	101	98	15
108	102	100	15
108	103	93	15
108	105	100	15
108	106	89	15
108	107	76	15
108	109	85	15
108	111	75	15
108	112	71	15
108	113	55	15
108	116	96	15
108	117	20	15
108	118	100	15
108	121	92	15
108	122	100	15
108	124	0	15
108	125	85	15
108	126	59	15
108	127	83	15
108	130	62	15
108	133	89	15
108	138	37	15
108	139	1	15
108	144	92	15
108	146	100	15
108	148	99	15
109	100	92	15
109	101	83	15
109	102	96	15
109	103	77	15
109	105	96	15
109	107	79	15
109	108	89	15
109	113	100	15
109	116	97	15
109	117	73	15
109	118	12	15
109	122	85	15
109	125	85	15
109	127	100	15
109	130	83	15
109	133	86	15
109	138	76	15
109	139	85	15
109	143	88	15
109	144	100	15
109	146	94	15
109	147	8	15
109	148	4	15
110	112	97	15
110	113	100	15
110	114	99	15
110	115	99	15
110	117	100	15
110	119	100	15
110	125	95	15
110	128	99	15
110	130	82	15
110	131	97	15
110	135	100	15
110	137	96	15
110	146	43	15
110	149	100	15
111	103	100	15
111	104	91	15
111	106	91	15
111	107	65	15
111	108	52	15
111	113	93	15
111	116	94	15
111	118	67	15
111	121	92	15
111	123	99	15
111	124	93	15
111	125	91	15
111	126	98	15
111	130	70	15
111	138	94	15
111	144	32	15
111	148	89	15
112	102	75	15
112	108	78	15
112	109	20	15
112	110	99	15
112	113	100	15
112	114	18	15
112	115	96	15
112	116	79	15
112	117	98	15
112	125	90	15
112	126	62	15
112	130	96	15
112	131	91	15
112	133	43	15
112	135	99	15
112	138	91	15
112	139	34	15
112	143	88	15
112	144	97	15
112	146	2	15
112	148	98	15
113	102	78	15
113	105	92	15
113	108	46	15
113	109	92	15
113	110	100	15
113	111	44	15
113	112	100	15
113	116	59	15
113	117	100	15
113	118	57	15
113	121	21	15
113	125	98	15
113	126	70	15
113	127	71	15
113	130	94	15
113	131	97	15
113	133	10	15
113	138	87	15
113	139	93	15
113	143	70	15
113	144	53	15
113	146	100	15
113	148	83	15
113	149	91	15
114	110	95	15
114	113	17	15
114	115	97	15
114	117	100	15
114	119	100	15
114	120	100	15
114	128	100	15
114	130	88	15
114	131	92	15
114	135	100	15
114	136	94	15
114	137	100	15
114	139	17	15
114	148	1	15
114	149	97	15
115	110	93	15
115	112	98	15
115	114	100	15
115	117	96	15
115	119	97	15
115	125	95	15
115	130	94	15
115	131	91	15
115	135	100	15
115	144	77	15
115	146	83	15
115	149	97	15
116	101	83	15
116	102	90	15
116	103	100	15
116	104	66	15
116	105	83	15
116	106	51	15
116	107	70	15
116	108	88	15
116	109	92	15
116	111	53	15
116	112	94	15
116	113	91	15
116	117	100	15
116	118	89	15
116	121	53	15
116	122	97	15
116	123	88	15
116	124	83	15
116	125	100	15
116	126	82	15
116	127	52	15
116	130	96	15
116	131	90	15
116	133	98	15
116	138	98	15
116	139	92	15
116	144	87	15
116	146	86	15
116	148	96	15
117	102	83	15
117	108	49	15
117	109	82	15
117	110	96	15
117	112	98	15
117	113	100	15
117	114	98	15
117	115	97	15
117	116	83	15
117	119	98	15
117	121	55	15
117	122	22	15
117	125	99	15
117	126	16	15
117	128	4	15
117	130	98	15
117	131	94	15
117	133	71	15
117	138	93	15
117	139	14	15
117	144	44	15
117	146	100	15
117	148	98	15
117	149	94	15
118	100	82	15
118	101	81	15
118	102	90	15
118	103	81	15
118	104	67	15
118	106	78	15
118	107	91	15
118	108	98	15
118	109	5	15
118	111	65	15
118	113	62	15
118	116	88	15
118	121	96	15
118	122	100	15
118	123	8	15
118	124	83	15
118	125	100	15
118	126	66	15
118	127	90	15
118	131	14	15
118	133	91	15
118	146	14	15
118	148	95	15
119	110	95	15
119	114	99	15
119	115	97	15
119	117	89	15
119	120	51	15
119	125	93	15
119	128	100	15
119	129	64	15
119	130	93	15
119	135	98	15
119	136	84	15
119	137	94	15
119	139	24	15
119	144	4	15
119	148	8	15
119	149	100	15
120	114	24	15
120	119	86	15
120	128	0	15
120	129	59	15
120	135	5	15
120	136	97	15
120	142	0	15
121	100	82	15
121	101	20	15
121	103	91	15
121	104	100	15
121	106	92	15
121	107	90	15
121	108	97	15
121	111	86	15
121	113	15	15
121	116	70	15
121	117	22	15
121	118	93	15
121	122	97	15
121	123	99	15
121	124	92	15
121	125	63	15
121	126	95	15
121	133	91	15
121	138	99	15
122	100	98	15
122	101	97	15
122	102	99	15
122	105	98	15
122	107	88	15
122	108	97	15
122	109	100	15
122	113	0	15
122	116	79	15
122	117	45	15
122	118	82	15
122	121	85	15
122	127	100	15
122	130	10	15
122	133	89	15
122	138	20	15
122	139	3	15
122	143	82	15
122	144	99	15
122	148	8	15
123	101	79	15
123	103	89	15
123	104	92	15
123	106	100	15
123	107	16	15
123	111	100	15
123	116	87	15
123	118	28	15
123	121	81	15
123	124	82	15
123	125	14	15
123	126	93	15
123	138	92	15
123	148	69	15
124	100	1	15
124	101	77	15
124	103	77	15
124	106	97	15
124	107	67	15
124	111	89	15
124	116	9	15
124	118	78	15
124	121	98	15
124	123	98	15
124	126	39	15
124	133	66	15
125	102	79	15
125	103	92	15
125	104	100	15
125	108	81	15
125	109	59	15
125	110	100	15
125	111	82	15
125	112	50	15
125	113	94	15
125	115	96	15
125	116	94	15
125	117	100	15
125	118	90	15
125	119	96	15
125	123	4	15
125	126	91	15
125	127	29	15
125	130	100	15
125	131	89	15
125	133	78	15
125	138	96	15
125	144	88	15
125	146	100	15
125	148	92	15
125	149	73	15
126	103	89	15
126	104	100	15
126	106	91	15
126	111	92	15
126	112	16	15
126	113	87	15
126	116	96	15
126	118	32	15
126	121	94	15
126	123	87	15
126	125	96	15
126	130	76	15
126	138	100	15
126	144	97	15
126	146	86	15
127	100	99	15
127	101	100	15
127	102	87	15
127	103	89	15
127	105	89	15
127	107	89	15
127	109	97	15
127	113	83	15
127	116	4	15
127	118	86	15
127	122	100	15
127	125	85	15
127	133	79	15
127	143	57	15
127	144	100	15
127	148	100	15
128	110	96	15
128	113	2	15
128	114	92	15
128	117	4	15
128	119	98	15
128	129	100	15
128	131	87	15
128	135	90	15
128	136	91	15
128	141	0	15
128	142	92	15
128	149	100	15
129	119	96	15
129	120	13	15
129	128	96	15
129	131	23	15
129	136	99	15
129	140	26	15
129	141	81	15
129	142	100	15
129	143	3	15
129	147	6	15
129	149	98	15
130	102	88	15
130	103	86	15
130	105	32	15
130	108	33	15
130	109	97	15
130	110	95	15
130	111	59	15
130	112	99	15
130	113	96	15
130	114	91	15
130	115	100	15
130	116	81	15
130	117	100	15
130	119	95	15
130	125	98	15
130	126	85	15
130	131	100	15
130	133	84	15
130	138	100	15
130	139	94	15
130	141	21	15
130	146	96	15
130	148	96	15
130	149	94	15
131	103	83	15
131	110	92	15
131	112	98	15
131	113	94	15
131	114	94	15
131	115	98	15
131	116	72	15
131	117	100	15
131	125	94	15
131	128	88	15
131	129	21	15
131	130	99	15
131	139	86	15
131	140	88	15
131	141	97	15
131	142	95	15
131	143	96	15
131	147	93	15
131	149	97	15
132	110	81	15
132	114	98	15
132	115	0	15
132	119	100	15
132	120	92	15
132	128	94	15
132	135	100	15
132	136	100	15
132	142	14	15
132	149	72	15
133	100	79	15
133	101	82	15
133	102	96	15
133	103	85	15
133	105	96	15
133	106	2	15
133	107	81	15
133	108	100	15
133	109	96	15
133	111	21	15
133	112	4	15
133	113	30	15
133	116	95	15
133	117	100	15
133	118	96	15
133	121	89	15
133	122	99	15
133	123	21	15
133	124	80	15
133	125	91	15
133	127	93	15
133	130	96	15
133	138	9	15
133	139	70	15
133	144	91	15
133	146	22	15
133	148	93	15
135	110	100	15
135	112	100	15
135	114	100	15
135	115	100	15
135	119	100	15
135	128	98	15
135	136	87	15
135	137	96	15
136	114	100	15
136	119	98	15
136	120	98	15
136	128	100	15
136	129	93	15
136	135	100	15
136	142	11	15
137	110	100	15
137	112	41	15
137	114	97	15
137	115	40	15
137	117	79	15
137	119	100	15
137	120	24	15
137	135	96	15
137	136	87	15
137	149	45	15
138	102	83	15
138	103	82	15
138	104	78	15
138	105	4	15
138	106	80	15
138	109	12	15
138	111	97	15
138	112	100	15
138	113	94	15
138	116	82	15
138	117	97	15
138	121	75	15
138	123	84	15
138	125	100	15
138	126	96	15
138	130	91	15
138	133	19	15
138	139	13	15
138	144	68	15
138	146	8	15
138	148	88	15
138	149	91	15
139	102	81	15
139	109	82	15
139	112	94	15
139	113	95	15
139	114	5	15
139	116	86	15
139	117	57	15
139	119	8	15
139	122	2	15
139	130	94	15
139	131	89	15
139	133	42	15
139	138	68	15
139	140	77	15
139	141	94	15
139	142	88	15
139	143	100	15
139	144	97	15
139	146	91	15
139	147	68	15
139	148	90	15
139	149	89	15
140	129	4	15
140	131	100	15
140	139	81	15
140	141	95	15
140	142	94	15
140	143	100	15
140	147	76	15
140	149	5	15
141	109	36	15
141	112	86	15
141	128	64	15
141	129	91	15
141	130	89	15
141	131	96	15
141	139	96	15
141	140	88	15
141	142	91	15
141	143	78	15
141	144	98	15
141	146	100	15
141	147	79	15
141	148	95	15
141	149	63	15
142	128	98	15
142	129	53	15
142	131	94	15
142	136	7	15
142	139	100	15
142	140	90	15
142	141	99	15
142	143	92	15
142	147	96	15
143	105	98	15
143	109	100	15
143	112	91	15
143	113	78	15
143	122	90	15
143	125	29	15
143	127	54	15
143	129	22	15
143	131	100	15
143	139	100	15
143	140	100	15
143	141	29	15
143	142	92	15
143	144	87	15
143	146	78	15
143	147	96	15
143	149	84	15
144	101	75	15
144	102	84	15
144	103	54	15
144	105	100	15
144	107	80	15
144	108	80	15
144	109	94	15
144	110	0	15
144	112	93	15
144	113	96	15
144	115	84	15
144	116	77	15
144	117	15	15
144	118	0	15
144	122	98	15
144	125	100	15
144	126	83	15
144	127	88	15
144	131	50	15
144	133	71	15
144	138	74	15
144	139	94	15
144	141	86	15
144	143	80	15
144	146	100	15
144	148	96	15
144	149	89	15
146	101	5	15
146	102	93	15
146	103	13	15
146	105	77	15
146	107	42	15
146	108	100	15
146	109	98	15
146	110	100	15
146	111	44	15
146	113	100	15
146	115	92	15
146	116	86	15
146	117	99	15
146	118	77	15
146	121	13	15
146	125	95	15
146	126	82	15
146	130	92	15
146	131	89	15
146	133	74	15
146	138	83	15
146	139	91	15
146	141	94	15
146	142	4	15
146	143	90	15
146	144	95	15
146	147	2	15
146	148	96	15
146	149	96	15
147	128	44	15
147	129	11	15
147	131	72	15
147	139	86	15
147	140	63	15
147	141	66	15
147	142	98	15
147	143	89	15
148	103	86	15
148	105	54	15
148	108	87	15
148	109	25	15
148	111	96	15
148	112	95	15
148	113	97	15
148	114	24	15
148	115	11	15
148	116	87	15
148	117	99	15
148	118	83	15
148	119	17	15
148	123	83	15
148	125	98	15
148	127	94	15
148	130	94	15
148	131	0	15
148	133	88	15
148	138	95	15
148	139	100	15
148	141	87	15
148	143	7	15
148	144	98	15
148	146	96	15
148	149	92	15
149	110	100	15
149	113	88	15
149	114	100	15
149	115	95	15
149	117	91	15
149	119	97	15
149	125	43	15
149	128	100	15
149	129	34	15
149	130	90	15
149	131	100	15
149	138	93	15
149	139	86	15
149	144	87	15
149	146	97	15
149	147	0	15
149	148	95	15
