100	101	85	26
100	102	98	26
100	105	89	26
100	106	54	26
100	107	86	26
100	108	97	26
100	109	100	26
100	118	88	26
100	122	98	26
100	127	99	26
100	133	64	26
101	100	96	26
101	102	98	26
101	105	97	26
101	106	93	26
101	107	87	26
101	108	100	26
101	109	100	26
101	116	94	26
101	121	91	26
101	122	99	26
101	127	99	26
101	133	97	26
101	148	10	26
102	100	93	26
102	101	96	26
102	103	100	26
102	105	100	26
102	107	100	26
102	108	94	26
102	109	100	26
102	112	95	26
102	113	100	26
102	115	0	26
102	116	91	26
102	118	94	26
102	122	100	26
102	125	23	26
102	126	85	26
102	127	94	26
102	133	100	26
102	138	97	26
102	139	92	26
102	144	96	26
102	146	65	26
102	148	100	26
103	102	98	26
103	104	94	26
103	106	92	26
103	107	84	26
103	108	92	26
103	111	93	26
103	113	90	26
103	116	98	26
103	117	12	26
103	118	100	26
103	121	95	26
103	123	100	26
103	124	98	26
103	125	100	26
103	126	99	26
103	130	90	26
103	131	100	26
103	133	93	26
103	138	100	26
103	146	54	26
103	148	99	26
104	103	89	26
104	106	85	26
104	108	15	26
104	111	94	26
104	112	82	26
104	118	87	26
104	121	95	26
104	123	95	26
104	124	95	26
104	126	96	26
104	138	100	26
105	100	96	26
105	101	97	26
105	102	96	26
105	108	98	26
105	109	100	26
105	113	96	26
105	116	21	26
105	118	98	26
105	122	99	26
105	127	95	26
105	130	100	26
105	133	73	26
105	138	13	26
105	139	95	26
105	141	92	26
105	143	98	26
105	144	100	26
105	146	92	26
106	100	4	26
106	101	7	26
106	103	95	26
106	104	100	26
106	108	52	26
106	109	3	26
106	111	99	26
106	116	6	26
106	118	97	26
106	121	95	26
106	122	12	26
106	123	95	26
106	124	100	26
106	125	78	26
106	126	94	26
106	133	100	26
106	138	94	26
107	100	96	26
107	101	95	26
107	102	93	26
107	103	96	26
107	108	95	26
107	109	81	26
107	116	90	26
107	118	100	26
107	121	93	26
107	122	91	26
107	124	98	26
107	125	2	26
107	127	88	26
107	144	89	26
108	100	97	26
108	101	100	26
108	102	94	26
108	103	99	26
108	104	62	26
108	105	92	26
108	106	91	26
108	107	97	26
108	109	100	26
108	111	18	26
108	113	7	26
108	116	98	26
108	117	66	26
108	118	95	26
108	121	97	26
108	122	99	26
108	123	97	26
108	125	88	26
108	127	96	26
108	130	1	26
108	133	100	26
108	138	97	26
108	139	91	26
108	144	94	26
108	148	94	26
109	100	99	26
109	101	90	26
109	102	95	26
109	105	100	26
109	106	71	26
109	107	94	26
109	108	100	26
109	112	100	26
109	116	100	26
109	117	99	26
109	122	95	26
109	125	96	26
109	126	99	26
109	127	100	26
109	130	100	26
109	131	43	26
109	133	92	26
109	138	95	26
109	139	33	26
109	143	69	26
109	144	96	26
109	147	5	26
109	148	96	26
110	112	95	26
110	113	100	26
110	114	100	26
110	115	100	26
110	119	100	26
110	125	96	26
110	128	98	26
110	130	97	26
110	131	100	26
110	135	99	26
110	136	8	26
110	137	98	26
110	139	15	26
110	146	100	26
110	149	100	26
111	103	97	26
111	104	99	26
111	106	100	26
111	113	98	26
111	116	80	26
111	117	90	26
111	118	90	26
111	121	97	26
111	123	88	26
111	124	91	26
111	125	59	26
111	126	100	26
111	133	97	26
111	138	94	26
111	148	87	26
112	102	95	26
112	104	46	26
112	109	89	26
112	110	96	26
112	113	99	26
112	115	90	26
112	116	93	26
112	117	92	26
112	119	95	26
112	125	96	26
112	128	99	26
112	130	100	26
112	131	95	26
112	133	95	26
112	138	100	26
112	139	7	26
112	144	7	26
112	146	62	26
112	148	100	26
112	149	97	26
113	102	100	26
113	103	100	26
113	105	18	26
113	110	100	26
113	111	86	26
113	112	100	26
113	115	100	26
113	116	98	26
113	117	94	26
113	118	99	26
113	119	93	26
113	121	87	26
113	122	94	26
113	125	95	26
113	130	100	26
113	131	95	26
113	133	93	26
113	138	100	26
113	139	98	26
113	143	16	26
113	144	100	26
113	146	97	26
113	148	94	26
113	149	100	26
114	110	95	26
114	115	13	26
114	117	38	26
114	119	97	26
114	120	99	26
114	125	54	26
114	128	100	26
114	129	30	26
114	130	42	26
114	135	97	26
114	136	100	26
114	137	100	26
114	146	16	26
115	110	100	26
115	112	29	26
115	113	100	26
115	114	6	26
115	117	95	26
115	119	96	26
115	125	100	26
115	128	0	26
115	130	94	26
115	131	98	26
115	138	93	26
115	141	5	26
115	146	88	26
115	149	100	26
116	101	98	26
116	102	98	26
116	103	94	26
116	104	0	26
116	107	84	26
116	108	97	26
116	109	94	26
116	111	93	26
116	112	93	26
116	113	100	26
116	115	0	26
116	117	100	26
116	118	99	26
116	122	93	26
116	123	77	26
116	125	100	26
116	126	94	26
116	127	87	26
116	130	100	26
116	133	78	26
116	138	100	26
116	139	96	26
116	144	98	26
116	146	93	26
116	148	96	26
116	149	25	26
117	108	54	26
117	109	93	26
117	110	7	26
117	111	94	26
117	112	100	26
117	113	100	26
117	115	100	26
117	116	97	26
117	118	6	26
117	119	97	26
117	120	9	26
117	125	96	26
117	126	91	26
117	130	100	26
117	131	98	26
117	133	93	26
117	135	72	26
117	137	98	26
117	138	100	26
117	139	36	26
117	144	92	26
117	146	91	26
117	148	96	26
117	149	96	26
118	100	93	26
118	102	100	26
118	103	100	26
118	104	96	26
118	105	1	26
118	106	98	26
118	107	90	26
118	108	95	26
118	111	94	26
118	112	3	26
118	113	100	26
118	116	100	26
118	117	18	26
118	121	95	26
118	122	100	26
118	123	100	26
118	124	86	26
118	125	96	26
118	126	89	26
118	127	7	26
118	130	96	26
118	131	6	26
118	133	93	26
118	138	95	26
118	144	100	26
118	146	100	26
119	110	98	26
119	112	92	26
119	113	97	26
119	114	94	26
119	115	99	26
119	117	96	26
119	120	96	26
119	128	91	26
119	129	100	26
119	130	40	26
119	131	93	26
119	135	99	26
119	136	94	26
119	137	100	26
119	139	7	26
119	144	28	26
119	146	100	26
119	148	98	26
119	149	100	26
120	114	100	26
120	119	81	26
120	128	100	26
120	129	90	26
120	135	96	26
120	136	92	26
120	142	97	26
121	101	100	26
121	103	95	26
121	104	94	26
121	106	100	26
121	107	96	26
121	108	90	26
121	111	97	26
121	113	87	26
121	118	93	26
121	123	90	26
121	124	100	26
121	125	16	26
121	126	98	26
121	133	90	26
121	138	100	26
121	148	8	26
122	100	100	26
122	101	100	26
122	102	93	26
122	105	97	26
122	106	93	26
122	107	100	26
122	108	100	26
122	109	100	26
122	113	95	26
122	116	100	26
122	117	92	26
122	118	100	26
122	121	1	26
122	123	88	26
122	124	100	26
122	125	93	26
122	127	89	26
122	130	3	26
122	133	96	26
122	139	48	26
122	143	98	26
122	144	92	26
122	148	96	26
123	103	100	26
123	104	97	26
123	106	91	26
123	108	92	26
123	111	100	26
123	112	5	26
123	116	57	26
123	118	94	26
123	121	96	26
123	122	0	26
123	124	100	26
123	126	99	26
123	130	42	26
123	133	32	26
123	138	98	26
123	148	55	26
124	103	100	26
124	104	99	26
124	106	96	26
124	107	97	26
124	111	98	26
124	118	95	26
124	121	98	26
124	123	100	26
124	126	72	26
124	138	26	26
125	102	57	26
125	103	99	26
125	106	25	26
125	108	83	26
125	109	96	26
125	110	95	26
125	111	47	26
125	112	97	26
125	113	100	26
125	114	4	26
125	115	96	26
125	116	97	26
125	117	96	26
125	118	94	26
125	121	10	26
125	122	69	26
125	126	96	26
125	127	7	26
125	130	94	26
125	131	100	26
125	133	96	26
125	138	97	26
125	139	5	26
125	144	11	26
125	148	95	26
125	149	100	26
126	102	90	26
126	103	97	26
126	104	98	26
126	106	95	26
126	109	62	26
126	110	0	26
126	111	100	26
126	113	89	26
126	116	93	26
126	117	97	26
126	118	100	26
126	121	99	26
126	123	93	26
126	124	97	26
126	125	100	26
126	133	9	26
126	138	96	26
126	144	89	26
126	146	93	26
126	148	99	26
127	100	89	26
127	101	98	26
127	102	95	26
127	105	98	26
127	107	100	26
127	108	96	26
127	109	100	26
127	113	90	26
127	116	90	26
127	118	96	26
127	122	100	26
127	125	80	26
127	133	60	26
127	143	19	26
127	144	97	26
127	146	94	26
127	148	98	26
128	110	54	26
128	112	93	26
128	114	98	26
128	115	2	26
128	119	100	26
128	120	100	26
128	129	100	26
128	135	98	26
128	136	0	26
128	142	97	26
128	149	99	26
129	114	64	26
129	119	96	26
129	120	93	26
129	128	100	26
129	131	95	26
129	135	0	26
129	136	98	26
129	140	78	26
129	142	93	26
129	147	98	26
130	103	98	26
130	105	60	26
130	109	91	26
130	110	93	26
130	112	100	26
130	113	100	26
130	114	13	26
130	115	95	26
130	116	89	26
130	117	94	26
130	118	92	26
130	119	29	26
130	123	28	26
130	125	96	26
130	131	96	26
130	138	100	26
130	139	95	26
130	141	38	26
130	143	87	26
130	144	99	26
130	146	100	26
130	148	100	26
130	149	72	26
131	103	97	26
131	110	100	26
131	112	90	26
131	113	94	26
131	115	99	26
131	117	97	26
131	119	100	26
131	125	99	26
131	128	4	26
131	129	31	26
131	130	100	26
131	138	31	26
131	139	97	26
131	140	99	26
131	141	96	26
131	142	97	26
131	143	88	26
131	144	84	26
131	146	96	26
131	147	15	26
131	148	96	26
131	149	100	26
132	110	85	26
132	112	5	26
132	114	96	26
132	115	95	26
132	119	95	26
132	120	100	26
132	129	94	26
132	135	97	26
132	136	99	26
132	137	93	26
133	100	19	26
133	101	100	26
133	102	99	26
133	103	88	26
133	106	96	26
133	108	90	26
133	109	68	26
133	111	100	26
133	112	94	26
133	113	92	26
133	116	64	26
133	117	95	26
133	118	93	26
133	121	100	26
133	122	99	26
133	123	65	26
133	125	98	26
133	127	5	26
133	138	100	26
133	144	100	26
133	146	99	26
133	148	97	26
135	110	100	26
135	114	99	26
135	117	100	26
135	119	99	26
135	120	93	26
135	128	98	26
135	136	97	26
135	137	97	26
135	149	93	26
136	114	90	26
136	119	99	26
136	120	94	26
136	128	86	26
136	129	100	26
136	135	94	26
136	137	0	26
136	142	1	26
137	110	100	26
137	112	2	26
137	114	100	26
137	115	82	26
137	117	92	26
137	119	99	26
137	135	100	26
137	136	4	26
138	102	61	26
138	103	95	26
138	104	95	26
138	106	91	26
138	108	95	26
138	109	96	26
138	111	97	26
138	112	100	26
138	113	89	26
138	115	95	26
138	116	98	26
138	117	91	26
138	118	92	26
138	121	93	26
138	123	94	26
138	124	6	26
138	125	99	26
138	126	99	26
138	130	96	26
138	131	24	26
138	133	89	26
138	146	85	26
138	148	96	26
139	102	55	26
139	105	94	26
139	108	54	26
139	112	8	26
139	113	94	26
139	116	85	26
139	117	27	26
139	130	91	26
139	131	100	26
139	140	90	26
139	141	100	26
139	142	100	26
139	143	98	26
139	144	100	26
139	147	100	26
139	148	94	26
139	149	86	26
140	129	0	26
140	131	94	26
140	139	90	26
140	141	95	26
140	143	100	26
140	147	100	26
141	105	41	26
141	112	5	26
141	115	81	26
141	120	3	26
141	125	4	26
141	130	45	26
141	131	98	26
141	139	99	26
141	140	96	26
141	142	99	26
141	143	100	26
141	146	99	26
141	147	89	26
141	148	100	26
141	149	100	26
142	120	98	26
142	128	100	26
142	129	98	26
142	131	92	26
142	136	88	26
142	139	89	26
142	140	5	26
142	141	100	26
142	143	97	26
142	147	92	26
143	105	95	26
143	113	82	26
143	130	74	26
143	131	100	26
143	139	100	26
143	140	100	26
143	141	100	26
143	142	99	26
143	144	83	26
143	146	100	26
143	147	95	26
144	102	99	26
144	105	92	26
144	107	96	26
144	108	98	26
144	109	100	26
144	111	10	26
144	112	76	26
144	113	100	26
144	116	98	26
144	117	97	26
144	118	94	26
144	119	83	26
144	122	100	26
144	125	64	26
144	126	75	26
144	127	97	26
144	130	100	26
144	131	98	26
144	133	100	26
144	139	95	26
144	143	77	26
144	146	100	26
144	148	99	26
146	102	96	26
146	103	91	26
146	105	100	26
146	110	95	26
146	112	97	26
146	113	97	26
146	114	85	26
146	115	100	26
146	116	100	26
146	117	97	26
146	118	88	26
146	119	100	26
146	126	90	26
146	127	93	26
146	128	100	26
146	130	98	26
146	131	91	26
146	133	97	26
146	138	90	26
146	141	98	26
146	143	95	26
146	144	94	26
146	148	98	26
146	149	97	26
147	129	99	26
147	131	79	26
147	139	100	26
147	140	100	26
147	141	90	26
147	142	100	26
147	143	99	26
148	102	96	26
148	103	79	26
148	108	98	26
148	109	96	26
148	111	82	26
148	112	100	26
148	113	97	26
148	116	89	26
148	117	93	26
148	119	97	26
148	122	74	26
148	125	98	26
148	126	89	26
148	127	91	26
148	130	95	26
148	131	99	26
148	133	97	26
148	138	99	26
148	139	96	26
148	141	89	26
148	144	100	26
148	146	89	26
148	149	98	26
149	110	99	26
149	112	93	26
149	113	94	26
149	115	96	26
149	116	7	26
149	117	98	26
149	119	100	26
149	125	100	26
149	128	98	26
149	130	95	26
149	131	97	26
149	135	98	26
149	139	93	26
149	141	96	26
149	146	100	26
149	148	97	26
100	101	60	25
100	102	98	25
100	105	53	25
100	107	96	25
100	108	96	25
100	109	100	25
100	116	74	25
100	118	98	25
100	121	92	25
100	122	97	25
100	127	99	25
100	133	2	25
100	144	16	25
101	100	39	25
101	102	98	25
101	103	67	25
101	105	91	25
101	106	100	25
101	107	100	25
101	108	100	25
101	109	100	25
101	116	100	25
101	118	96	25
101	121	89	25
101	122	99	25
101	123	4	25
101	124	20	25
101	127	96	25
101	133	100	25
101	144	22	25
102	100	98	25
102	101	100	25
102	103	98	25
102	105	100	25
102	107	100	25
102	108	96	25
102	109	100	25
102	112	52	25
102	113	81	25
102	116	99	25
102	118	99	25
102	122	99	25
102	124	100	25
102	125	92	25
102	126	76	25
102	127	99	25
102	133	100	25
102	138	100	25
102	139	98	25
102	144	95	25
102	146	98	25
102	148	69	25
103	101	100	25
103	102	96	25
103	104	100	25
103	106	95	25
103	108	97	25
103	109	98	25
103	111	97	25
103	113	96	25
103	116	93	25
103	118	100	25
103	121	100	25
103	123	99	25
103	124	100	25
103	125	37	25
103	126	100	25
103	130	96	25
103	131	4	25
103	133	95	25
103	138	96	25
103	139	93	25
103	144	28	25
103	146	85	25
104	103	92	25
104	106	99	25
104	108	9	25
104	111	100	25
104	118	61	25
104	121	100	25
104	123	100	25
104	124	100	25
104	125	67	25
104	126	100	25
104	138	94	25
105	100	100	25
105	101	93	25
105	102	96	25
105	103	57	25
105	107	100	25
105	108	97	25
105	109	100	25
105	113	96	25
105	116	85	25
105	117	7	25
105	122	100	25
105	125	99	25
105	127	97	25
105	130	96	25
105	133	100	25
105	138	92	25
105	139	96	25
105	143	98	25
105	144	100	25
105	146	99	25
105	148	6	25
106	101	100	25
106	103	94	25
106	104	97	25
106	107	6	25
106	111	93	25
106	116	16	25
106	118	100	25
106	121	100	25
106	123	99	25
106	124	93	25
106	125	100	25
106	126	9	25
106	130	38	25
106	133	99	25
106	138	92	25
107	100	97	25
107	101	100	25
107	102	96	25
107	105	100	25
107	108	96	25
107	109	96	25
107	116	98	25
107	118	95	25
107	121	96	25
107	122	100	25
107	124	100	25
107	127	95	25
107	133	96	25
107	144	92	25
107	146	83	25
108	100	100	25
108	101	97	25
108	102	99	25
108	103	97	25
108	105	96	25
108	107	100	25
108	109	96	25
108	113	96	25
108	116	100	25
108	118	100	25
108	121	91	25
108	122	100	25
108	123	81	25
108	124	100	25
108	125	93	25
108	127	19	25
108	130	92	25
108	133	94	25
108	138	94	25
108	139	65	25
108	144	92	25
108	148	93	25
109	100	99	25
109	101	93	25
109	102	99	25
109	103	100	25
109	105	94	25
109	107	100	25
109	108	96	25
109	113	93	25
109	116	96	25
109	117	99	25
109	118	99	25
109	122	97	25
109	124	3	25
109	125	95	25
109	127	89	25
109	130	94	25
109	131	0	25
109	133	100	25
109	138	95	25
109	139	100	25
109	141	5	25
109	143	100	25
109	144	98	25
109	146	100	25
109	148	100	25
110	112	98	25
110	113	100	25
110	114	94	25
110	115	97	25
110	117	98	25
110	119	100	25
110	128	93	25
110	130	97	25
110	131	96	25
110	135	100	25
110	137	95	25
110	138	83	25
110	139	70	25
110	143	25	25
110	146	98	25
110	149	100	25
111	103	98	25
111	104	100	25
111	108	8	25
111	113	95	25
111	116	97	25
111	118	100	25
111	125	98	25
111	126	100	25
111	130	8	25
111	133	99	25
111	138	98	25
111	148	94	25
112	102	94	25
112	110	99	25
112	113	95	25
112	115	98	25
112	116	100	25
112	117	100	25
112	119	90	25
112	125	98	25
112	126	0	25
112	128	90	25
112	131	100	25
112	137	96	25
112	138	100	25
112	141	96	25
112	146	91	25
112	148	96	25
112	149	98	25
113	102	96	25
113	103	100	25
113	108	100	25
113	109	0	25
113	110	99	25
113	111	95	25
113	112	96	25
113	115	100	25
113	116	96	25
113	117	100	25
113	118	61	25
113	119	91	25
113	121	0	25
113	125	97	25
113	127	100	25
113	130	98	25
113	131	95	25
113	133	2	25
113	137	80	25
113	138	14	25
113	139	100	25
113	144	98	25
113	146	97	25
113	148	90	25
113	149	100	25
114	110	100	25
114	115	76	25
114	119	100	25
114	120	100	25
114	128	100	25
114	129	19	25
114	130	63	25
114	131	56	25
114	135	98	25
114	136	100	25
114	137	96	25
114	148	1	25
115	110	100	25
115	112	100	25
115	113	100	25
115	114	98	25
115	117	100	25
115	119	100	25
115	125	100	25
115	130	97	25
115	131	97	25
115	146	2	25
115	149	95	25
116	100	83	25
116	101	92	25
116	102	95	25
116	103	98	25
116	105	52	25
116	106	77	25
116	107	92	25
116	108	97	25
116	109	99	25
116	111	100	25
116	112	96	25
116	113	92	25
116	117	96	25
116	118	96	25
116	121	93	25
116	122	99	25
116	123	0	25
116	125	100	25
116	126	77	25
116	127	17	25
116	130	100	25
116	131	95	25
116	133	97	25
116	138	100	25
116	139	4	25
116	144	4	25
116	146	100	25
116	148	99	25
117	109	98	25
117	110	100	25
117	111	0	25
117	112	95	25
117	113	97	25
117	114	90	25
117	115	100	25
117	116	93	25
117	119	100	25
117	125	100	25
117	126	97	25
117	130	72	25
117	131	92	25
117	133	100	25
117	135	94	25
117	137	96	25
117	138	100	25
117	146	99	25
117	148	95	25
117	149	100	25
118	100	97	25
118	101	100	25
118	102	94	25
118	103	99	25
118	104	33	25
118	106	4	25
118	107	97	25
118	108	99	25
118	109	99	25
118	111	90	25
118	113	99	25
118	116	99	25
118	121	89	25
118	122	98	25
118	123	16	25
118	124	100	25
118	125	98	25
118	126	89	25
118	127	93	25
118	130	100	25
118	133	99	25
118	138	97	25
118	146	86	25
118	148	98	25
119	110	100	25
119	112	96	25
119	113	95	25
119	114	98	25
119	115	100	25
119	117	100	25
119	120	97	25
119	125	95	25
119	128	98	25
119	129	100	25
119	130	98	25
119	131	6	25
119	135	99	25
119	136	100	25
119	137	100	25
119	146	100	25
119	148	95	25
119	149	97	25
120	114	100	25
120	119	97	25
120	128	92	25
120	129	93	25
120	131	34	25
120	136	98	25
120	142	87	25
121	100	91	25
121	101	98	25
121	102	3	25
121	103	98	25
121	104	100	25
121	106	100	25
121	107	100	25
121	108	100	25
121	111	37	25
121	113	100	25
121	116	86	25
121	118	100	25
121	122	100	25
121	123	100	25
121	124	93	25
121	125	0	25
121	126	98	25
121	133	98	25
121	138	95	25
121	148	0	25
122	100	100	25
122	101	94	25
122	102	100	25
122	103	86	25
122	105	97	25
122	106	1	25
122	107	100	25
122	108	95	25
122	109	100	25
122	111	100	25
122	113	48	25
122	116	98	25
122	118	100	25
122	121	98	25
122	123	20	25
122	124	46	25
122	125	100	25
122	126	13	25
122	127	95	25
122	130	99	25
122	133	98	25
122	144	100	25
122	148	96	25
123	101	11	25
123	103	98	25
123	104	95	25
123	106	100	25
123	108	93	25
123	118	82	25
123	121	96	25
123	124	100	25
123	126	92	25
123	130	91	25
123	133	92	25
123	138	100	25
123	148	89	25
124	101	71	25
124	102	100	25
124	103	94	25
124	104	97	25
124	106	100	25
124	107	93	25
124	108	99	25
124	111	13	25
124	118	100	25
124	121	97	25
124	123	95	25
125	102	100	25
125	103	95	25
125	104	42	25
125	105	26	25
125	106	100	25
125	108	98	25
125	109	38	25
125	111	97	25
125	112	93	25
125	113	99	25
125	115	96	25
125	116	95	25
125	117	100	25
125	118	94	25
125	119	100	25
125	122	91	25
125	126	93	25
125	130	98	25
125	131	98	25
125	133	98	25
125	138	96	25
125	144	100	25
125	146	99	25
125	148	100	25
126	102	66	25
126	103	95	25
126	104	100	25
126	111	100	25
126	117	100	25
126	118	86	25
126	121	100	25
126	123	91	25
126	125	96	25
126	130	100	25
126	138	97	25
126	144	100	25
126	146	100	25
127	100	91	25
127	101	94	25
127	102	96	25
127	105	94	25
127	107	94	25
127	108	93	25
127	109	96	25
127	113	100	25
127	116	19	25
127	122	90	25
127	125	0	25
127	130	4	25
127	133	97	25
127	138	5	25
127	143	86	25
127	144	99	25
127	146	100	25
127	148	95	25
128	110	100	25
128	114	99	25
128	119	91	25
128	120	95	25
128	129	99	25
128	135	100	25
128	142	96	25
128	149	99	25
129	114	62	25
129	119	100	25
129	120	100	25
129	128	100	25
129	131	71	25
129	136	100	25
129	140	99	25
129	142	100	25
129	143	69	25
129	147	100	25
130	103	100	25
130	105	70	25
130	106	2	25
130	108	100	25
130	109	91	25
130	110	100	25
130	113	100	25
130	114	45	25
130	115	89	25
130	116	97	25
130	118	97	25
130	119	100	25
130	122	13	25
130	123	100	25
130	125	96	25
130	126	100	25
130	131	97	25
130	133	99	25
130	138	100	25
130	139	95	25
130	141	6	25
130	143	98	25
130	144	98	25
130	146	100	25
130	148	92	25
130	149	51	25
131	103	7	25
131	110	99	25
131	112	100	25
131	113	98	25
131	114	83	25
131	115	100	25
131	116	4	25
131	117	93	25
131	120	19	25
131	125	100	25
131	129	44	25
131	130	90	25
131	138	21	25
131	139	94	25
131	141	97	25
131	142	100	25
131	143	99	25
131	144	98	25
131	147	16	25
131	148	100	25
131	149	97	25
132	114	97	25
132	115	92	25
132	119	100	25
132	120	93	25
132	128	36	25
132	129	97	25
132	135	100	25
132	136	100	25
132	137	68	25
133	101	95	25
133	102	94	25
133	103	100	25
133	105	97	25
133	106	92	25
133	107	98	25
133	108	99	25
133	109	95	25
133	111	100	25
133	113	67	25
133	116	100	25
133	117	96	25
133	118	100	25
133	121	100	25
133	122	100	25
133	123	4	25
133	125	97	25
133	127	100	25
133	130	100	25
133	138	100	25
133	144	96	25
133	146	97	25
133	148	99	25
134	102	100	25
134	110	98	25
134	112	100	25
134	113	99	25
134	114	100	25
134	115	100	25
134	116	36	25
134	117	100	25
134	119	100	25
134	120	21	25
134	125	99	25
134	128	100	25
134	130	96	25
134	131	98	25
134	133	88	25
134	137	97	25
134	138	92	25
134	139	50	25
134	141	6	25
134	143	96	25
134	144	95	25
134	146	99	25
134	148	100	25
134	149	70	25
135	110	96	25
135	114	99	25
135	117	96	25
135	119	96	25
135	128	100	25
135	136	100	25
135	137	94	25
135	149	97	25
136	114	97	25
136	119	96	25
136	120	100	25
136	128	18	25
136	129	98	25
136	135	99	25
136	137	31	25
136	142	98	25
137	110	100	25
137	112	94	25
137	113	91	25
137	114	98	25
137	115	32	25
137	117	100	25
137	119	97	25
137	128	13	25
137	135	100	25
137	136	71	25
138	102	94	25
138	103	91	25
138	104	92	25
138	105	5	25
138	106	100	25
138	108	100	25
138	109	7	25
138	110	16	25
138	111	100	25
138	112	93	25
138	116	96	25
138	117	96	25
138	118	94	25
138	121	100	25
138	123	100	25
138	125	95	25
138	126	97	25
138	130	99	25
138	131	0	25
138	133	78	25
138	144	9	25
138	146	99	25
138	148	96	25
138	149	28	25
139	102	100	25
139	103	94	25
139	105	100	25
139	108	85	25
139	109	100	25
139	110	81	25
139	113	100	25
139	128	0	25
139	130	95	25
139	131	99	25
139	140	100	25
139	141	99	25
139	143	96	25
139	144	100	25
139	146	94	25
139	147	98	25
139	149	66	25
140	129	99	25
140	139	96	25
140	141	100	25
140	142	100	25
140	143	99	25
140	147	100	25
141	112	96	25
141	128	3	25
141	130	91	25
141	131	90	25
141	139	100	25
141	140	98	25
141	142	100	25
141	143	100	25
141	144	97	25
141	147	10	25
141	148	93	25
141	149	100	25
142	120	96	25
142	128	100	25
142	129	95	25
142	131	96	25
142	136	99	25
142	139	19	25
142	140	95	25
142	141	98	25
142	143	97	25
142	146	18	25
142	147	98	25
143	105	99	25
143	109	96	25
143	110	26	25
143	129	29	25
143	130	99	25
143	131	100	25
143	139	98	25
143	140	100	25
143	141	96	25
143	142	93	25
143	144	96	25
143	147	98	25
143	148	100	25
144	100	2	25
144	101	98	25
144	102	96	25
144	103	96	25
144	105	96	25
144	107	100	25
144	108	96	25
144	109	99	25
144	113	92	25
144	116	3	25
144	122	96	25
144	125	100	25
144	126	99	25
144	127	97	25
144	130	99	25
144	131	100	25
144	133	100	25
144	138	98	25
144	139	98	25
144	141	94	25
144	143	99	25
144	146	100	25
144	148	93	25
144	149	21	25
146	102	93	25
146	103	100	25
146	105	95	25
146	107	100	25
146	108	2	25
146	109	100	25
146	110	95	25
146	112	90	25
146	113	97	25
146	116	97	25
146	117	94	25
146	118	100	25
146	119	96	25
146	125	97	25
146	126	100	25
146	127	97	25
146	128	61	25
146	130	95	25
146	133	98	25
146	138	100	25
146	139	100	25
146	142	40	25
146	144	95	25
146	148	95	25
146	149	100	25
147	129	99	25
147	131	41	25
147	139	98	25
147	140	99	25
147	142	100	25
147	143	99	25
148	102	94	25
148	108	98	25
148	109	100	25
148	110	11	25
148	111	97	25
148	112	96	25
148	113	100	25
148	114	71	25
148	116	94	25
148	117	100	25
148	118	94	25
148	119	99	25
148	123	98	25
148	125	97	25
148	126	57	25
148	127	100	25
148	130	99	25
148	131	95	25
148	133	95	25
148	138	98	25
148	141	92	25
148	143	96	25
148	144	96	25
148	146	100	25
148	149	95	25
149	108	0	25
149	110	96	25
149	112	95	25
149	113	100	25
149	115	93	25
149	117	97	25
149	119	100	25
149	128	88	25
149	130	96	25
149	131	96	25
149	135	97	25
149	138	95	25
149	139	97	25
149	141	96	25
149	143	7	25
149	144	27	25
149	146	93	25
149	148	96	25
100	101	71	24
100	102	95	24
100	105	89	24
100	107	100	24
100	108	93	24
100	109	38	24
100	116	2	24
100	118	100	24
100	122	71	24
100	127	100	24
100	133	83	24
100	144	26	24
101	102	98	24
101	103	99	24
101	105	100	24
101	107	100	24
101	108	100	24
101	109	100	24
101	116	100	24
101	118	98	24
101	121	91	24
101	122	92	24
101	123	75	24
101	124	51	24
101	127	96	24
101	133	98	24
102	100	93	24
102	101	94	24
102	103	91	24
102	107	98	24
102	108	98	24
102	109	91	24
102	112	56	24
102	113	97	24
102	116	99	24
102	117	89	24
102	118	99	24
102	122	100	24
102	123	9	24
102	124	100	24
102	125	92	24
102	126	91	24
102	127	98	24
102	130	5	24
102	133	100	24
102	138	100	24
102	139	5	24
102	144	97	24
102	146	100	24
102	148	97	24
103	101	62	24
103	102	97	24
103	104	100	24
103	106	100	24
103	107	100	24
103	108	100	24
103	111	96	24
103	113	97	24
103	116	100	24
103	118	96	24
103	121	100	24
103	122	70	24
103	123	100	24
103	124	9	24
103	125	99	24
103	126	100	24
103	130	100	24
103	131	92	24
103	133	100	24
103	138	97	24
103	139	97	24
103	144	95	24
103	146	2	24
103	148	100	24
104	103	95	24
104	106	85	24
104	111	97	24
104	113	97	24
104	116	100	24
104	117	50	24
104	118	81	24
104	121	95	24
104	123	100	24
104	124	100	24
104	125	44	24
104	126	97	24
104	133	10	24
104	138	94	24
104	148	39	24
105	100	94	24
105	101	92	24
105	103	26	24
105	108	100	24
105	109	100	24
105	112	34	24
105	116	100	24
105	117	62	24
105	118	8	24
105	122	98	24
105	125	100	24
105	126	6	24
105	127	91	24
105	130	93	24
105	133	98	24
105	138	94	24
105	139	97	24
105	141	94	24
105	143	89	24
105	144	99	24
105	146	96	24
105	148	100	24
105	149	1	24
106	101	22	24
106	102	15	24
106	103	100	24
106	104	65	24
106	107	8	24
106	108	2	24
106	111	97	24
106	113	69	24
106	116	41	24
106	117	73	24
106	118	28	24
106	121	93	24
106	123	100	24
106	124	97	24
106	125	68	24
106	126	95	24
106	130	46	24
106	133	95	24
106	138	96	24
107	100	93	24
107	101	92	24
107	102	97	24
107	103	96	24
107	108	100	24
107	109	99	24
107	116	100	24
107	118	96	24
107	121	96	24
107	122	100	24
107	123	32	24
107	124	93	24
107	127	95	24
107	133	100	24
107	144	100	24
107	146	24	24
107	148	61	24
108	100	69	24
108	101	90	24
108	102	100	24
108	103	94	24
108	105	68	24
108	106	10	24
108	107	96	24
108	109	88	24
108	113	2	24
108	116	100	24
108	117	32	24
108	118	100	24
108	121	93	24
108	122	90	24
108	123	11	24
108	124	99	24
108	125	94	24
108	126	95	24
108	127	11	24
108	130	97	24
108	133	89	24
108	144	90	24
108	146	76	24
108	148	97	24
109	100	93	24
109	101	92	24
109	102	100	24
109	103	49	24
109	105	100	24
109	107	100	24
109	108	91	24
109	111	3	24
109	112	100	24
109	113	100	24
109	115	8	24
109	116	99	24
109	117	91	24
109	118	100	24
109	119	32	24
109	122	97	24
109	124	24	24
109	125	100	24
109	127	100	24
109	130	100	24
109	131	48	24
109	133	91	24
109	138	96	24
109	139	100	24
109	140	7	24
109	143	95	24
109	144	96	24
109	146	97	24
109	148	100	24
109	149	91	24
110	112	96	24
110	113	100	24
110	114	100	24
110	115	96	24
110	117	100	24
110	119	90	24
110	120	100	24
110	125	97	24
110	128	59	24
110	130	97	24
110	131	100	24
110	135	98	24
110	137	94	24
110	139	51	24
110	146	90	24
110	148	97	24
110	149	100	24
111	102	3	24
111	103	100	24
111	104	97	24
111	106	92	24
111	108	2	24
111	112	75	24
111	117	92	24
111	118	56	24
111	121	96	24
111	123	96	24
111	124	43	24
111	125	98	24
111	126	97	24
111	130	96	24
111	133	100	24
111	138	100	24
111	144	3	24
111	146	31	24
111	148	100	24
112	102	49	24
112	109	49	24
112	110	100	24
112	111	53	24
112	113	99	24
112	115	97	24
112	116	86	24
112	117	95	24
112	118	64	24
112	119	97	24
112	125	100	24
112	130	97	24
112	131	99	24
112	135	66	24
112	137	93	24
112	138	98	24
112	139	100	24
112	141	82	24
112	146	100	24
112	148	100	24
112	149	100	24
113	102	87	24
113	103	91	24
113	104	97	24
113	106	0	24
113	108	13	24
113	109	95	24
113	110	89	24
113	112	96	24
113	115	100	24
113	116	94	24
113	117	100	24
113	118	100	24
113	119	96	24
113	121	6	24
113	125	98	24
113	127	98	24
113	130	96	24
113	131	99	24
113	133	87	24
113	135	58	24
113	137	82	24
113	138	100	24
113	139	100	24
113	143	81	24
113	144	95	24
113	146	98	24
113	148	95	24
113	149	100	24
114	110	100	24
114	112	17	24
114	115	96	24
114	117	91	24
114	119	100	24
114	120	94	24
114	125	3	24
114	128	100	24
114	129	99	24
114	130	73	24
114	131	8	24
114	135	100	24
114	136	100	24
114	137	95	24
114	148	88	24
114	149	98	24
115	110	100	24
115	112	96	24
115	113	98	24
115	114	94	24
115	116	27	24
115	117	100	24
115	119	100	24
115	125	99	24
115	130	100	24
115	131	18	24
115	135	49	24
115	137	95	24
115	139	97	24
115	146	92	24
115	148	33	24
115	149	96	24
116	100	12	24
116	101	97	24
116	102	100	24
116	103	94	24
116	104	100	24
116	105	58	24
116	106	54	24
116	107	97	24
116	108	98	24
116	109	93	24
116	112	98	24
116	113	97	24
116	115	48	24
116	117	100	24
116	118	93	24
116	121	26	24
116	122	97	24
116	123	81	24
116	124	66	24
116	125	94	24
116	126	100	24
116	127	94	24
116	130	93	24
116	131	100	24
116	133	93	24
116	138	100	24
116	144	63	24
116	146	95	24
116	148	100	24
116	149	96	24
117	102	79	24
117	104	22	24
117	106	18	24
117	108	15	24
117	109	99	24
117	110	100	24
117	111	80	24
117	112	95	24
117	113	99	24
117	114	98	24
117	115	93	24
117	116	92	24
117	119	100	24
117	125	95	24
117	126	100	24
117	128	2	24
117	130	92	24
117	131	97	24
117	133	100	24
117	135	95	24
117	137	99	24
117	138	100	24
117	144	100	24
117	146	96	24
117	148	100	24
117	149	95	24
118	100	100	24
118	101	93	24
118	102	97	24
118	103	98	24
118	104	93	24
118	106	86	24
118	107	96	24
118	108	100	24
118	109	96	24
118	111	35	24
118	112	69	24
118	113	99	24
118	116	99	24
118	121	99	24
118	122	75	24
118	123	99	24
118	124	85	24
118	125	96	24
118	126	0	24
118	130	99	24
118	131	23	24
118	133	94	24
118	138	86	24
118	144	64	24
118	146	0	24
118	148	97	24
119	110	100	24
119	112	100	24
119	113	99	24
119	114	96	24
119	115	96	24
119	117	95	24
119	120	100	24
119	125	96	24
119	128	100	24
119	129	100	24
119	130	96	24
119	131	96	24
119	135	100	24
119	139	14	24
119	144	0	24
119	146	100	24
119	148	100	24
119	149	100	24
120	110	96	24
120	114	97	24
120	119	94	24
120	128	100	24
120	129	93	24
120	135	95	24
120	136	97	24
120	137	98	24
121	101	97	24
121	103	98	24
121	104	100	24
121	106	99	24
121	107	93	24
121	108	100	24
121	111	100	24
121	113	8	24
121	118	97	24
121	122	90	24
121	123	97	24
121	124	99	24
121	125	100	24
121	126	97	24
121	130	10	24
121	133	97	24
121	138	98	24
122	100	78	24
122	101	96	24
122	102	99	24
122	103	93	24
122	105	95	24
122	107	100	24
122	108	97	24
122	109	100	24
122	111	3	24
122	113	96	24
122	116	39	24
122	118	91	24
122	121	95	24
122	124	13	24
122	125	99	24
122	126	16	24
122	127	90	24
122	130	35	24
122	133	99	24
122	138	95	24
122	143	93	24
122	144	99	24
122	146	21	24
122	148	77	24
123	101	90	24
123	102	44	24
123	103	100	24
123	104	98	24
123	106	100	24
123	107	9	24
123	108	24	24
123	111	94	24
123	116	57	24
123	118	97	24
123	121	100	24
123	124	92	24
123	125	96	24
123	126	100	24
123	130	100	24
123	133	95	24
123	138	95	24
124	101	100	24
124	102	100	24
124	103	54	24
124	104	100	24
124	106	100	24
124	107	99	24
124	108	93	24
124	118	71	24
124	121	87	24
124	123	97	24
124	125	100	24
124	126	16	24
124	133	86	24
125	102	93	24
125	103	91	24
125	104	14	24
125	105	85	24
125	106	57	24
125	108	84	24
125	109	14	24
125	110	100	24
125	111	89	24
125	112	92	24
125	113	99	24
125	115	93	24
125	116	98	24
125	117	99	24
125	118	95	24
125	119	95	24
125	121	95	24
125	122	35	24
125	123	57	24
125	124	100	24
125	126	95	24
125	130	100	24
125	133	100	24
125	138	100	24
125	144	7	24
125	146	95	24
125	148	100	24
126	102	77	24
126	103	100	24
126	104	93	24
126	106	88	24
126	108	96	24
126	111	99	24
126	116	96	24
126	117	96	24
126	118	33	24
126	121	98	24
126	123	100	24
126	125	99	24
126	130	94	24
126	138	99	24
126	144	94	24
126	146	97	24
126	148	97	24
127	100	100	24
127	101	74	24
127	102	99	24
127	105	93	24
127	107	100	24
127	108	76	24
127	109	100	24
127	113	100	24
127	116	95	24
127	122	100	24
127	130	32	24
127	133	92	24
127	143	95	24
127	144	96	24
127	146	99	24
127	148	95	24
128	114	100	24
128	119	96	24
128	120	97	24
128	129	26	24
128	135	94	24
128	137	6	24
128	140	0	24
128	142	100	24
128	149	99	24
129	114	100	24
129	119	97	24
129	120	95	24
129	128	93	24
129	131	96	24
129	136	96	24
129	140	92	24
129	143	65	24
129	147	83	24
129	149	76	24
130	102	6	24
130	103	90	24
130	105	12	24
130	106	12	24
130	108	92	24
130	109	97	24
130	110	91	24
130	111	99	24
130	112	97	24
130	113	96	24
130	114	92	24
130	115	98	24
130	116	89	24
130	117	100	24
130	118	96	24
130	119	94	24
130	121	2	24
130	123	87	24
130	125	100	24
130	126	95	24
130	131	95	24
130	133	100	24
130	138	98	24
130	139	99	24
130	141	30	24
130	143	1	24
130	144	96	24
130	146	95	24
130	148	95	24
130	149	56	24
131	103	94	24
131	110	96	24
131	112	96	24
131	113	92	24
131	114	32	24
131	115	26	24
131	116	86	24
131	117	100	24
131	118	34	24
131	119	97	24
131	125	4	24
131	129	98	24
131	130	94	24
131	138	86	24
131	139	97	24
131	140	93	24
131	141	97	24
131	142	95	24
131	143	100	24
131	144	90	24
131	146	100	24
131	147	81	24
131	148	97	24
131	149	97	24
132	110	87	24
132	112	100	24
132	114	99	24
132	115	98	24
132	119	98	24
132	120	99	24
132	128	97	24
132	129	96	24
132	135	95	24
132	136	97	24
132	137	100	24
132	149	100	24
133	100	87	24
133	101	95	24
133	102	99	24
133	103	97	24
133	105	100	24
133	106	96	24
133	107	93	24
133	108	92	24
133	109	96	24
133	111	96	24
133	113	97	24
133	116	100	24
133	117	98	24
133	118	100	24
133	121	100	24
133	122	94	24
133	123	64	24
133	124	94	24
133	125	94	24
133	127	83	24
133	130	100	24
133	138	99	24
133	144	100	24
133	146	100	24
133	148	96	24
135	110	92	24
135	112	80	24
135	113	70	24
135	114	100	24
135	117	77	24
135	119	96	24
135	120	94	24
135	128	100	24
135	136	94	24
135	137	98	24
135	149	96	24
136	114	91	24
136	120	100	24
136	129	96	24
136	135	91	24
137	110	100	24
137	112	97	24
137	113	87	24
137	114	92	24
137	115	99	24
137	117	96	24
137	120	93	24
137	125	12	24
137	128	30	24
137	135	99	24
137	136	0	24
137	149	97	24
138	102	89	24
138	103	91	24
138	104	100	24
138	105	62	24
138	106	95	24
138	108	0	24
138	109	60	24
138	111	100	24
138	112	100	24
138	113	96	24
138	116	90	24
138	117	100	24
138	118	97	24
138	121	26	24
138	123	85	24
138	125	99	24
138	126	97	24
138	130	94	24
138	131	56	24
138	133	51	24
138	144	98	24
138	146	95	24
138	148	99	24
139	102	29	24
139	103	90	24
139	105	59	24
139	109	94	24
139	110	58	24
139	112	97	24
139	113	100	24
139	115	96	24
139	119	8	24
139	130	100	24
139	131	98	24
139	140	96	24
139	141	100	24
139	142	100	24
139	143	97	24
139	144	100	24
139	146	100	24
139	147	98	24
139	148	26	24
139	149	96	24
140	128	51	24
140	129	95	24
140	131	96	24
140	139	100	24
140	141	97	24
140	142	94	24
140	143	88	24
140	146	74	24
140	147	100	24
141	105	79	24
141	110	32	24
141	112	97	24
141	113	0	24
141	130	100	24
141	131	100	24
141	139	98	24
141	140	100	24
141	142	95	24
141	143	100	24
141	144	97	24
141	146	100	24
141	147	94	24
141	148	100	24
141	149	97	24
142	114	1	24
142	128	93	24
142	131	95	24
142	139	95	24
142	140	96	24
142	141	99	24
142	143	96	24
142	147	99	24
143	105	89	24
143	109	97	24
143	113	85	24
143	122	4	24
143	127	11	24
143	129	68	24
143	130	20	24
143	131	96	24
143	139	92	24
143	140	92	24
143	141	99	24
143	142	98	24
143	144	96	24
143	146	55	24
143	147	96	24
143	148	2	24
143	149	46	24
144	100	10	24
144	102	98	24
144	103	91	24
144	105	100	24
144	107	94	24
144	108	97	24
144	109	98	24
144	111	7	24
144	113	100	24
144	116	68	24
144	117	97	24
144	118	3	24
144	122	61	24
144	125	2	24
144	126	100	24
144	127	82	24
144	130	97	24
144	131	95	24
144	133	100	24
144	138	96	24
144	139	96	24
144	141	99	24
144	143	92	24
144	146	98	24
144	148	98	24
144	149	97	24
146	102	99	24
146	103	14	24
146	105	76	24
146	107	67	24
146	108	90	24
146	109	100	24
146	110	91	24
146	111	9	24
146	112	96	24
146	113	99	24
146	115	96	24
146	116	93	24
146	117	100	24
146	118	12	24
146	119	94	24
146	125	100	24
146	126	91	24
146	127	84	24
146	130	97	24
146	131	96	24
146	133	100	24
146	138	97	24
146	139	98	24
146	140	80	24
146	141	97	24
146	143	53	24
146	144	97	24
146	148	100	24
146	149	96	24
147	129	82	24
147	131	91	24
147	139	95	24
147	140	98	24
147	141	98	24
147	142	97	24
147	143	93	24
148	102	88	24
148	103	89	24
148	104	21	24
148	105	22	24
148	107	63	24
148	108	87	24
148	109	88	24
148	110	88	24
148	111	84	24
148	112	91	24
148	113	82	24
148	114	98	24
148	115	44	24
148	116	92	24
148	117	88	24
148	118	86	24
148	119	90	24
148	125	87	24
148	126	87	24
148	127	81	24
148	130	83	24
148	131	95	24
148	133	82	24
148	138	88	24
148	139	6	24
148	141	92	24
148	144	83	24
148	146	81	24
148	149	79	24
149	110	100	24
149	112	100	24
149	113	99	24
149	114	95	24
149	115	97	24
149	116	79	24
149	117	96	24
149	119	95	24
149	128	98	24
149	129	58	24
149	130	78	24
149	131	98	24
149	135	95	24
149	137	100	24
149	139	100	24
149	141	92	24
149	143	41	24
149	144	96	24
149	146	98	24
149	148	100	24
100	101	96	23
100	102	13	23
100	105	100	23
100	107	36	23
100	108	99	23
100	109	91	23
100	118	87	23
100	122	95	23
100	124	11	23
100	127	97	23
101	100	100	23
101	102	96	23
101	105	100	23
101	107	92	23
101	108	100	23
101	109	95	23
101	116	98	23
101	118	100	23
101	121	100	23
101	122	98	23
101	123	93	23
101	124	93	23
101	127	93	23
101	133	100	23
101	144	4	23
102	101	96	23
102	103	100	23
102	105	96	23
102	107	96	23
102	108	95	23
102	109	96	23
102	111	86	23
102	113	95	23
102	116	97	23
102	117	96	23
102	118	100	23
102	122	94	23
102	125	99	23
102	127	98	23
102	133	100	23
102	138	98	23
102	144	95	23
102	146	92	23
102	148	98	23
103	101	2	23
103	102	96	23
103	104	93	23
103	105	15	23
103	106	88	23
103	107	100	23
103	108	94	23
103	111	93	23
103	113	97	23
103	116	99	23
103	118	77	23
103	121	94	23
103	122	86	23
103	123	98	23
103	124	81	23
103	125	96	23
103	126	97	23
103	127	8	23
103	130	98	23
103	131	67	23
103	133	92	23
103	138	89	23
103	146	47	23
103	148	69	23
104	103	89	23
104	106	93	23
104	111	98	23
104	113	0	23
104	116	86	23
104	118	31	23
104	123	97	23
104	124	54	23
104	125	87	23
104	126	97	23
104	138	96	23
105	100	89	23
105	101	84	23
105	102	89	23
105	103	88	23
105	107	43	23
105	108	69	23
105	109	96	23
105	113	98	23
105	116	90	23
105	122	90	23
105	125	93	23
105	127	97	23
105	133	82	23
105	138	88	23
105	139	78	23
105	141	100	23
105	143	94	23
105	144	96	23
105	148	96	23
106	103	99	23
106	104	99	23
106	107	70	23
106	108	73	23
106	111	100	23
106	116	98	23
106	117	40	23
106	118	15	23
106	121	92	23
106	123	91	23
106	124	98	23
106	126	93	23
106	133	32	23
106	138	89	23
107	101	97	23
107	102	99	23
107	103	100	23
107	106	86	23
107	108	99	23
107	109	98	23
107	116	98	23
107	118	95	23
107	121	99	23
107	122	94	23
107	124	68	23
107	127	94	23
107	133	75	23
108	100	98	23
108	101	100	23
108	102	99	23
108	103	99	23
108	105	75	23
108	106	81	23
108	107	100	23
108	109	100	23
108	111	14	23
108	116	100	23
108	117	80	23
108	118	96	23
108	121	96	23
108	122	97	23
108	123	93	23
108	126	100	23
108	127	100	23
108	133	99	23
108	138	86	23
108	144	99	23
108	146	74	23
108	148	9	23
109	100	87	23
109	101	100	23
109	102	88	23
109	103	87	23
109	105	97	23
109	107	97	23
109	108	100	23
109	112	100	23
109	113	96	23
109	115	47	23
109	116	100	23
109	117	94	23
109	118	72	23
109	121	18	23
109	122	94	23
109	126	58	23
109	127	100	23
109	130	91	23
109	133	89	23
109	138	91	23
109	139	94	23
109	141	94	23
109	143	99	23
109	144	100	23
109	146	100	23
109	148	100	23
110	112	98	23
110	113	99	23
110	114	90	23
110	115	96	23
110	117	93	23
110	119	96	23
110	120	12	23
110	125	86	23
110	128	3	23
110	130	97	23
110	131	94	23
110	135	89	23
110	137	98	23
110	138	60	23
110	139	29	23
110	146	91	23
110	149	96	23
111	102	77	23
111	103	91	23
111	104	96	23
111	106	99	23
111	108	69	23
111	116	69	23
111	117	90	23
111	118	65	23
111	121	97	23
111	123	94	23
111	124	4	23
111	125	100	23
111	126	94	23
111	130	20	23
111	133	68	23
111	138	93	23
111	148	55	23
112	109	71	23
112	110	100	23
112	113	96	23
112	114	100	23
112	115	96	23
112	117	97	23
112	118	17	23
112	119	96	23
112	125	93	23
112	130	100	23
112	131	96	23
112	138	94	23
112	139	99	23
112	146	76	23
112	148	99	23
112	149	97	23
113	102	92	23
113	103	100	23
113	104	63	23
113	105	70	23
113	109	93	23
113	110	100	23
113	112	96	23
113	115	97	23
113	116	7	23
113	117	93	23
113	118	83	23
113	119	100	23
113	125	95	23
113	130	96	23
113	131	84	23
113	135	87	23
113	138	99	23
113	139	100	23
113	143	91	23
113	144	97	23
113	146	96	23
113	148	93	23
113	149	97	23
114	112	12	23
114	115	100	23
114	117	100	23
114	119	99	23
114	120	98	23
114	128	97	23
114	129	96	23
114	135	96	23
114	136	100	23
114	142	11	23
114	149	17	23
115	110	89	23
115	112	98	23
115	113	99	23
115	114	77	23
115	117	93	23
115	119	97	23
115	125	88	23
115	130	100	23
115	131	1	23
115	135	87	23
115	137	23	23
115	138	62	23
115	139	2	23
115	141	0	23
115	143	18	23
115	146	98	23
115	149	100	23
116	101	96	23
116	102	90	23
116	103	100	23
116	104	87	23
116	105	98	23
116	106	91	23
116	107	96	23
116	108	98	23
116	109	94	23
116	111	95	23
116	113	41	23
116	117	96	23
116	118	98	23
116	122	88	23
116	123	88	23
116	125	96	23
116	126	100	23
116	127	92	23
116	130	100	23
116	133	93	23
116	138	96	23
116	144	97	23
116	146	97	23
116	148	100	23
117	101	0	23
117	102	90	23
117	106	16	23
117	108	76	23
117	109	96	23
117	110	90	23
117	111	86	23
117	112	98	23
117	113	97	23
117	114	91	23
117	115	93	23
117	116	96	23
117	119	94	23
117	125	92	23
117	126	96	23
117	130	99	23
117	131	100	23
117	133	94	23
117	138	99	23
117	141	11	23
117	144	42	23
117	146	100	23
117	148	7	23
117	149	96	23
118	100	75	23
118	101	100	23
118	102	96	23
118	103	93	23
118	104	8	23
118	106	7	23
118	107	94	23
118	108	97	23
118	109	92	23
118	111	43	23
118	113	100	23
118	116	100	23
118	121	97	23
118	122	30	23
118	123	97	23
118	124	89	23
118	125	96	23
118	127	6	23
118	130	89	23
118	133	99	23
118	138	95	23
118	144	76	23
118	146	90	23
119	110	94	23
119	112	93	23
119	113	100	23
119	114	100	23
119	115	100	23
119	117	93	23
119	120	98	23
119	125	94	23
119	128	99	23
119	129	97	23
119	130	97	23
119	131	100	23
119	135	57	23
119	137	96	23
119	144	4	23
119	148	85	23
119	149	98	23
120	114	97	23
120	119	98	23
120	128	99	23
120	129	100	23
120	135	93	23
120	136	98	23
121	100	19	23
121	101	97	23
121	103	100	23
121	104	22	23
121	106	96	23
121	107	90	23
121	108	89	23
121	109	77	23
121	111	96	23
121	113	13	23
121	116	80	23
121	117	0	23
121	118	99	23
121	122	83	23
121	123	99	23
121	124	100	23
121	125	80	23
121	126	97	23
121	133	93	23
121	138	66	23
122	100	89	23
122	101	94	23
122	102	100	23
122	103	99	23
122	105	93	23
122	106	64	23
122	107	95	23
122	108	100	23
122	109	92	23
122	113	58	23
122	116	98	23
122	121	92	23
122	123	17	23
122	124	55	23
122	127	96	23
122	133	99	23
122	138	21	23
122	144	96	23
122	146	99	23
123	101	84	23
123	103	85	23
123	104	96	23
123	106	100	23
123	108	71	23
123	111	97	23
123	118	83	23
123	121	99	23
123	124	99	23
123	126	92	23
123	133	86	23
123	138	83	23
124	101	96	23
124	103	94	23
124	104	100	23
124	106	96	23
124	107	83	23
124	118	100	23
124	121	86	23
124	122	50	23
124	123	99	23
124	126	25	23
124	133	84	23
125	102	100	23
125	103	100	23
125	104	100	23
125	105	68	23
125	106	3	23
125	108	71	23
125	110	37	23
125	111	99	23
125	112	96	23
125	113	95	23
125	115	100	23
125	116	100	23
125	117	100	23
125	118	91	23
125	119	95	23
125	121	4	23
125	126	96	23
125	130	99	23
125	133	99	23
125	138	92	23
125	144	100	23
125	146	95	23
125	148	92	23
126	103	97	23
126	104	96	23
126	106	93	23
126	108	84	23
126	111	96	23
126	116	99	23
126	117	100	23
126	121	94	23
126	123	84	23
126	124	16	23
126	125	95	23
126	130	95	23
126	138	95	23
126	144	9	23
126	146	88	23
126	148	0	23
127	100	94	23
127	101	94	23
127	102	99	23
127	103	93	23
127	105	97	23
127	107	93	23
127	108	89	23
127	109	95	23
127	113	0	23
127	116	79	23
127	118	53	23
127	122	100	23
127	130	89	23
127	133	79	23
127	139	0	23
127	143	88	23
127	144	98	23
127	148	98	23
128	114	70	23
128	119	96	23
128	120	75	23
128	129	95	23
128	135	72	23
128	142	96	23
129	114	97	23
129	119	99	23
129	120	92	23
129	128	95	23
129	131	92	23
129	136	97	23
129	140	92	23
129	142	100	23
129	143	19	23
130	103	95	23
130	109	91	23
130	110	93	23
130	111	0	23
130	112	94	23
130	113	96	23
130	114	19	23
130	115	95	23
130	116	100	23
130	117	100	23
130	118	61	23
130	119	93	23
130	125	100	23
130	126	100	23
130	127	59	23
130	131	98	23
130	133	99	23
130	139	18	23
130	141	93	23
130	144	97	23
130	146	100	23
130	148	96	23
131	103	89	23
131	110	94	23
131	112	98	23
131	113	91	23
131	115	92	23
131	117	98	23
131	119	100	23
131	128	35	23
131	129	98	23
131	130	99	23
131	140	98	23
131	141	100	23
131	142	100	23
131	144	95	23
131	146	98	23
131	147	96	23
131	149	97	23
132	110	100	23
132	112	1	23
132	114	97	23
132	119	96	23
132	120	100	23
132	128	98	23
132	135	100	23
132	136	98	23
133	101	83	23
133	102	93	23
133	103	100	23
133	104	13	23
133	105	78	23
133	107	91	23
133	108	90	23
133	109	97	23
133	111	91	23
133	116	92	23
133	117	93	23
133	118	98	23
133	121	95	23
133	122	98	23
133	123	92	23
133	124	70	23
133	125	98	23
133	127	92	23
133	130	100	23
133	138	6	23
133	139	17	23
133	144	6	23
133	146	97	23
135	110	69	23
135	113	6	23
135	114	100	23
135	115	65	23
135	119	73	23
135	120	88	23
135	128	77	23
135	136	98	23
135	137	99	23
135	149	75	23
136	114	95	23
136	120	94	23
136	129	98	23
136	135	100	23
136	142	98	23
137	110	93	23
137	112	35	23
137	114	100	23
137	115	94	23
137	119	98	23
137	120	15	23
137	128	2	23
137	135	97	23
137	136	0	23
138	102	88	23
138	103	66	23
138	104	92	23
138	105	72	23
138	106	89	23
138	108	93	23
138	109	6	23
138	111	94	23
138	112	97	23
138	113	96	23
138	115	60	23
138	116	94	23
138	117	98	23
138	118	91	23
138	123	92	23
138	125	100	23
138	126	100	23
138	144	96	23
138	148	32	23
139	105	0	23
139	112	94	23
139	113	100	23
139	115	20	23
139	130	35	23
139	133	25	23
139	138	1	23
139	140	98	23
139	141	100	23
139	142	73	23
139	143	96	23
139	144	96	23
139	146	99	23
139	147	100	23
139	148	96	23
139	149	96	23
140	129	96	23
140	131	100	23
140	139	53	23
140	141	98	23
140	142	96	23
140	143	100	23
140	146	5	23
140	147	100	23
141	105	94	23
141	109	78	23
141	115	31	23
141	117	17	23
141	130	87	23
141	131	95	23
141	139	91	23
141	140	100	23
141	142	100	23
141	143	94	23
141	144	98	23
141	146	98	23
141	147	100	23
141	149	97	23
142	114	47	23
142	128	96	23
142	129	100	23
142	131	88	23
142	136	98	23
142	139	89	23
142	140	95	23
142	141	94	23
142	143	95	23
142	146	7	23
142	147	93	23
143	105	91	23
143	109	95	23
143	113	89	23
143	115	32	23
143	127	81	23
143	139	100	23
143	140	93	23
143	141	95	23
143	142	95	23
143	147	99	23
144	101	80	23
144	102	100	23
144	103	18	23
144	105	92	23
144	108	94	23
144	109	100	23
144	113	96	23
144	116	93	23
144	117	85	23
144	118	67	23
144	119	35	23
144	122	97	23
144	125	98	23
144	126	92	23
144	127	97	23
144	130	100	23
144	131	100	23
144	133	54	23
144	138	97	23
144	139	90	23
144	141	97	23
144	143	52	23
144	146	100	23
144	148	100	23
146	101	1	23
146	102	97	23
146	103	33	23
146	108	48	23
146	109	91	23
146	110	17	23
146	112	76	23
146	113	99	23
146	115	92	23
146	116	100	23
146	117	98	23
146	118	20	23
146	122	41	23
146	125	96	23
146	126	81	23
146	128	31	23
146	130	94	23
146	131	96	23
146	133	80	23
146	138	8	23
146	139	92	23
146	141	100	23
146	144	100	23
146	148	92	23
146	149	41	23
147	131	95	23
147	139	86	23
147	140	96	23
147	141	98	23
147	142	100	23
147	143	100	23
148	102	90	23
148	103	84	23
148	105	83	23
148	108	82	23
148	109	95	23
148	111	93	23
148	112	89	23
148	113	96	23
148	116	98	23
148	117	96	23
148	118	58	23
148	119	92	23
148	122	3	23
148	123	33	23
148	125	99	23
148	126	90	23
148	127	81	23
148	130	99	23
148	138	88	23
148	139	91	23
148	143	7	23
148	144	98	23
148	146	100	23
148	149	20	23
149	110	97	23
149	112	96	23
149	113	96	23
149	114	100	23
149	115	99	23
149	117	90	23
149	119	100	23
149	131	94	23
149	135	97	23
149	139	100	23
149	141	96	23
149	146	99	23
100	101	95	22
100	102	100	22
100	105	73	22
100	107	92	22
100	108	62	22
100	109	94	22
100	116	38	22
100	118	21	22
100	121	81	22
100	122	98	22
100	127	91	22
101	100	95	22
101	102	96	22
101	103	89	22
101	105	98	22
101	107	100	22
101	108	100	22
101	109	95	22
101	116	97	22
101	118	90	22
101	121	99	22
101	122	93	22
101	123	54	22
101	124	57	22
101	127	94	22
101	133	68	22
101	144	11	22
102	100	95	22
102	101	87	22
102	103	96	22
102	105	98	22
102	106	26	22
102	107	95	22
102	108	96	22
102	109	99	22
102	111	17	22
102	113	97	22
102	116	92	22
102	117	93	22
102	118	100	22
102	121	86	22
102	122	98	22
102	124	95	22
102	125	97	22
102	126	48	22
102	127	96	22
102	130	100	22
102	138	94	22
102	146	100	22
102	148	90	22
103	101	8	22
103	102	98	22
103	104	97	22
103	106	95	22
103	107	98	22
103	108	87	22
103	109	93	22
103	111	97	22
103	113	95	22
103	116	99	22
103	118	94	22
103	121	89	22
103	122	91	22
103	123	98	22
103	124	99	22
103	125	27	22
103	126	96	22
103	127	3	22
103	131	62	22
103	133	100	22
103	138	99	22
103	146	8	22
103	148	12	22
104	103	92	22
104	106	93	22
104	111	100	22
104	113	49	22
104	121	94	22
104	123	85	22
104	124	44	22
104	125	96	22
104	126	0	22
104	138	99	22
105	100	85	22
105	101	97	22
105	102	87	22
105	103	69	22
105	107	88	22
105	108	83	22
105	109	98	22
105	113	93	22
105	122	100	22
105	124	27	22
105	125	59	22
105	127	100	22
105	130	72	22
105	133	9	22
105	138	70	22
105	139	71	22
105	141	43	22
105	143	91	22
105	144	100	22
105	146	100	22
105	148	95	22
106	102	74	22
106	103	89	22
106	104	97	22
106	107	77	22
106	108	88	22
106	111	96	22
106	116	94	22
106	118	22	22
106	121	60	22
106	122	5	22
106	123	100	22
106	124	93	22
106	125	87	22
106	126	98	22
106	133	19	22
106	138	93	22
107	100	99	22
107	101	85	22
107	102	100	22
107	103	100	22
107	105	62	22
107	108	100	22
107	109	95	22
107	116	96	22
107	118	98	22
107	122	89	22
107	124	94	22
107	127	91	22
107	130	79	22
107	133	5	22
108	100	4	22
108	101	94	22
108	102	97	22
108	103	66	22
108	105	94	22
108	106	99	22
108	107	100	22
108	109	98	22
108	111	81	22
108	116	95	22
108	117	77	22
108	118	96	22
108	121	86	22
108	122	97	22
108	124	92	22
108	125	33	22
108	127	85	22
108	130	23	22
108	133	97	22
108	144	90	22
108	148	83	22
109	100	87	22
109	101	86	22
109	102	100	22
109	103	100	22
109	105	97	22
109	107	100	22
109	108	99	22
109	112	99	22
109	113	95	22
109	116	91	22
109	117	94	22
109	118	100	22
109	121	96	22
109	122	92	22
109	125	97	22
109	126	96	22
109	127	100	22
109	130	95	22
109	133	100	22
109	138	99	22
109	139	93	22
109	143	93	22
109	144	99	22
109	148	95	22
109	149	8	22
110	112	100	22
110	113	96	22
110	114	96	22
110	115	99	22
110	117	97	22
110	119	100	22
110	120	3	22
110	128	100	22
110	130	96	22
110	131	100	22
110	135	97	22
110	137	95	22
110	138	1	22
110	139	87	22
110	146	96	22
110	149	99	22
111	102	95	22
111	103	96	22
111	104	100	22
111	106	97	22
111	107	9	22
111	108	92	22
111	113	88	22
111	116	97	22
111	117	96	22
111	118	98	22
111	121	96	22
111	122	11	22
111	123	96	22
111	124	100	22
111	125	100	22
111	126	96	22
111	130	90	22
111	133	98	22
111	138	99	22
111	146	14	22
112	102	71	22
112	109	94	22
112	110	96	22
112	113	97	22
112	114	100	22
112	115	100	22
112	117	100	22
112	119	96	22
112	125	97	22
112	126	92	22
112	130	55	22
112	131	90	22
112	133	95	22
112	135	85	22
112	137	94	22
112	138	97	22
112	139	99	22
112	144	91	22
112	146	98	22
112	148	96	22
112	149	90	22
113	102	100	22
113	103	83	22
113	104	0	22
113	105	68	22
113	109	91	22
113	110	88	22
113	111	76	22
113	112	93	22
113	115	56	22
113	117	99	22
113	119	94	22
113	121	7	22
113	122	5	22
113	125	95	22
113	126	95	22
113	130	100	22
113	131	87	22
113	133	34	22
113	135	91	22
113	138	98	22
113	139	26	22
113	143	98	22
113	144	98	22
113	146	100	22
113	149	95	22
114	110	100	22
114	112	100	22
114	115	99	22
114	117	100	22
114	119	95	22
114	120	100	22
114	128	97	22
114	129	100	22
114	130	8	22
114	131	50	22
114	135	100	22
114	136	99	22
114	137	93	22
114	142	5	22
115	102	19	22
115	110	100	22
115	112	99	22
115	113	83	22
115	114	92	22
115	117	90	22
115	119	95	22
115	125	89	22
115	130	75	22
115	131	98	22
115	135	100	22
115	137	97	22
115	138	80	22
115	139	91	22
115	146	85	22
115	149	93	22
116	100	75	22
116	101	93	22
116	102	100	22
116	103	97	22
116	106	92	22
116	107	97	22
116	108	96	22
116	109	94	22
116	111	99	22
116	117	100	22
116	118	100	22
116	121	92	22
116	122	89	22
116	124	90	22
116	125	100	22
116	126	96	22
116	130	100	22
116	133	96	22
116	138	100	22
116	144	93	22
116	146	100	22
116	148	95	22
117	102	85	22
117	108	74	22
117	109	70	22
117	110	99	22
117	111	83	22
117	112	100	22
117	113	97	22
117	114	91	22
117	115	97	22
117	116	88	22
117	118	71	22
117	119	83	22
117	125	100	22
117	126	100	22
117	130	100	22
117	131	96	22
117	133	85	22
117	135	31	22
117	137	51	22
117	138	100	22
117	144	83	22
117	146	100	22
117	148	89	22
117	149	95	22
118	100	0	22
118	101	100	22
118	102	99	22
118	103	93	22
118	106	10	22
118	107	95	22
118	108	95	22
118	109	94	22
118	111	93	22
118	116	84	22
118	117	87	22
118	121	92	22
118	122	82	22
118	123	92	22
118	124	94	22
118	125	96	22
118	133	100	22
118	138	92	22
118	139	0	22
118	144	28	22
118	146	14	22
119	110	99	22
119	112	100	22
119	113	100	22
119	114	90	22
119	115	100	22
119	117	96	22
119	120	98	22
119	128	96	22
119	129	93	22
119	130	90	22
119	131	87	22
119	135	100	22
119	136	37	22
119	137	97	22
119	144	49	22
119	146	56	22
119	149	95	22
120	110	88	22
120	114	59	22
120	119	100	22
120	128	100	22
120	129	94	22
120	135	91	22
120	136	97	22
120	142	100	22
121	100	66	22
121	101	93	22
121	102	97	22
121	103	98	22
121	104	93	22
121	106	28	22
121	107	96	22
121	108	100	22
121	109	93	22
121	111	93	22
121	113	73	22
121	116	95	22
121	118	96	22
121	122	94	22
121	123	87	22
121	124	98	22
121	125	89	22
121	126	95	22
121	130	94	22
121	133	99	22
121	138	96	22
121	148	95	22
122	100	100	22
122	101	92	22
122	102	91	22
122	103	96	22
122	105	100	22
122	106	22	22
122	107	100	22
122	108	99	22
122	109	100	22
122	111	21	22
122	113	87	22
122	116	91	22
122	118	89	22
122	121	91	22
122	123	66	22
122	124	85	22
122	125	98	22
122	127	100	22
122	130	99	22
122	133	99	22
122	143	91	22
122	144	100	22
122	148	4	22
123	101	43	22
123	102	0	22
123	103	89	22
123	104	96	22
123	106	97	22
123	111	97	22
123	118	42	22
123	121	84	22
123	122	15	22
123	124	76	22
123	126	75	22
123	133	48	22
124	101	95	22
124	102	91	22
124	103	98	22
124	104	63	22
124	106	93	22
124	107	73	22
124	108	87	22
124	111	84	22
124	116	75	22
124	118	88	22
124	121	89	22
124	122	98	22
124	123	96	22
124	126	83	22
124	133	88	22
125	102	100	22
125	103	85	22
125	104	94	22
125	105	7	22
125	106	86	22
125	108	73	22
125	109	83	22
125	111	88	22
125	112	96	22
125	113	96	22
125	114	20	22
125	115	97	22
125	116	91	22
125	117	98	22
125	118	94	22
125	121	51	22
125	122	79	22
125	126	90	22
125	130	97	22
125	131	48	22
125	133	93	22
125	138	98	22
125	139	89	22
125	141	83	22
125	144	100	22
125	146	2	22
125	148	100	22
125	149	100	22
126	102	58	22
126	103	89	22
126	106	99	22
126	109	7	22
126	111	100	22
126	112	48	22
126	113	96	22
126	116	100	22
126	117	93	22
126	121	95	22
126	123	100	22
126	124	96	22
126	125	89	22
126	130	97	22
126	133	96	22
126	138	100	22
126	148	46	22
127	100	90	22
127	101	99	22
127	102	90	22
127	103	86	22
127	105	99	22
127	107	98	22
127	108	97	22
127	109	100	22
127	118	9	22
127	122	91	22
127	130	75	22
127	133	95	22
127	139	83	22
127	143	96	22
127	144	100	22
127	146	88	22
128	110	99	22
128	114	98	22
128	119	98	22
128	120	93	22
128	129	93	22
128	135	100	22
128	142	93	22
129	114	100	22
129	119	96	22
129	120	97	22
129	128	97	22
129	136	100	22
129	140	96	22
129	141	5	22
129	142	100	22
129	143	63	22
129	147	90	22
129	149	7	22
130	102	96	22
130	109	90	22
130	110	97	22
130	111	94	22
130	113	97	22
130	114	14	22
130	115	11	22
130	116	89	22
130	117	97	22
130	119	93	22
130	122	69	22
130	125	92	22
130	126	100	22
130	131	94	22
130	138	100	22
130	139	87	22
130	141	6	22
130	144	97	22
130	146	95	22
130	148	100	22
130	149	94	22
131	103	90	22
131	110	95	22
131	112	100	22
131	113	100	22
131	114	99	22
131	115	99	22
131	117	95	22
131	119	98	22
131	126	30	22
131	130	96	22
131	139	100	22
131	140	100	22
131	141	96	22
131	143	100	22
131	144	100	22
131	146	100	22
131	147	100	22
131	148	6	22
131	149	97	22
132	110	1	22
132	114	94	22
132	119	96	22
132	120	99	22
132	128	100	22
132	129	96	22
132	135	97	22
132	136	90	22
132	137	35	22
133	101	8	22
133	102	92	22
133	103	98	22
133	105	18	22
133	106	100	22
133	108	94	22
133	109	90	22
133	111	89	22
133	112	83	22
133	116	94	22
133	117	100	22
133	118	100	22
133	121	100	22
133	122	94	22
133	123	82	22
133	124	93	22
133	125	94	22
133	126	94	22
133	127	78	22
133	138	16	22
133	139	26	22
133	144	0	22
133	146	99	22
135	110	83	22
135	112	89	22
135	113	90	22
135	114	74	22
135	115	97	22
135	119	100	22
135	120	92	22
135	128	100	22
135	136	94	22
135	137	100	22
136	114	100	22
136	119	43	22
136	120	96	22
136	128	53	22
136	129	97	22
136	135	93	22
136	142	32	22
137	110	94	22
137	112	95	22
137	113	9	22
137	114	98	22
137	115	89	22
137	117	42	22
137	119	97	22
137	135	100	22
138	102	93	22
138	103	87	22
138	104	100	22
138	106	95	22
138	109	97	22
138	111	99	22
138	112	94	22
138	113	96	22
138	115	86	22
138	116	91	22
138	117	100	22
138	118	92	22
138	121	93	22
138	125	100	22
138	126	97	22
138	130	100	22
138	144	94	22
138	146	24	22
138	148	96	22
139	102	4	22
139	105	12	22
139	109	10	22
139	110	89	22
139	112	94	22
139	113	95	22
139	115	90	22
139	125	96	22
139	127	21	22
139	130	92	22
139	131	96	22
139	140	95	22
139	141	100	22
139	142	41	22
139	143	96	22
139	144	100	22
139	146	100	22
139	147	99	22
139	148	97	22
139	149	89	22
140	129	0	22
140	131	97	22
140	139	92	22
140	141	100	22
140	142	97	22
140	143	96	22
140	147	99	22
141	102	0	22
141	105	3	22
141	125	81	22
141	128	5	22
141	129	17	22
141	130	71	22
141	131	100	22
141	139	100	22
141	140	94	22
141	142	94	22
141	143	97	22
141	144	94	22
141	146	100	22
141	147	99	22
141	148	72	22
142	114	51	22
142	120	100	22
142	128	96	22
142	129	93	22
142	131	13	22
142	136	7	22
142	139	17	22
142	140	82	22
142	141	96	22
142	143	93	22
142	147	96	22
143	105	2	22
143	109	95	22
143	113	97	22
143	122	67	22
143	127	96	22
143	129	0	22
143	131	96	22
143	139	100	22
143	140	100	22
143	141	95	22
143	142	97	22
143	144	96	22
143	147	97	22
143	148	98	22
144	101	77	22
144	105	93	22
144	108	96	22
144	109	97	22
144	111	46	22
144	112	100	22
144	113	93	22
144	116	97	22
144	117	93	22
144	118	0	22
144	119	97	22
144	122	99	22
144	125	85	22
144	126	33	22
144	127	98	22
144	130	100	22
144	131	97	22
144	133	93	22
144	138	92	22
144	139	98	22
144	141	96	22
144	143	94	22
144	146	95	22
144	148	100	22
146	102	99	22
146	103	26	22
146	105	10	22
146	110	91	22
146	111	8	22
146	112	90	22
146	113	93	22
146	114	3	22
146	115	100	22
146	116	93	22
146	117	97	22
146	118	17	22
146	119	93	22
146	125	3	22
146	126	47	22
146	127	86	22
146	130	100	22
146	131	95	22
146	133	28	22
146	138	93	22
146	139	98	22
146	141	97	22
146	144	100	22
146	148	95	22
146	149	96	22
147	129	43	22
147	131	99	22
147	139	93	22
147	140	98	22
147	141	95	22
147	142	98	22
147	143	100	22
148	102	92	22
148	103	91	22
148	105	89	22
148	108	84	22
148	109	94	22
148	111	18	22
148	112	95	22
148	113	85	22
148	115	23	22
148	116	89	22
148	117	98	22
148	121	96	22
148	122	24	22
148	125	98	22
148	126	98	22
148	130	98	22
148	131	12	22
148	138	91	22
148	139	100	22
148	141	31	22
148	143	89	22
148	144	97	22
148	146	97	22
148	149	59	22
149	109	19	22
149	110	100	22
149	112	90	22
149	113	93	22
149	115	96	22
149	117	99	22
149	119	99	22
149	125	95	22
149	129	66	22
149	130	99	22
149	131	90	22
149	135	96	22
149	139	88	22
149	143	8	22
149	146	89	22
149	148	68	22
100	101	91	21
100	105	94	21
100	106	27	21
100	108	100	21
100	116	92	21
100	118	92	21
100	121	83	21
100	122	100	21
100	127	96	21
100	133	73	21
100	144	75	21
101	100	100	21
101	102	92	21
101	105	94	21
101	106	87	21
101	107	91	21
101	108	90	21
101	109	94	21
101	116	49	21
101	118	83	21
101	121	98	21
101	122	97	21
101	127	92	21
101	133	25	21
102	101	88	21
102	103	89	21
102	105	94	21
102	107	91	21
102	108	98	21
102	109	99	21
102	111	89	21
102	113	94	21
102	116	98	21
102	117	38	21
102	118	97	21
102	121	86	21
102	122	83	21
102	125	96	21
102	126	47	21
102	127	96	21
102	130	44	21
102	133	96	21
102	138	100	21
102	144	93	21
102	146	100	21
103	102	45	21
103	106	54	21
103	107	64	21
103	109	87	21
103	111	94	21
103	116	100	21
103	118	99	21
103	121	100	21
103	122	90	21
103	123	100	21
103	124	86	21
103	126	100	21
103	131	28	21
103	133	94	21
103	138	100	21
103	144	25	21
104	106	73	21
104	111	95	21
104	116	72	21
104	121	84	21
104	123	86	21
104	125	97	21
104	126	94	21
104	138	100	21
105	100	83	21
105	101	84	21
105	102	92	21
105	107	78	21
105	108	90	21
105	109	100	21
105	113	99	21
105	116	57	21
105	118	57	21
105	122	90	21
105	125	5	21
105	127	92	21
105	133	89	21
105	139	89	21
105	143	93	21
105	144	97	21
105	146	99	21
105	148	93	21
106	101	68	21
106	103	54	21
106	104	58	21
106	107	8	21
106	108	83	21
106	111	90	21
106	116	63	21
106	118	97	21
106	121	100	21
106	123	95	21
106	124	95	21
106	126	98	21
106	133	8	21
106	138	61	21
107	100	4	21
107	101	88	21
107	102	93	21
107	103	86	21
107	105	52	21
107	108	91	21
107	109	74	21
107	116	88	21
107	118	100	21
107	121	89	21
107	122	37	21
107	124	77	21
107	127	1	21
107	133	47	21
107	144	40	21
108	100	92	21
108	101	97	21
108	102	96	21
108	103	64	21
108	105	98	21
108	106	100	21
108	107	100	21
108	109	97	21
108	116	100	21
108	118	98	21
108	121	100	21
108	122	87	21
108	124	0	21
108	127	94	21
108	133	100	21
108	138	100	21
108	144	88	21
108	146	99	21
109	101	89	21
109	102	97	21
109	103	100	21
109	105	98	21
109	107	75	21
109	108	100	21
109	111	3	21
109	112	95	21
109	113	90	21
109	116	100	21
109	117	0	21
109	118	99	21
109	122	97	21
109	125	100	21
109	126	100	21
109	127	100	21
109	130	81	21
109	133	92	21
109	138	99	21
109	139	100	21
109	141	18	21
109	143	93	21
109	144	96	21
109	146	0	21
109	148	96	21
110	112	95	21
110	113	10	21
110	114	89	21
110	115	95	21
110	117	99	21
110	119	97	21
110	125	39	21
110	128	54	21
110	130	91	21
110	131	100	21
110	135	100	21
110	137	100	21
110	139	43	21
110	146	91	21
110	149	97	21
111	102	18	21
111	103	100	21
111	104	100	21
111	106	86	21
111	113	8	21
111	116	97	21
111	117	89	21
111	118	34	21
111	121	92	21
111	123	94	21
111	124	38	21
111	125	85	21
111	126	100	21
111	133	100	21
111	138	100	21
111	144	0	21
112	109	92	21
112	110	96	21
112	113	90	21
112	114	93	21
112	115	93	21
112	116	74	21
112	117	99	21
112	119	96	21
112	126	93	21
112	130	100	21
112	131	92	21
112	133	90	21
112	135	99	21
112	138	97	21
112	139	97	21
112	144	93	21
112	146	95	21
112	148	4	21
112	149	89	21
113	102	68	21
113	105	92	21
113	109	86	21
113	110	89	21
113	111	53	21
113	112	67	21
113	116	54	21
113	117	93	21
113	119	96	21
113	125	100	21
113	126	94	21
113	127	28	21
113	130	97	21
113	131	97	21
113	135	94	21
113	138	100	21
113	139	88	21
113	144	94	21
113	146	97	21
113	148	55	21
113	149	96	21
114	110	100	21
114	112	96	21
114	115	99	21
114	117	94	21
114	119	97	21
114	128	92	21
114	129	94	21
114	131	16	21
114	135	99	21
114	136	100	21
114	137	93	21
115	110	100	21
115	112	96	21
115	114	100	21
115	117	97	21
115	119	100	21
115	125	95	21
115	131	100	21
115	135	89	21
115	137	100	21
115	138	91	21
115	139	85	21
115	146	54	21
115	149	100	21
116	100	7	21
116	101	80	21
116	102	92	21
116	103	100	21
116	105	11	21
116	106	55	21
116	107	84	21
116	108	97	21
116	109	96	21
116	111	100	21
116	117	70	21
116	118	100	21
116	121	94	21
116	122	100	21
116	125	96	21
116	126	63	21
116	133	100	21
116	138	98	21
116	144	98	21
116	146	97	21
116	148	95	21
117	110	100	21
117	111	93	21
117	112	100	21
117	113	93	21
117	114	100	21
117	115	98	21
117	116	92	21
117	118	87	21
117	119	61	21
117	125	100	21
117	126	97	21
117	130	96	21
117	131	100	21
117	133	0	21
117	135	1	21
117	138	98	21
117	144	93	21
117	146	91	21
117	149	93	21
118	100	89	21
118	101	6	21
118	102	96	21
118	103	100	21
118	105	23	21
118	106	99	21
118	107	100	21
118	108	95	21
118	109	93	21
118	111	94	21
118	116	100	21
118	117	100	21
118	121	100	21
118	122	91	21
118	123	100	21
118	124	87	21
118	125	9	21
118	126	37	21
118	127	99	21
118	131	31	21
118	133	93	21
118	138	94	21
118	144	82	21
118	146	39	21
119	110	97	21
119	112	79	21
119	113	100	21
119	114	96	21
119	115	100	21
119	117	73	21
119	120	95	21
119	128	99	21
119	129	36	21
119	131	99	21
119	135	100	21
119	136	95	21
119	149	98	21
120	110	94	21
120	114	100	21
120	119	93	21
120	128	100	21
120	129	100	21
120	136	100	21
121	101	95	21
121	102	89	21
121	103	95	21
121	104	98	21
121	106	99	21
121	107	100	21
121	108	91	21
121	111	95	21
121	116	97	21
121	118	92	21
121	122	93	21
121	123	92	21
121	124	96	21
121	125	6	21
121	126	95	21
121	133	98	21
121	138	100	21
122	100	99	21
122	101	92	21
122	102	91	21
122	103	89	21
122	105	96	21
122	106	1	21
122	107	68	21
122	108	92	21
122	109	96	21
122	116	93	21
122	118	97	21
122	121	100	21
122	123	97	21
122	127	91	21
122	131	9	21
122	133	63	21
122	143	81	21
122	144	100	21
122	146	75	21
123	101	0	21
123	103	95	21
123	104	100	21
123	106	97	21
123	111	100	21
123	118	97	21
123	121	91	21
123	122	63	21
123	124	89	21
123	126	100	21
123	138	51	21
124	101	83	21
124	103	94	21
124	106	93	21
124	111	94	21
124	118	96	21
124	121	95	21
124	123	93	21
124	126	100	21
124	133	98	21
125	102	92	21
125	103	34	21
125	104	86	21
125	105	34	21
125	109	88	21
125	110	97	21
125	111	86	21
125	113	98	21
125	115	94	21
125	116	96	21
125	117	95	21
125	118	83	21
125	121	63	21
125	126	88	21
125	130	96	21
125	133	87	21
125	138	95	21
125	139	73	21
125	144	92	21
125	146	68	21
125	148	96	21
126	103	93	21
126	104	97	21
126	106	100	21
126	109	40	21
126	111	93	21
126	112	98	21
126	113	96	21
126	116	89	21
126	117	97	21
126	118	3	21
126	121	97	21
126	123	100	21
126	124	96	21
126	125	100	21
126	138	97	21
126	146	75	21
127	100	98	21
127	101	94	21
127	102	98	21
127	105	98	21
127	107	21	21
127	108	96	21
127	109	99	21
127	113	4	21
127	116	14	21
127	118	27	21
127	122	100	21
127	139	71	21
127	143	90	21
127	144	92	21
128	110	85	21
128	114	99	21
128	119	100	21
128	120	94	21
128	129	95	21
128	131	10	21
128	135	18	21
128	149	87	21
129	110	0	21
129	114	100	21
129	120	92	21
129	128	100	21
129	131	73	21
129	136	95	21
129	140	99	21
129	142	86	21
129	143	5	21
130	102	85	21
130	105	8	21
130	109	94	21
130	110	100	21
130	111	93	21
130	112	100	21
130	113	91	21
130	114	96	21
130	115	100	21
130	116	87	21
130	117	99	21
130	122	4	21
130	125	93	21
130	126	90	21
130	131	96	21
130	133	86	21
130	135	15	21
130	138	100	21
130	139	97	21
130	144	98	21
130	146	99	21
130	148	99	21
130	149	93	21
131	103	51	21
131	110	100	21
131	112	99	21
131	113	94	21
131	114	40	21
131	115	100	21
131	117	99	21
131	119	96	21
131	129	3	21
131	130	97	21
131	135	53	21
131	139	96	21
131	140	100	21
131	141	95	21
131	142	94	21
131	144	99	21
131	147	100	21
131	149	100	21
132	114	93	21
132	119	93	21
132	120	100	21
132	128	100	21
132	129	99	21
132	135	99	21
132	136	98	21
132	142	81	21
133	101	81	21
133	102	91	21
133	103	92	21
133	105	81	21
133	106	49	21
133	107	28	21
133	108	100	21
133	109	99	21
133	111	92	21
133	112	95	21
133	116	98	21
133	118	100	21
133	121	94	21
133	122	70	21
133	124	85	21
133	125	97	21
133	130	100	21
133	131	8	21
133	138	98	21
133	144	100	21
133	146	63	21
135	110	99	21
135	112	89	21
135	114	94	21
135	115	95	21
135	119	96	21
135	131	64	21
135	136	98	21
135	137	96	21
136	114	94	21
136	119	87	21
136	120	98	21
136	129	98	21
136	135	99	21
137	110	100	21
137	112	32	21
137	114	96	21
137	115	100	21
137	117	83	21
137	135	94	21
138	102	91	21
138	103	84	21
138	104	96	21
138	106	8	21
138	109	76	21
138	111	97	21
138	112	61	21
138	113	96	21
138	116	94	21
138	117	95	21
138	121	94	21
138	123	71	21
138	125	96	21
138	126	96	21
138	130	96	21
138	133	84	21
138	144	96	21
138	148	46	21
139	105	91	21
139	109	88	21
139	110	94	21
139	112	100	21
139	113	5	21
139	115	0	21
139	125	11	21
139	127	6	21
139	130	55	21
139	131	99	21
139	140	92	21
139	141	100	21
139	143	96	21
139	144	98	21
139	146	92	21
139	147	18	21
139	148	93	21
140	129	55	21
140	131	98	21
140	139	95	21
140	141	96	21
140	142	98	21
140	143	100	21
140	147	49	21
141	105	6	21
141	109	89	21
141	129	95	21
141	131	94	21
141	139	100	21
141	140	96	21
141	142	99	21
141	143	98	21
141	144	91	21
141	146	100	21
141	147	93	21
142	114	28	21
142	129	86	21
142	131	92	21
142	139	0	21
142	140	95	21
142	141	70	21
142	143	100	21
142	147	96	21
143	105	93	21
143	109	87	21
143	122	16	21
143	127	53	21
143	129	9	21
143	131	14	21
143	139	100	21
143	140	100	21
143	141	100	21
143	142	97	21
143	144	99	21
143	146	89	21
143	147	100	21
143	148	6	21
144	102	7	21
144	103	80	21
144	105	92	21
144	107	0	21
144	108	0	21
144	109	97	21
144	112	75	21
144	113	95	21
144	116	100	21
144	117	100	21
144	118	35	21
144	122	83	21
144	125	99	21
144	127	90	21
144	130	100	21
144	131	89	21
144	133	86	21
144	138	88	21
144	139	94	21
144	141	100	21
144	143	100	21
144	146	100	21
144	148	98	21
146	102	79	21
146	105	92	21
146	108	95	21
146	109	2	21
146	110	100	21
146	112	97	21
146	113	100	21
146	116	86	21
146	117	98	21
146	118	10	21
146	122	17	21
146	125	24	21
146	126	92	21
146	127	7	21
146	130	100	21
146	131	53	21
146	133	26	21
146	139	97	21
146	141	100	21
146	143	90	21
146	144	98	21
146	148	94	21
146	149	94	21
147	131	83	21
147	139	95	21
147	140	38	21
147	141	96	21
147	142	100	21
147	143	100	21
148	102	3	21
148	103	87	21
148	105	97	21
148	109	77	21
148	110	9	21
148	112	78	21
148	113	32	21
148	116	100	21
148	117	98	21
148	121	82	21
148	123	74	21
148	125	100	21
148	126	91	21
148	130	99	21
148	138	100	21
148	139	99	21
148	143	95	21
148	144	91	21
148	146	99	21
148	149	93	21
149	110	100	21
149	112	82	21
149	113	96	21
149	114	85	21
149	115	99	21
149	117	97	21
149	119	95	21
149	128	90	21
149	129	13	21
149	130	93	21
149	131	95	21
149	135	100	21
149	138	7	21
149	140	6	21
149	146	96	21
149	148	80	21
100	101	97	20
100	102	89	20
100	106	55	20
100	107	100	20
100	108	96	20
100	109	8	20
100	116	91	20
100	118	96	20
100	121	2	20
100	122	98	20
100	124	15	20
100	127	100	20
100	133	94	20
100	144	96	20
101	100	97	20
101	102	98	20
101	105	39	20
101	106	100	20
101	107	100	20
101	108	98	20
101	109	100	20
101	116	96	20
101	118	93	20
101	121	100	20
101	122	100	20
101	123	94	20
101	127	96	20
101	144	40	20
101	146	30	20
102	100	98	20
102	101	100	20
102	103	100	20
102	105	97	20
102	107	100	20
102	108	97	20
102	109	100	20
102	111	95	20
102	113	96	20
102	116	95	20
102	118	91	20
102	121	95	20
102	122	100	20
102	124	98	20
102	125	92	20
102	126	100	20
102	127	100	20
102	130	99	20
102	133	96	20
102	138	95	20
102	139	94	20
102	146	29	20
102	148	99	20
103	101	0	20
103	102	95	20
103	104	95	20
103	106	90	20
103	108	94	20
103	109	98	20
103	111	94	20
103	113	95	20
103	116	95	20
103	117	70	20
103	118	98	20
103	121	96	20
103	122	89	20
103	123	100	20
103	124	90	20
103	130	99	20
103	131	100	20
103	133	97	20
103	138	98	20
103	148	92	20
104	103	92	20
104	106	100	20
104	108	15	20
104	111	99	20
104	112	79	20
104	113	45	20
104	116	97	20
104	121	97	20
104	123	98	20
104	124	100	20
104	125	100	20
104	126	96	20
104	138	30	20
105	100	37	20
105	101	87	20
105	102	100	20
105	107	100	20
105	108	93	20
105	109	100	20
105	113	100	20
105	118	88	20
105	122	96	20
105	125	90	20
105	127	96	20
105	130	99	20
105	131	64	20
105	133	5	20
105	139	85	20
105	141	94	20
105	143	100	20
105	144	100	20
105	146	100	20
105	148	100	20
106	100	87	20
106	101	96	20
106	102	3	20
106	103	96	20
106	104	100	20
106	108	98	20
106	111	97	20
106	116	95	20
106	118	96	20
106	121	99	20
106	123	96	20
106	124	100	20
106	125	73	20
106	126	100	20
106	130	89	20
106	133	100	20
107	100	92	20
107	101	100	20
107	102	100	20
107	105	96	20
107	106	8	20
107	108	90	20
107	109	98	20
107	111	55	20
107	116	78	20
107	118	98	20
107	121	97	20
107	122	98	20
107	123	96	20
107	124	93	20
107	125	14	20
107	127	3	20
107	130	6	20
107	133	96	20
107	148	13	20
108	100	95	20
108	101	96	20
108	102	100	20
108	103	100	20
108	104	5	20
108	105	37	20
108	106	97	20
108	107	96	20
108	109	99	20
108	112	39	20
108	116	98	20
108	117	12	20
108	118	100	20
108	121	94	20
108	122	100	20
108	123	61	20
108	124	97	20
108	125	96	20
108	126	96	20
108	127	97	20
108	130	100	20
108	133	96	20
108	138	97	20
108	139	97	20
108	144	96	20
108	146	97	20
108	148	92	20
109	100	77	20
109	101	100	20
109	102	92	20
109	103	96	20
109	105	100	20
109	107	92	20
109	108	99	20
109	111	82	20
109	112	96	20
109	113	10	20
109	115	94	20
109	116	97	20
109	117	100	20
109	118	96	20
109	122	95	20
109	125	98	20
109	127	95	20
109	131	64	20
109	133	86	20
109	138	96	20
109	139	93	20
109	141	96	20
109	143	91	20
109	144	98	20
109	146	77	20
109	148	100	20
110	112	96	20
110	113	100	20
110	114	97	20
110	115	98	20
110	117	98	20
110	119	100	20
110	120	100	20
110	125	97	20
110	128	94	20
110	130	94	20
110	131	99	20
110	135	92	20
110	137	100	20
110	138	93	20
110	146	99	20
110	149	100	20
111	102	92	20
111	103	97	20
111	104	92	20
111	106	98	20
111	107	89	20
111	109	3	20
111	113	97	20
111	116	97	20
111	117	27	20
111	118	47	20
111	121	100	20
111	123	96	20
111	124	74	20
111	125	4	20
111	126	100	20
111	130	97	20
111	133	100	20
111	138	100	20
111	144	97	20
111	148	1	20
112	104	99	20
112	108	30	20
112	109	95	20
112	110	100	20
112	113	92	20
112	114	100	20
112	115	94	20
112	116	95	20
112	117	96	20
112	118	43	20
112	119	98	20
112	125	100	20
112	126	96	20
112	130	98	20
112	131	96	20
112	135	99	20
112	137	100	20
112	138	97	20
112	139	99	20
112	143	93	20
112	144	2	20
112	146	95	20
112	148	91	20
112	149	95	20
113	102	98	20
113	103	99	20
113	104	26	20
113	105	89	20
113	110	93	20
113	111	79	20
113	112	97	20
113	114	43	20
113	115	94	20
113	116	90	20
113	117	93	20
113	118	24	20
113	119	97	20
113	121	3	20
113	125	98	20
113	126	100	20
113	127	69	20
113	130	97	20
113	131	92	20
113	133	99	20
113	137	0	20
113	138	98	20
113	139	90	20
113	143	86	20
113	144	99	20
113	146	92	20
113	148	86	20
113	149	98	20
114	110	100	20
114	112	100	20
114	113	77	20
114	115	98	20
114	117	94	20
114	119	94	20
114	120	99	20
114	125	5	20
114	128	100	20
114	130	93	20
114	131	77	20
114	135	99	20
114	136	92	20
114	137	92	20
115	110	94	20
115	112	97	20
115	113	97	20
115	114	100	20
115	117	95	20
115	119	92	20
115	125	98	20
115	130	100	20
115	131	90	20
115	135	100	20
115	136	16	20
115	137	100	20
115	138	64	20
115	139	35	20
115	144	0	20
115	149	100	20
116	100	100	20
116	101	100	20
116	102	100	20
116	103	97	20
116	104	100	20
116	106	95	20
116	107	62	20
116	108	100	20
116	109	100	20
116	111	95	20
116	112	100	20
116	113	97	20
116	117	100	20
116	118	94	20
116	121	100	20
116	122	92	20
116	123	20	20
116	124	70	20
116	125	98	20
116	126	90	20
116	130	100	20
116	133	99	20
116	138	97	20
116	144	98	20
116	146	23	20
116	148	100	20
117	103	89	20
117	108	0	20
117	109	39	20
117	110	92	20
117	111	0	20
117	112	99	20
117	113	99	20
117	114	100	20
117	115	100	20
117	116	99	20
117	118	87	20
117	119	93	20
117	120	7	20
117	125	98	20
117	126	100	20
117	130	100	20
117	131	96	20
117	133	98	20
117	137	57	20
117	138	100	20
117	143	6	20
117	144	100	20
117	146	100	20
117	148	98	20
117	149	100	20
118	100	95	20
118	101	99	20
118	102	96	20
118	103	98	20
118	104	0	20
118	105	85	20
118	106	90	20
118	107	100	20
118	108	97	20
118	111	10	20
118	112	4	20
118	116	100	20
118	117	96	20
118	121	97	20
118	122	64	20
118	123	100	20
118	124	100	20
118	125	99	20
118	126	6	20
118	127	98	20
118	130	84	20
118	131	92	20
118	133	100	20
118	144	91	20
118	148	99	20
119	110	92	20
119	112	97	20
119	113	95	20
119	114	99	20
119	115	100	20
119	117	98	20
119	120	100	20
119	125	83	20
119	128	96	20
119	131	97	20
119	135	100	20
119	136	94	20
119	137	92	20
119	144	88	20
119	148	97	20
119	149	98	20
120	110	94	20
120	114	100	20
120	117	15	20
120	119	97	20
120	128	98	20
120	129	93	20
120	135	59	20
120	136	96	20
120	142	54	20
121	100	86	20
121	101	98	20
121	102	96	20
121	103	98	20
121	104	98	20
121	106	94	20
121	107	100	20
121	108	96	20
121	111	96	20
121	113	36	20
121	116	99	20
121	118	96	20
121	122	97	20
121	123	98	20
121	124	100	20
121	126	99	20
121	127	2	20
121	130	100	20
121	133	100	20
121	138	100	20
122	100	95	20
122	101	94	20
122	102	99	20
122	103	96	20
122	105	99	20
122	107	100	20
122	108	97	20
122	109	92	20
122	116	100	20
122	117	63	20
122	118	94	20
122	121	96	20
122	123	39	20
122	125	100	20
122	127	97	20
122	131	3	20
122	133	52	20
122	139	44	20
122	143	94	20
122	144	100	20
122	146	93	20
123	101	89	20
123	103	100	20
123	104	100	20
123	106	97	20
123	107	100	20
123	108	88	20
123	111	91	20
123	116	49	20
123	118	100	20
123	121	100	20
123	124	90	20
123	125	100	20
123	126	95	20
123	130	79	20
123	138	96	20
123	148	91	20
124	102	100	20
124	103	100	20
124	104	33	20
124	106	100	20
124	107	98	20
124	108	90	20
124	111	96	20
124	116	93	20
124	118	95	20
124	121	94	20
124	123	98	20
124	125	12	20
124	126	100	20
124	133	92	20
124	138	87	20
125	102	100	20
125	104	99	20
125	105	71	20
125	106	26	20
125	108	70	20
125	109	98	20
125	110	97	20
125	112	97	20
125	113	96	20
125	114	26	20
125	115	97	20
125	116	100	20
125	117	100	20
125	118	85	20
125	119	15	20
125	123	92	20
125	124	16	20
125	126	99	20
125	130	99	20
125	131	97	20
125	133	98	20
125	138	94	20
125	139	95	20
125	144	97	20
125	146	99	20
125	148	100	20
126	102	100	20
126	104	99	20
126	106	98	20
126	108	93	20
126	111	100	20
126	112	98	20
126	113	95	20
126	116	96	20
126	117	92	20
126	121	100	20
126	123	100	20
126	124	100	20
126	125	96	20
126	130	100	20
126	138	100	20
126	146	98	20
126	148	99	20
127	100	100	20
127	101	100	20
127	102	98	20
127	105	96	20
127	107	96	20
127	108	97	20
127	109	93	20
127	112	0	20
127	113	95	20
127	116	2	20
127	118	97	20
127	121	9	20
127	122	97	20
127	125	81	20
127	133	100	20
127	138	24	20
127	139	97	20
127	143	51	20
127	144	98	20
128	110	100	20
128	114	95	20
128	119	94	20
128	120	100	20
128	129	96	20
128	131	93	20
128	135	14	20
128	136	28	20
128	142	94	20
128	149	96	20
129	114	97	20
129	120	95	20
129	128	100	20
129	131	1	20
129	136	100	20
129	139	56	20
129	140	98	20
129	141	96	20
129	142	100	20
129	143	31	20
129	147	59	20
130	102	99	20
130	103	91	20
130	105	51	20
130	106	43	20
130	107	6	20
130	108	95	20
130	110	100	20
130	111	97	20
130	112	92	20
130	113	100	20
130	114	80	20
130	115	97	20
130	116	97	20
130	117	97	20
130	118	52	20
130	121	87	20
130	123	32	20
130	125	98	20
130	126	96	20
130	131	100	20
130	133	97	20
130	135	33	20
130	138	100	20
130	139	100	20
130	144	100	20
130	146	99	20
130	148	98	20
130	149	88	20
131	103	95	20
131	110	99	20
131	112	98	20
131	113	100	20
131	114	96	20
131	115	95	20
131	117	92	20
131	118	77	20
131	119	90	20
131	125	97	20
131	128	99	20
131	130	100	20
131	133	63	20
131	135	99	20
131	138	25	20
131	139	97	20
131	140	100	20
131	141	98	20
131	143	16	20
131	144	6	20
131	146	0	20
131	147	97	20
131	149	95	20
132	114	96	20
132	115	97	20
132	119	99	20
132	120	100	20
132	128	96	20
132	129	100	20
132	135	100	20
132	136	98	20
132	137	97	20
132	142	15	20
132	149	100	20
133	100	89	20
133	101	33	20
133	102	99	20
133	103	98	20
133	104	6	20
133	106	98	20
133	107	72	20
133	108	91	20
133	109	96	20
133	111	95	20
133	113	91	20
133	116	99	20
133	117	100	20
133	118	96	20
133	121	89	20
133	124	100	20
133	125	96	20
133	127	99	20
133	130	95	20
133	131	98	20
133	138	100	20
133	144	98	20
133	146	95	20
133	148	99	20
135	110	98	20
135	112	99	20
135	114	99	20
135	115	94	20
135	119	97	20
135	120	10	20
135	130	72	20
135	131	96	20
135	136	95	20
135	137	100	20
135	149	10	20
136	114	96	20
136	115	4	20
136	119	93	20
136	120	100	20
136	128	25	20
136	129	100	20
136	135	95	20
136	137	89	20
137	110	99	20
137	112	92	20
137	113	72	20
137	114	100	20
137	115	97	20
137	117	33	20
137	119	97	20
137	135	97	20
137	136	96	20
138	102	92	20
138	103	99	20
138	105	4	20
138	106	4	20
138	108	83	20
138	109	97	20
138	110	94	20
138	111	96	20
138	112	97	20
138	113	93	20
138	115	21	20
138	116	97	20
138	117	98	20
138	121	96	20
138	123	97	20
138	124	67	20
138	125	98	20
138	126	100	20
138	130	100	20
138	131	4	20
138	133	100	20
138	144	98	20
138	146	3	20
138	148	96	20
138	149	90	20
139	102	72	20
139	105	16	20
139	108	85	20
139	109	93	20
139	112	97	20
139	113	95	20
139	114	3	20
139	115	81	20
139	116	54	20
139	125	100	20
139	127	93	20
139	129	48	20
139	130	98	20
139	131	100	20
139	140	95	20
139	141	100	20
139	142	100	20
139	143	100	20
139	144	100	20
139	146	100	20
139	147	100	20
139	148	100	20
139	149	100	20
140	129	96	20
140	131	100	20
140	139	97	20
140	141	93	20
140	142	99	20
140	143	97	20
140	147	100	20
140	149	100	20
141	105	80	20
141	109	100	20
141	113	18	20
141	119	9	20
141	129	97	20
141	131	97	20
141	139	100	20
141	140	100	20
141	142	92	20
141	143	94	20
141	144	99	20
141	146	100	20
141	147	100	20
141	148	100	20
141	149	100	20
142	114	4	20
142	120	66	20
142	128	95	20
142	129	94	20
142	139	97	20
142	140	99	20
142	141	97	20
142	143	97	20
142	146	31	20
142	147	97	20
143	105	99	20
143	109	100	20
143	112	91	20
143	113	100	20
143	117	7	20
143	122	90	20
143	129	96	20
143	130	13	20
143	131	61	20
143	139	99	20
143	140	94	20
143	141	100	20
143	142	98	20
143	144	100	20
143	146	96	20
143	147	92	20
143	148	97	20
144	100	100	20
144	101	43	20
144	102	16	20
144	105	89	20
144	108	94	20
144	109	94	20
144	111	89	20
144	113	96	20
144	116	100	20
144	117	100	20
144	118	94	20
144	119	8	20
144	122	93	20
144	125	100	20
144	126	3	20
144	127	99	20
144	130	96	20
144	133	98	20
144	138	100	20
144	139	97	20
144	141	94	20
144	143	96	20
144	146	100	20
144	148	96	20
144	149	67	20
146	101	67	20
146	102	94	20
146	105	99	20
146	108	94	20
146	109	67	20
146	110	100	20
146	112	100	20
146	113	100	20
146	116	44	20
146	117	95	20
146	122	52	20
146	125	96	20
146	126	96	20
146	130	94	20
146	138	60	20
146	139	95	20
146	141	100	20
146	142	40	20
146	143	97	20
146	144	97	20
146	148	96	20
146	149	97	20
147	131	95	20
147	139	96	20
147	140	98	20
147	141	100	20
147	142	95	20
147	143	93	20
148	102	100	20
148	103	97	20
148	105	97	20
148	107	8	20
148	108	83	20
148	109	98	20
148	112	46	20
148	113	98	20
148	116	96	20
148	117	100	20
148	118	95	20
148	119	89	20
148	123	96	20
148	125	100	20
148	126	100	20
148	130	95	20
148	133	84	20
148	138	97	20
148	139	98	20
148	140	0	20
148	141	34	20
148	143	94	20
148	144	100	20
148	146	100	20
148	149	94	20
149	110	94	20
149	112	100	20
149	113	96	20
149	115	93	20
149	117	98	20
149	119	94	20
149	128	96	20
149	130	97	20
149	131	95	20
149	135	75	20
149	138	99	20
149	139	96	20
149	140	98	20
149	141	98	20
149	144	65	20
149	146	100	20
149	148	100	20
100	101	95	15
100	102	18	15
100	105	71	15
100	107	96	15
100	109	74	15
100	118	93	15
100	121	79	15
100	122	100	15
100	124	0	15
100	127	89	15
100	133	0	15
101	100	98	15
101	102	90	15
101	103	89	15
101	105	93	15
101	106	66	15
101	107	88	15
101	108	87	15
101	109	93	15
101	116	89	15
101	118	76	15
101	121	60	15
101	122	99	15
101	123	89	15
101	124	50	15
101	127	94	15
101	133	8	15
101	144	77	15
102	100	5	15
102	101	80	15
102	103	70	15
102	105	90	15
102	107	97	15
102	108	96	15
102	109	95	15
102	112	95	15
102	113	90	15
102	116	84	15
102	117	96	15
102	118	91	15
102	122	87	15
102	125	96	15
102	127	91	15
102	130	95	15
102	131	4	15
102	133	79	15
102	138	95	15
102	139	86	15
102	144	95	15
102	146	95	15
102	148	27	15
103	100	9	15
103	101	73	15
103	102	5	15
103	104	71	15
103	106	77	15
103	108	96	15
103	109	79	15
103	111	91	15
103	113	42	15
103	116	89	15
103	118	70	15
103	121	86	15
103	123	74	15
103	124	81	15
103	125	99	15
103	126	98	15
103	127	70	15
103	130	95	15
103	131	100	15
103	133	73	15
103	138	93	15
103	144	78	15
103	148	91	15
104	103	76	15
104	106	92	15
104	111	100	15
104	116	54	15
104	118	82	15
104	121	88	15
104	123	93	15
104	125	92	15
104	126	97	15
104	138	100	15
105	100	68	15
105	101	85	15
105	102	100	15
105	107	20	15
105	108	72	15
105	109	95	15
105	113	89	15
105	116	68	15
105	118	63	15
105	121	3	15
105	122	100	15
105	126	31	15
105	127	100	15
105	133	70	15
105	138	10	15
105	139	5	15
105	141	10	15
105	143	74	15
105	144	96	15
105	146	100	15
105	148	57	15
106	101	94	15
106	103	92	15
106	104	93	15
106	107	12	15
106	108	80	15
106	111	95	15
106	116	82	15
106	117	20	15
106	118	84	15
106	121	100	15
106	123	96	15
106	124	87	15
106	126	86	15
106	133	24	15
106	138	92	15
107	100	94	15
107	101	89	15
107	102	96	15
107	105	7	15
107	108	82	15
107	109	85	15
107	111	9	15
107	116	5	15
107	118	87	15
107	121	85	15
107	122	90	15
107	124	93	15
107	127	89	15
107	133	79	15
107	144	92	15
108	100	0	15
108	101	100	15
108	102	96	15
108	103	93	15
108	105	100	15
108	106	89	15
108	107	79	15
108	109	86	15
108	111	72	15
108	112	69	15
108	113	50	15
108	116	95	15
108	117	22	15
108	118	100	15
108	121	87	15
108	122	92	15
108	124	1	15
108	125	79	15
108	126	60	15
108	127	81	15
108	130	63	15
108	133	84	15
108	138	30	15
108	139	3	15
108	144	92	15
108	146	97	15
108	148	94	15
109	100	87	15
109	101	86	15
109	102	88	15
109	103	70	15
109	105	100	15
109	107	77	15
109	108	94	15
109	113	99	15
109	116	97	15
109	117	71	15
109	118	17	15
109	122	86	15
109	125	82	15
109	127	99	15
109	130	84	15
109	133	87	15
109	138	73	15
109	139	89	15
109	143	89	15
109	144	98	15
109	146	99	15
109	147	6	15
109	148	7	15
110	112	99	15
110	113	96	15
110	114	99	15
110	115	100	15
110	117	97	15
110	119	96	15
110	125	95	15
110	128	100	15
110	130	82	15
110	131	96	15
110	135	100	15
110	137	98	15
110	146	39	15
110	149	100	15
111	103	96	15
111	104	91	15
111	106	84	15
111	107	65	15
111	108	56	15
111	113	93	15
111	116	91	15
111	118	69	15
111	121	87	15
111	123	100	15
111	124	93	15
111	125	87	15
111	126	95	15
111	130	65	15
111	138	91	15
111	144	34	15
111	148	88	15
112	102	76	15
112	108	79	15
112	109	21	15
112	110	97	15
112	113	100	15
112	114	12	15
112	115	96	15
112	116	80	15
112	117	100	15
112	125	87	15
112	126	56	15
112	130	99	15
112	131	93	15
112	133	49	15
112	135	100	15
112	138	94	15
112	139	30	15
112	143	89	15
112	144	99	15
112	146	0	15
112	148	97	15
113	102	76	15
113	105	92	15
113	108	52	15
113	109	89	15
113	110	100	15
113	111	46	15
113	112	95	15
113	116	58	15
113	117	96	15
113	118	51	15
113	121	15	15
113	125	98	15
113	126	66	15
113	127	69	15
113	130	100	15
113	131	99	15
113	133	7	15
113	138	92	15
113	139	88	15
113	143	70	15
113	144	57	15
113	146	99	15
113	148	84	15
113	149	88	15
114	110	98	15
114	113	11	15
114	115	100	15
114	117	96	15
114	119	98	15
114	120	100	15
114	128	96	15
114	130	83	15
114	131	96	15
114	135	100	15
114	136	94	15
114	137	100	15
114	139	18	15
114	148	5	15
114	149	98	15
115	110	92	15
115	112	96	15
115	114	97	15
115	117	97	15
115	119	94	15
115	125	90	15
115	130	95	15
115	131	88	15
115	135	99	15
115	144	85	15
115	146	80	15
115	149	96	15
116	101	76	15
116	102	86	15
116	103	96	15
116	104	67	15
116	105	84	15
116	106	52	15
116	107	71	15
116	108	86	15
116	109	97	15
116	111	52	15
116	112	94	15
116	113	95	15
116	117	100	15
116	118	85	15
116	121	56	15
116	122	93	15
116	123	85	15
116	124	83	15
116	125	93	15
116	126	85	15
116	127	45	15
116	130	93	15
116	131	93	15
116	133	95	15
116	138	96	15
116	139	99	15
116	144	85	15
116	146	91	15
116	148	92	15
117	102	82	15
117	108	45	15
117	109	86	15
117	110	100	15
117	112	100	15
117	113	98	15
117	114	95	15
117	115	100	15
117	116	81	15
117	119	100	15
117	121	55	15
117	122	18	15
117	125	96	15
117	126	15	15
117	128	0	15
117	130	98	15
117	131	90	15
117	133	77	15
117	138	99	15
117	139	12	15
117	144	43	15
117	146	96	15
117	148	99	15
117	149	99	15
118	100	87	15
118	101	80	15
118	102	89	15
118	103	85	15
118	104	73	15
118	106	86	15
118	107	95	15
118	108	92	15
118	109	6	15
118	111	65	15
118	113	70	15
118	116	83	15
118	121	95	15
118	122	98	15
118	123	1	15
118	124	83	15
118	125	100	15
118	126	68	15
118	127	90	15
118	131	9	15
118	133	90	15
118	146	10	15
118	148	89	15
119	110	98	15
119	114	100	15
119	115	96	15
119	117	91	15
119	120	50	15
119	125	97	15
119	128	96	15
119	129	61	15
119	130	96	15
119	135	97	15
119	136	91	15
119	137	94	15
119	139	24	15
119	144	0	15
119	148	14	15
119	149	100	15
120	114	22	15
120	119	85	15
120	128	0	15
120	129	59	15
120	135	6	15
120	136	96	15
120	142	0	15
121	100	83	15
121	101	19	15
121	103	95	15
121	104	99	15
121	106	90	15
121	107	90	15
121	108	100	15
121	111	93	15
121	113	16	15
121	116	73	15
121	117	24	15
121	118	93	15
121	122	93	15
121	123	95	15
121	124	96	15
121	125	62	15
121	126	93	15
121	133	86	15
121	138	98	15
122	100	91	15
122	101	90	15
122	102	97	15
122	105	94	15
122	107	87	15
122	108	93	15
122	109	97	15
122	113	2	15
122	116	78	15
122	117	39	15
122	118	88	15
122	121	89	15
122	127	100	15
122	130	5	15
122	133	89	15
122	138	21	15
122	139	1	15
122	143	84	15
122	144	97	15
122	148	14	15
123	101	75	15
123	103	89	15
123	104	98	15
123	106	96	15
123	107	19	15
123	111	97	15
123	116	86	15
123	118	29	15
123	121	78	15
123	124	78	15
123	125	15	15
123	126	89	15
123	138	94	15
123	148	68	15
124	100	3	15
124	101	72	15
124	103	78	15
124	106	95	15
124	107	69	15
124	111	89	15
124	116	6	15
124	118	77	15
124	121	100	15
124	123	100	15
124	126	43	15
124	133	68	15
125	102	78	15
125	103	93	15
125	104	96	15
125	108	81	15
125	109	57	15
125	110	100	15
125	111	78	15
125	112	49	15
125	113	93	15
125	115	96	15
125	116	91	15
125	117	100	15
125	118	95	15
125	119	95	15
125	123	3	15
125	126	89	15
125	127	32	15
125	130	98	15
125	131	92	15
125	133	79	15
125	138	100	15
125	144	91	15
125	146	100	15
125	148	94	15
125	149	67	15
126	103	88	15
126	104	99	15
126	106	89	15
126	111	88	15
126	112	17	15
126	113	93	15
126	116	92	15
126	118	39	15
126	121	89	15
126	123	90	15
126	125	92	15
126	130	74	15
126	138	100	15
126	144	94	15
126	146	88	15
127	100	100	15
127	101	100	15
127	102	84	15
127	103	90	15
127	105	93	15
127	107	91	15
127	109	100	15
127	113	82	15
127	116	9	15
127	118	87	15
127	122	100	15
127	125	83	15
127	133	83	15
127	143	52	15
127	144	100	15
127	148	96	15
128	110	100	15
128	113	5	15
128	114	97	15
128	117	3	15
128	119	99	15
128	129	100	15
128	131	84	15
128	135	87	15
128	136	97	15
128	141	2	15
128	142	93	15
128	149	94	15
129	119	98	15
129	120	15	15
129	128	97	15
129	131	16	15
129	136	97	15
129	140	27	15
129	141	81	15
129	142	96	15
129	143	2	15
129	147	11	15
129	149	98	15
130	102	86	15
130	103	90	15
130	105	34	15
130	108	29	15
130	109	98	15
130	110	100	15
130	111	63	15
130	112	100	15
130	113	100	15
130	114	90	15
130	115	97	15
130	116	85	15
130	117	100	15
130	119	99	15
130	125	99	15
130	126	91	15
130	131	100	15
130	133	86	15
130	138	96	15
130	139	99	15
130	141	26	15
130	146	93	15
130	148	96	15
130	149	97	15
131	103	80	15
131	110	93	15
131	112	100	15
131	113	99	15
131	114	94	15
131	115	98	15
131	116	70	15
131	117	95	15
131	125	97	15
131	128	91	15
131	129	22	15
131	130	100	15
131	139	89	15
131	140	90	15
131	141	95	15
131	142	94	15
131	143	96	15
131	147	90	15
131	149	100	15
132	110	81	15
132	114	100	15
132	115	0	15
132	119	98	15
132	120	94	15
132	128	95	15
132	135	100	15
132	136	95	15
132	142	13	15
132	149	68	15
133	100	82	15
133	101	89	15
133	102	98	15
133	103	91	15
133	105	96	15
133	106	3	15
133	107	78	15
133	108	97	15
133	109	92	15
133	111	18	15
133	112	1	15
133	113	28	15
133	116	96	15
133	117	99	15
133	118	98	15
133	121	93	15
133	122	98	15
133	123	29	15
133	124	78	15
133	125	86	15
133	127	87	15
133	130	98	15
133	138	11	15
133	139	72	15
133	144	87	15
133	146	19	15
133	148	90	15
135	110	100	15
135	112	97	15
135	114	100	15
135	115	98	15
135	119	99	15
135	128	92	15
135	136	88	15
135	137	91	15
136	114	99	15
136	119	100	15
136	120	100	15
136	128	98	15
136	129	97	15
136	135	98	15
136	142	9	15
137	110	96	15
137	112	39	15
137	114	100	15
137	115	46	15
137	117	84	15
137	119	100	15
137	120	23	15
137	135	100	15
137	136	93	15
137	149	45	15
138	102	82	15
138	103	86	15
138	104	86	15
138	105	0	15
138	106	84	15
138	109	11	15
138	111	99	15
138	112	98	15
138	113	91	15
138	116	79	15
138	117	97	15
138	121	79	15
138	123	82	15
138	125	100	15
138	126	94	15
138	130	97	15
138	133	20	15
138	139	13	15
138	144	63	15
138	146	3	15
138	148	88	15
138	149	95	15
139	102	78	15
139	109	82	15
139	112	96	15
139	113	92	15
139	114	6	15
139	116	80	15
139	117	58	15
139	119	4	15
139	122	0	15
139	130	94	15
139	131	92	15
139	133	41	15
139	138	67	15
139	140	79	15
139	141	97	15
139	142	92	15
139	143	100	15
139	144	96	15
139	146	92	15
139	147	72	15
139	148	95	15
139	149	90	15
140	129	0	15
140	131	100	15
140	139	85	15
140	141	90	15
140	142	93	15
140	143	97	15
140	147	77	15
140	149	3	15
141	109	29	15
141	112	83	15
141	128	66	15
141	129	91	15
141	130	89	15
141	131	100	15
141	139	100	15
141	140	89	15
141	142	97	15
141	143	85	15
141	144	96	15
141	146	99	15
141	147	78	15
141	148	99	15
141	149	63	15
142	128	97	15
142	129	59	15
142	131	97	15
142	136	10	15
142	139	99	15
142	140	87	15
142	141	96	15
142	143	89	15
142	147	96	15
143	105	100	15
143	109	99	15
143	112	94	15
143	113	79	15
143	122	92	15
143	125	22	15
143	127	58	15
143	129	14	15
143	131	96	15
143	139	100	15
143	140	100	15
143	141	29	15
143	142	87	15
143	144	90	15
143	146	71	15
143	147	97	15
143	149	84	15
144	101	79	15
144	102	77	15
144	103	50	15
144	105	95	15
144	107	74	15
144	108	84	15
144	109	96	15
144	110	0	15
144	112	92	15
144	113	97	15
144	115	89	15
144	116	77	15
144	117	14	15
144	118	6	15
144	122	96	15
144	125	96	15
144	126	79	15
144	127	89	15
144	131	50	15
144	133	67	15
144	138	71	15
144	139	98	15
144	141	87	15
144	143	83	15
144	146	100	15
144	148	93	15
144	149	89	15
146	101	5	15
146	102	98	15
146	103	7	15
146	105	75	15
146	107	43	15
146	108	97	15
146	109	99	15
146	110	96	15
146	111	46	15
146	113	100	15
146	115	99	15
146	116	86	15
146	117	99	15
146	118	78	15
146	121	9	15
146	125	90	15
146	126	79	15
146	130	92	15
146	131	91	15
146	133	73	15
146	138	84	15
146	139	96	15
146	141	95	15
146	142	2	15
146	143	93	15
146	144	97	15
146	147	5	15
146	148	100	15
146	149	91	15
147	128	46	15
147	129	13	15
147	131	74	15
147	139	85	15
147	140	62	15
147	141	71	15
147	142	98	15
147	143	90	15
148	103	79	15
148	105	54	15
148	108	88	15
148	109	28	15
148	111	95	15
148	112	95	15
148	113	96	15
148	114	18	15
148	115	8	15
148	116	88	15
148	117	97	15
148	118	83	15
148	119	15	15
148	123	80	15
148	125	95	15
148	127	94	15
148	130	94	15
148	131	2	15
148	133	94	15
148	138	98	15
148	139	100	15
148	141	91	15
148	143	9	15
148	144	91	15
148	146	94	15
148	149	91	15
149	110	98	15
149	113	88	15
149	114	100	15
149	115	94	15
149	117	92	15
149	119	100	15
149	125	40	15
149	128	100	15
149	129	38	15
149	130	90	15
149	131	100	15
149	138	94	15
149	139	88	15
149	144	80	15
149	146	94	15
149	147	0	15
149	148	90	15
