100	101	94	26
100	102	94	26
100	105	96	26
100	106	51	26
100	107	93	26
100	108	96	26
100	109	99	26
100	118	95	26
100	122	95	26
100	127	96	26
100	133	70	26
101	100	100	26
101	102	94	26
101	105	99	26
101	106	95	26
101	107	95	26
101	108	95	26
101	109	99	26
101	116	100	26
101	121	96	26
101	122	97	26
101	127	98	26
101	133	96	26
101	148	10	26
102	100	95	26
102	101	93	26
102	103	97	26
102	105	100	26
102	107	96	26
102	108	98	26
102	109	100	26
102	112	98	26
102	113	100	26
102	115	2	26
102	116	100	26
102	118	93	26
102	122	97	26
102	125	16	26
102	126	85	26
102	127	100	26
102	133	98	26
102	138	94	26
102	139	94	26
102	144	99	26
102	146	59	26
102	148	100	26
103	102	96	26
103	104	100	26
103	106	95	26
103	107	91	26
103	108	95	26
103	111	99	26
103	113	100	26
103	116	96	26
103	117	6	26
103	118	95	26
103	121	100	26
103	123	100	26
103	124	92	26
103	125	99	26
103	126	100	26
103	130	99	26
103	131	97	26
103	133	88	26
103	138	100	26
103	146	49	26
103	148	93	26
104	103	93	26
104	106	93	26
104	108	16	26
104	111	99	26
104	112	79	26
104	118	89	26
104	121	94	26
104	123	98	26
104	124	94	26
104	126	99	26
104	138	100	26
105	100	95	26
105	101	99	26
105	102	98	26
105	108	97	26
105	109	97	26
105	113	97	26
105	116	18	26
105	118	94	26
105	122	99	26
105	127	100	26
105	130	100	26
105	133	78	26
105	138	13	26
105	139	98	26
105	141	96	26
105	143	98	26
105	144	100	26
105	146	98	26
106	100	3	26
106	101	8	26
106	103	95	26
106	104	100	26
106	108	57	26
106	109	2	26
106	111	98	26
106	116	4	26
106	118	99	26
106	121	99	26
106	122	15	26
106	123	100	26
106	124	99	26
106	125	82	26
106	126	100	26
106	133	97	26
106	138	99	26
107	100	99	26
107	101	98	26
107	102	92	26
107	103	98	26
107	108	99	26
107	109	85	26
107	116	88	26
107	118	94	26
107	121	92	26
107	122	96	26
107	124	96	26
107	125	3	26
107	127	95	26
107	144	95	26
108	100	98	26
108	101	99	26
108	102	99	26
108	103	100	26
108	104	64	26
108	105	100	26
108	106	92	26
108	107	99	26
108	109	99	26
108	111	22	26
108	113	10	26
108	116	99	26
108	117	66	26
108	118	98	26
108	121	98	26
108	122	99	26
108	123	98	26
108	125	90	26
108	127	99	26
108	130	3	26
108	133	99	26
108	138	100	26
108	139	91	26
108	144	98	26
108	148	95	26
109	100	98	26
109	101	95	26
109	102	99	26
109	105	100	26
109	106	65	26
109	107	95	26
109	108	100	26
109	112	100	26
109	116	100	26
109	117	100	26
109	122	99	26
109	125	100	26
109	126	95	26
109	127	98	26
109	130	100	26
109	131	47	26
109	133	93	26
109	138	99	26
109	139	38	26
109	143	71	26
109	144	100	26
109	147	4	26
109	148	97	26
110	112	100	26
110	113	100	26
110	114	100	26
110	115	100	26
110	119	100	26
110	125	100	26
110	128	100	26
110	130	100	26
110	131	100	26
110	135	100	26
110	136	1	26
110	137	100	26
110	139	17	26
110	146	100	26
110	149	100	26
111	103	99	26
111	104	100	26
111	106	97	26
111	113	92	26
111	116	91	26
111	117	95	26
111	118	92	26
111	121	99	26
111	123	95	26
111	124	94	26
111	125	56	26
111	126	100	26
111	133	95	26
111	138	100	26
111	148	89	26
112	102	95	26
112	104	48	26
112	109	90	26
112	110	98	26
112	113	100	26
112	115	89	26
112	116	97	26
112	117	98	26
112	119	100	26
112	125	100	26
112	128	100	26
112	130	99	26
112	131	100	26
112	133	92	26
112	138	100	26
112	139	9	26
112	144	4	26
112	146	56	26
112	148	99	26
112	149	100	26
113	102	96	26
113	103	98	26
113	105	17	26
113	110	100	26
113	111	83	26
113	112	100	26
113	115	100	26
113	116	96	26
113	117	100	26
113	118	96	26
113	119	100	26
113	121	95	26
113	122	98	26
113	125	100	26
113	130	99	26
113	131	98	26
113	133	90	26
113	138	100	26
113	139	98	26
113	143	14	26
113	144	98	26
113	146	100	26
113	148	99	26
113	149	99	26
114	110	98	26
114	115	24	26
114	117	36	26
114	119	100	26
114	120	100	26
114	125	57	26
114	128	100	26
114	129	29	26
114	130	38	26
114	135	100	26
114	136	100	26
114	137	99	26
114	146	17	26
115	110	100	26
115	112	33	26
115	113	98	26
115	114	5	26
115	117	98	26
115	119	98	26
115	125	98	26
115	128	3	26
115	130	92	26
115	131	99	26
115	138	97	26
115	141	6	26
115	146	95	26
115	149	100	26
116	101	97	26
116	102	96	26
116	103	94	26
116	104	1	26
116	107	86	26
116	108	95	26
116	109	96	26
116	111	100	26
116	112	97	26
116	113	96	26
116	115	2	26
116	117	97	26
116	118	99	26
116	122	92	26
116	123	71	26
116	125	100	26
116	126	95	26
116	127	93	26
116	130	97	26
116	133	81	26
116	138	100	26
116	139	95	26
116	144	96	26
116	146	98	26
116	148	99	26
116	149	23	26
117	108	49	26
117	109	99	26
117	110	14	26
117	111	95	26
117	112	100	26
117	113	100	26
117	115	100	26
117	116	98	26
117	118	8	26
117	119	100	26
117	120	3	26
117	125	98	26
117	126	91	26
117	130	100	26
117	131	98	26
117	133	92	26
117	135	79	26
117	137	94	26
117	138	100	26
117	139	30	26
117	144	100	26
117	146	98	26
117	148	98	26
117	149	98	26
118	100	98	26
118	102	99	26
118	103	97	26
118	104	99	26
118	105	4	26
118	106	94	26
118	107	95	26
118	108	95	26
118	111	100	26
118	112	4	26
118	113	100	26
118	116	98	26
118	117	13	26
118	121	97	26
118	122	99	26
118	123	97	26
118	124	90	26
118	125	100	26
118	126	88	26
118	127	11	26
118	130	96	26
118	131	1	26
118	133	98	26
118	138	98	26
118	144	99	26
118	146	96	26
119	110	100	26
119	112	100	26
119	113	98	26
119	114	100	26
119	115	100	26
119	117	88	26
119	120	100	26
119	128	98	26
119	129	100	26
119	130	47	26
119	131	99	26
119	135	100	26
119	136	100	26
119	137	100	26
119	139	0	26
119	144	26	26
119	146	100	26
119	148	99	26
119	149	100	26
120	114	100	26
120	119	88	26
120	128	98	26
120	129	97	26
120	135	99	26
120	136	100	26
120	142	97	26
121	101	98	26
121	103	98	26
121	104	99	26
121	106	100	26
121	107	97	26
121	108	94	26
121	111	100	26
121	113	95	26
121	118	95	26
121	123	98	26
121	124	95	26
121	125	14	26
121	126	100	26
121	133	91	26
121	138	98	26
121	148	5	26
122	100	98	26
122	101	100	26
122	102	97	26
122	105	100	26
122	106	96	26
122	107	97	26
122	108	100	26
122	109	100	26
122	113	99	26
122	116	100	26
122	117	89	26
122	118	99	26
122	121	2	26
122	123	88	26
122	124	97	26
122	125	100	26
122	127	100	26
122	130	3	26
122	133	98	26
122	139	51	26
122	143	94	26
122	144	98	26
122	148	93	26
123	103	99	26
123	104	100	26
123	106	100	26
123	108	96	26
123	111	98	26
123	112	3	26
123	116	53	26
123	118	95	26
123	121	97	26
123	122	1	26
123	124	96	26
123	126	100	26
123	130	41	26
123	133	34	26
123	138	100	26
123	148	54	26
124	103	97	26
124	104	99	26
124	106	98	26
124	107	95	26
124	111	99	26
124	118	96	26
124	121	98	26
124	123	100	26
124	126	73	26
124	138	33	26
125	102	55	26
125	103	99	26
125	106	19	26
125	108	82	26
125	109	95	26
125	110	100	26
125	111	50	26
125	112	100	26
125	113	100	26
125	114	1	26
125	115	99	26
125	116	99	26
125	117	100	26
125	118	93	26
125	121	15	26
125	122	70	26
125	126	99	26
125	127	4	26
125	130	98	26
125	131	99	26
125	133	95	26
125	138	98	26
125	139	5	26
125	144	20	26
125	148	96	26
125	149	100	26
126	102	93	26
126	103	99	26
126	104	100	26
126	106	98	26
126	109	57	26
126	110	3	26
126	111	98	26
126	113	86	26
126	116	97	26
126	117	98	26
126	118	99	26
126	121	98	26
126	123	96	26
126	124	97	26
126	125	100	26
126	133	4	26
126	138	98	26
126	144	91	26
126	146	95	26
126	148	97	26
127	100	96	26
127	101	98	26
127	102	100	26
127	105	100	26
127	107	96	26
127	108	98	26
127	109	100	26
127	113	96	26
127	116	96	26
127	118	91	26
127	122	100	26
127	125	78	26
127	133	64	26
127	143	14	26
127	144	100	26
127	146	93	26
127	148	100	26
128	110	62	26
128	112	92	26
128	114	100	26
128	115	1	26
128	119	100	26
128	120	100	26
128	129	99	26
128	135	100	26
128	136	0	26
128	142	100	26
128	149	98	26
129	114	56	26
129	119	100	26
129	120	100	26
129	128	99	26
129	131	99	26
129	135	0	26
129	136	98	26
129	140	79	26
129	142	100	26
129	147	99	26
130	103	97	26
130	105	54	26
130	109	95	26
130	110	100	26
130	112	100	26
130	113	100	26
130	114	10	26
130	115	100	26
130	116	93	26
130	117	100	26
130	118	93	26
130	119	24	26
130	123	36	26
130	125	100	26
130	131	98	26
130	138	99	26
130	139	97	26
130	141	44	26
130	143	91	26
130	144	98	26
130	146	100	26
130	148	100	26
130	149	73	26
131	103	93	26
131	110	99	26
131	112	98	26
131	113	100	26
131	115	98	26
131	117	100	26
131	119	100	26
131	125	100	26
131	128	4	26
131	129	30	26
131	130	99	26
131	138	33	26
131	139	98	26
131	140	99	26
131	141	100	26
131	142	100	26
131	143	95	26
131	144	84	26
131	146	100	26
131	147	15	26
131	148	98	26
131	149	98	26
132	110	77	26
132	112	6	26
132	114	100	26
132	115	100	26
132	119	100	26
132	120	100	26
132	129	100	26
132	135	99	26
132	136	100	26
132	137	98	26
133	100	14	26
133	101	97	26
133	102	97	26
133	103	86	26
133	106	100	26
133	108	97	26
133	109	73	26
133	111	100	26
133	112	99	26
133	113	97	26
133	116	68	26
133	117	100	26
133	118	100	26
133	121	95	26
133	122	99	26
133	123	64	26
133	125	97	26
133	127	0	26
133	138	100	26
133	144	100	26
133	146	99	26
133	148	98	26
135	110	100	26
135	114	100	26
135	117	99	26
135	119	98	26
135	120	100	26
135	128	100	26
135	136	99	26
135	137	100	26
135	149	100	26
136	114	98	26
136	119	100	26
136	120	100	26
136	128	81	26
136	129	100	26
136	135	100	26
136	137	1	26
136	142	5	26
137	110	99	26
137	112	1	26
137	114	100	26
137	115	80	26
137	117	96	26
137	119	100	26
137	135	100	26
137	136	4	26
138	102	58	26
138	103	95	26
138	104	97	26
138	106	96	26
138	108	95	26
138	109	97	26
138	111	98	26
138	112	100	26
138	113	98	26
138	115	99	26
138	116	94	26
138	117	100	26
138	118	96	26
138	121	95	26
138	123	97	26
138	124	9	26
138	125	100	26
138	126	100	26
138	130	97	26
138	131	32	26
138	133	96	26
138	146	88	26
138	148	94	26
139	102	55	26
139	105	97	26
139	108	56	26
139	112	4	26
139	113	97	26
139	116	91	26
139	117	32	26
139	130	99	26
139	131	100	26
139	140	100	26
139	141	100	26
139	142	100	26
139	143	99	26
139	144	97	26
139	147	98	26
139	148	97	26
139	149	80	26
140	129	3	26
140	131	99	26
140	139	97	26
140	141	100	26
140	143	100	26
140	147	100	26
141	105	45	26
141	112	7	26
141	115	82	26
141	120	9	26
141	125	2	26
141	130	45	26
141	131	100	26
141	139	100	26
141	140	100	26
141	142	100	26
141	143	97	26
141	146	100	26
141	147	89	26
141	148	99	26
141	149	98	26
142	120	100	26
142	128	99	26
142	129	100	26
142	131	95	26
142	136	94	26
142	139	94	26
142	140	2	26
142	141	93	26
142	143	95	26
142	147	95	26
143	105	94	26
143	113	80	26
143	130	72	26
143	131	97	26
143	139	97	26
143	140	100	26
143	141	98	26
143	142	99	26
143	144	81	26
143	146	100	26
143	147	100	26
144	102	95	26
144	105	100	26
144	107	95	26
144	108	95	26
144	109	99	26
144	111	1	26
144	112	76	26
144	113	98	26
144	116	100	26
144	117	97	26
144	118	95	26
144	119	85	26
144	122	97	26
144	125	63	26
144	126	70	26
144	127	97	26
144	130	100	26
144	131	99	26
144	133	95	26
144	139	99	26
144	143	79	26
144	146	100	26
144	148	99	26
146	102	97	26
146	103	93	26
146	105	99	26
146	110	100	26
146	112	100	26
146	113	100	26
146	114	80	26
146	115	100	26
146	116	97	26
146	117	100	26
146	118	96	26
146	119	100	26
146	126	100	26
146	127	94	26
146	128	99	26
146	130	100	26
146	131	98	26
146	133	97	26
146	138	96	26
146	141	96	26
146	143	97	26
146	144	100	26
146	148	99	26
146	149	100	26
147	129	97	26
147	131	87	26
147	139	100	26
147	140	100	26
147	141	96	26
147	142	100	26
147	143	96	26
148	102	100	26
148	103	83	26
148	108	97	26
148	109	100	26
148	111	81	26
148	112	100	26
148	113	100	26
148	116	100	26
148	117	100	26
148	119	100	26
148	122	69	26
148	125	100	26
148	126	93	26
148	127	96	26
148	130	100	26
148	131	97	26
148	133	97	26
148	138	98	26
148	139	99	26
148	141	96	26
148	144	98	26
148	146	98	26
148	149	100	26
149	110	98	26
149	112	100	26
149	113	98	26
149	115	100	26
149	116	15	26
149	117	100	26
149	119	100	26
149	125	97	26
149	128	100	26
149	130	90	26
149	131	100	26
149	135	100	26
149	139	97	26
149	141	99	26
149	146	100	26
149	148	99	26
100	101	61	25
100	102	99	25
100	105	54	25
100	107	99	25
100	108	98	25
100	109	100	25
100	116	73	25
100	118	99	25
100	121	92	25
100	122	99	25
100	127	100	25
100	133	2	25
100	144	15	25
101	100	39	25
101	102	100	25
101	103	69	25
101	105	100	25
101	106	96	25
101	107	99	25
101	108	99	25
101	109	100	25
101	116	100	25
101	118	99	25
101	121	97	25
101	122	100	25
101	123	4	25
101	124	13	25
101	127	100	25
101	133	99	25
101	144	17	25
102	100	98	25
102	101	100	25
102	103	100	25
102	105	100	25
102	107	97	25
102	108	100	25
102	109	100	25
102	112	52	25
102	113	92	25
102	116	97	25
102	118	100	25
102	122	100	25
102	124	98	25
102	125	98	25
102	126	75	25
102	127	100	25
102	133	100	25
102	138	99	25
102	139	100	25
102	144	98	25
102	146	100	25
102	148	67	25
103	101	88	25
103	102	100	25
103	104	100	25
103	106	100	25
103	108	100	25
103	109	100	25
103	111	98	25
103	113	99	25
103	116	100	25
103	118	100	25
103	121	98	25
103	123	100	25
103	124	100	25
103	125	38	25
103	126	100	25
103	130	100	25
103	131	5	25
103	133	100	25
103	138	100	25
103	139	99	25
103	144	32	25
103	146	91	25
104	103	100	25
104	106	98	25
104	108	12	25
104	111	100	25
104	118	53	25
104	121	100	25
104	123	100	25
104	124	100	25
104	125	73	25
104	126	99	25
104	138	100	25
105	100	100	25
105	101	99	25
105	102	100	25
105	103	45	25
105	107	98	25
105	108	98	25
105	109	98	25
105	113	94	25
105	116	93	25
105	117	2	25
105	122	100	25
105	125	98	25
105	127	100	25
105	130	99	25
105	133	100	25
105	138	93	25
105	139	98	25
105	143	100	25
105	144	100	25
105	146	98	25
105	148	13	25
106	101	100	25
106	103	98	25
106	104	98	25
106	107	10	25
106	111	96	25
106	116	18	25
106	118	99	25
106	121	98	25
106	123	98	25
106	124	100	25
106	125	100	25
106	126	8	25
106	130	33	25
106	133	100	25
106	138	100	25
107	100	100	25
107	101	100	25
107	102	100	25
107	105	98	25
107	108	99	25
107	109	99	25
107	116	97	25
107	118	100	25
107	121	100	25
107	122	99	25
107	124	100	25
107	127	100	25
107	133	100	25
107	144	98	25
107	146	85	25
108	100	100	25
108	101	100	25
108	102	100	25
108	103	98	25
108	105	100	25
108	107	100	25
108	109	100	25
108	113	99	25
108	116	100	25
108	118	100	25
108	121	100	25
108	122	100	25
108	123	80	25
108	124	98	25
108	125	100	25
108	127	16	25
108	130	100	25
108	133	98	25
108	138	98	25
108	139	63	25
108	144	100	25
108	148	100	25
109	100	100	25
109	101	98	25
109	102	100	25
109	103	98	25
109	105	98	25
109	107	100	25
109	108	98	25
109	113	100	25
109	116	97	25
109	117	100	25
109	118	100	25
109	122	98	25
109	124	0	25
109	125	96	25
109	127	100	25
109	130	99	25
109	131	3	25
109	133	99	25
109	138	98	25
109	139	100	25
109	141	4	25
109	143	99	25
109	144	100	25
109	146	100	25
109	148	98	25
110	112	100	25
110	113	98	25
110	114	100	25
110	115	99	25
110	117	100	25
110	119	100	25
110	128	98	25
110	130	100	25
110	131	100	25
110	135	99	25
110	137	99	25
110	138	78	25
110	139	72	25
110	143	23	25
110	146	98	25
110	149	99	25
111	103	100	25
111	104	100	25
111	108	8	25
111	113	100	25
111	116	96	25
111	118	100	25
111	125	99	25
111	126	100	25
111	130	15	25
111	133	100	25
111	138	100	25
111	148	99	25
112	102	91	25
112	110	100	25
112	113	98	25
112	115	100	25
112	116	98	25
112	117	99	25
112	119	99	25
112	125	100	25
112	126	1	25
112	128	92	25
112	131	99	25
112	137	99	25
112	138	100	25
112	141	98	25
112	146	100	25
112	148	100	25
112	149	100	25
113	102	92	25
113	103	99	25
113	108	97	25
113	109	3	25
113	110	99	25
113	111	95	25
113	112	100	25
113	115	100	25
113	116	99	25
113	117	100	25
113	118	61	25
113	119	91	25
113	121	3	25
113	125	100	25
113	127	100	25
113	130	100	25
113	131	99	25
113	133	12	25
113	137	80	25
113	138	16	25
113	139	100	25
113	144	98	25
113	146	99	25
113	148	100	25
113	149	100	25
114	110	100	25
114	115	81	25
114	119	99	25
114	120	99	25
114	128	98	25
114	129	16	25
114	130	59	25
114	131	60	25
114	135	100	25
114	136	99	25
114	137	98	25
114	148	3	25
115	110	100	25
115	112	100	25
115	113	99	25
115	114	100	25
115	117	98	25
115	119	99	25
115	125	98	25
115	130	100	25
115	131	99	25
115	146	1	25
115	149	100	25
116	100	81	25
116	101	100	25
116	102	100	25
116	103	99	25
116	105	46	25
116	106	79	25
116	107	100	25
116	108	100	25
116	109	100	25
116	111	100	25
116	112	100	25
116	113	99	25
116	117	98	25
116	118	100	25
116	121	95	25
116	122	94	25
116	123	0	25
116	125	100	25
116	126	80	25
116	127	15	25
116	130	100	25
116	131	93	25
116	133	99	25
116	138	100	25
116	139	4	25
116	144	3	25
116	146	99	25
116	148	100	25
117	109	100	25
117	110	100	25
117	111	0	25
117	112	100	25
117	113	100	25
117	114	89	25
117	115	100	25
117	116	96	25
117	119	100	25
117	125	100	25
117	126	99	25
117	130	63	25
117	131	100	25
117	133	100	25
117	135	100	25
117	137	95	25
117	138	100	25
117	146	100	25
117	148	100	25
117	149	100	25
118	100	99	25
118	101	100	25
118	102	98	25
118	103	100	25
118	104	31	25
118	106	6	25
118	107	100	25
118	108	98	25
118	109	100	25
118	111	100	25
118	113	98	25
118	116	99	25
118	121	99	25
118	122	100	25
118	123	14	25
118	124	100	25
118	125	97	25
118	126	99	25
118	127	94	25
118	130	100	25
118	133	100	25
118	138	100	25
118	146	85	25
118	148	100	25
119	110	100	25
119	112	97	25
119	113	100	25
119	114	100	25
119	115	98	25
119	117	100	25
119	120	100	25
119	125	97	25
119	128	100	25
119	129	100	25
119	130	98	25
119	131	0	25
119	135	99	25
119	136	100	25
119	137	100	25
119	146	98	25
119	148	100	25
119	149	99	25
120	114	100	25
120	119	100	25
120	128	99	25
120	129	99	25
120	131	33	25
120	136	100	25
120	142	96	25
121	100	91	25
121	101	98	25
121	102	0	25
121	103	100	25
121	104	100	25
121	106	100	25
121	107	98	25
121	108	100	25
121	111	36	25
121	113	99	25
121	116	85	25
121	118	99	25
121	122	100	25
121	123	100	25
121	124	98	25
121	125	1	25
121	126	100	25
121	133	99	25
121	138	99	25
121	148	1	25
122	100	99	25
122	101	99	25
122	102	100	25
122	103	88	25
122	105	100	25
122	106	4	25
122	107	100	25
122	108	100	25
122	109	98	25
122	111	100	25
122	113	49	25
122	116	100	25
122	118	99	25
122	121	100	25
122	123	17	25
122	124	45	25
122	125	100	25
122	126	6	25
122	127	100	25
122	130	100	25
122	133	100	25
122	144	98	25
122	148	99	25
123	101	12	25
123	103	100	25
123	104	100	25
123	106	100	25
123	108	97	25
123	118	76	25
123	121	100	25
123	124	100	25
123	126	100	25
123	130	99	25
123	133	89	25
123	138	100	25
123	148	90	25
124	101	64	25
124	102	99	25
124	103	98	25
124	104	100	25
124	106	98	25
124	107	98	25
124	108	97	25
124	111	15	25
124	118	97	25
124	121	100	25
124	123	99	25
125	102	100	25
125	103	88	25
125	104	37	25
125	105	26	25
125	106	100	25
125	108	98	25
125	109	38	25
125	111	99	25
125	112	100	25
125	113	99	25
125	115	98	25
125	116	100	25
125	117	100	25
125	118	100	25
125	119	100	25
125	122	100	25
125	126	100	25
125	130	98	25
125	131	100	25
125	133	100	25
125	138	100	25
125	144	99	25
125	146	98	25
125	148	99	25
126	102	74	25
126	103	100	25
126	104	100	25
126	111	100	25
126	117	100	25
126	118	88	25
126	121	100	25
126	123	100	25
126	125	100	25
126	130	99	25
126	138	100	25
126	144	100	25
126	146	100	25
127	100	100	25
127	101	100	25
127	102	100	25
127	105	100	25
127	107	100	25
127	108	87	25
127	109	100	25
127	113	100	25
127	116	14	25
127	122	100	25
127	125	1	25
127	130	3	25
127	133	98	25
127	138	11	25
127	143	86	25
127	144	100	25
127	146	98	25
127	148	100	25
128	110	100	25
128	114	100	25
128	119	98	25
128	120	100	25
128	129	98	25
128	135	100	25
128	142	98	25
128	149	100	25
129	114	56	25
129	119	99	25
129	120	100	25
129	128	100	25
129	131	66	25
129	136	100	25
129	140	98	25
129	142	100	25
129	143	75	25
129	147	100	25
130	103	100	25
130	105	69	25
130	106	3	25
130	108	100	25
130	109	100	25
130	110	100	25
130	113	100	25
130	114	44	25
130	115	99	25
130	116	100	25
130	118	98	25
130	119	98	25
130	122	16	25
130	123	98	25
130	125	100	25
130	126	98	25
130	131	99	25
130	133	100	25
130	138	100	25
130	139	100	25
130	141	1	25
130	143	98	25
130	144	100	25
130	146	100	25
130	148	100	25
130	149	55	25
131	103	8	25
131	110	100	25
131	112	100	25
131	113	98	25
131	114	76	25
131	115	100	25
131	116	3	25
131	117	99	25
131	120	19	25
131	125	100	25
131	129	44	25
131	130	98	25
131	138	15	25
131	139	98	25
131	141	99	25
131	142	100	25
131	143	100	25
131	144	100	25
131	147	17	25
131	148	100	25
131	149	99	25
132	114	100	25
132	115	98	25
132	119	99	25
132	120	98	25
132	128	31	25
132	129	98	25
132	135	100	25
132	136	100	25
132	137	66	25
133	101	99	25
133	102	100	25
133	103	99	25
133	105	100	25
133	106	98	25
133	107	98	25
133	108	100	25
133	109	100	25
133	111	100	25
133	113	71	25
133	116	100	25
133	117	98	25
133	118	98	25
133	121	100	25
133	122	99	25
133	123	8	25
133	125	99	25
133	127	100	25
133	130	99	25
133	138	98	25
133	144	98	25
133	146	100	25
133	148	98	25
134	102	100	25
134	110	99	25
134	112	100	25
134	113	100	25
134	114	100	25
134	115	100	25
134	116	37	25
134	117	100	25
134	119	100	25
134	120	14	25
134	125	99	25
134	128	100	25
134	130	98	25
134	131	100	25
134	133	85	25
134	137	100	25
134	138	100	25
134	139	50	25
134	141	14	25
134	143	98	25
134	144	99	25
134	146	99	25
134	148	100	25
134	149	70	25
135	110	99	25
135	114	100	25
135	117	100	25
135	119	100	25
135	128	100	25
135	136	100	25
135	137	100	25
135	149	97	25
136	114	98	25
136	119	100	25
136	120	100	25
136	128	18	25
136	129	100	25
136	135	99	25
136	137	30	25
136	142	100	25
137	110	100	25
137	112	94	25
137	113	97	25
137	114	100	25
137	115	20	25
137	117	98	25
137	119	99	25
137	128	7	25
137	135	99	25
137	136	70	25
138	102	99	25
138	103	100	25
138	104	100	25
138	105	1	25
138	106	100	25
138	108	99	25
138	109	8	25
138	110	14	25
138	111	98	25
138	112	100	25
138	116	95	25
138	117	99	25
138	118	92	25
138	121	97	25
138	123	99	25
138	125	100	25
138	126	99	25
138	130	100	25
138	131	2	25
138	133	81	25
138	144	9	25
138	146	100	25
138	148	98	25
138	149	25	25
139	102	97	25
139	103	95	25
139	105	99	25
139	108	78	25
139	109	100	25
139	110	80	25
139	113	100	25
139	128	6	25
139	130	100	25
139	131	100	25
139	140	100	25
139	141	99	25
139	143	100	25
139	144	100	25
139	146	98	25
139	147	100	25
139	149	74	25
140	129	100	25
140	139	100	25
140	141	100	25
140	142	100	25
140	143	100	25
140	147	100	25
141	112	100	25
141	128	4	25
141	130	89	25
141	131	98	25
141	139	99	25
141	140	100	25
141	142	100	25
141	143	100	25
141	144	100	25
141	147	9	25
141	148	100	25
141	149	99	25
142	120	100	25
142	128	98	25
142	129	100	25
142	131	100	25
142	136	97	25
142	139	22	25
142	140	100	25
142	141	99	25
142	143	98	25
142	146	14	25
142	147	98	25
143	105	100	25
143	109	100	25
143	110	24	25
143	129	23	25
143	130	100	25
143	131	100	25
143	139	100	25
143	140	100	25
143	141	100	25
143	142	100	25
143	144	100	25
143	147	100	25
143	148	100	25
144	100	10	25
144	101	94	25
144	102	99	25
144	103	100	25
144	105	100	25
144	107	97	25
144	108	98	25
144	109	100	25
144	113	100	25
144	116	5	25
144	122	96	25
144	125	99	25
144	126	99	25
144	127	100	25
144	130	99	25
144	131	99	25
144	133	100	25
144	138	98	25
144	139	100	25
144	141	100	25
144	143	100	25
144	146	100	25
144	148	100	25
144	149	24	25
146	102	99	25
146	103	97	25
146	105	98	25
146	107	96	25
146	108	3	25
146	109	98	25
146	110	100	25
146	112	100	25
146	113	98	25
146	116	99	25
146	117	100	25
146	118	97	25
146	119	100	25
146	125	99	25
146	126	98	25
146	127	100	25
146	128	61	25
146	130	99	25
146	133	99	25
146	138	100	25
146	139	99	25
146	142	37	25
146	144	100	25
146	148	100	25
146	149	99	25
147	129	100	25
147	131	35	25
147	139	98	25
147	140	99	25
147	142	100	25
147	143	99	25
148	102	99	25
148	108	100	25
148	109	100	25
148	110	2	25
148	111	99	25
148	112	100	25
148	113	99	25
148	114	74	25
148	116	100	25
148	117	100	25
148	118	100	25
148	119	100	25
148	123	96	25
148	125	100	25
148	126	52	25
148	127	100	25
148	130	98	25
148	131	98	25
148	133	99	25
148	138	100	25
148	141	100	25
148	143	98	25
148	144	98	25
148	146	100	25
148	149	98	25
149	108	2	25
149	110	100	25
149	112	99	25
149	113	100	25
149	115	100	25
149	117	100	25
149	119	100	25
149	128	98	25
149	130	100	25
149	131	98	25
149	135	100	25
149	138	98	25
149	139	95	25
149	141	100	25
149	143	9	25
149	144	25	25
149	146	100	25
149	148	99	25
100	101	75	24
100	102	99	24
100	105	93	24
100	107	99	24
100	108	99	24
100	109	37	24
100	116	6	24
100	118	99	24
100	122	75	24
100	127	98	24
100	133	92	24
100	144	24	24
101	102	98	24
101	103	98	24
101	105	98	24
101	107	100	24
101	108	100	24
101	109	100	24
101	116	98	24
101	118	100	24
101	121	100	24
101	122	97	24
101	123	72	24
101	124	54	24
101	127	96	24
101	133	100	24
102	100	92	24
102	101	95	24
102	103	98	24
102	107	100	24
102	108	100	24
102	109	98	24
102	112	52	24
102	113	100	24
102	116	100	24
102	117	84	24
102	118	98	24
102	122	99	24
102	123	9	24
102	124	100	24
102	125	100	24
102	126	84	24
102	127	97	24
102	130	2	24
102	133	100	24
102	138	100	24
102	139	4	24
102	144	100	24
102	146	98	24
102	148	99	24
103	101	65	24
103	102	99	24
103	104	100	24
103	106	98	24
103	107	99	24
103	108	98	24
103	111	99	24
103	113	100	24
103	116	100	24
103	118	98	24
103	121	100	24
103	122	69	24
103	123	100	24
103	124	8	24
103	125	100	24
103	126	99	24
103	130	100	24
103	131	90	24
103	133	100	24
103	138	99	24
103	139	99	24
103	144	100	24
103	146	3	24
103	148	99	24
104	103	99	24
104	106	91	24
104	111	100	24
104	113	94	24
104	116	99	24
104	117	53	24
104	118	90	24
104	121	100	24
104	123	100	24
104	124	100	24
104	125	43	24
104	126	100	24
104	133	15	24
104	138	99	24
104	148	42	24
105	100	97	24
105	101	97	24
105	103	23	24
105	108	100	24
105	109	96	24
105	112	37	24
105	116	97	24
105	117	61	24
105	118	10	24
105	122	96	24
105	125	100	24
105	126	4	24
105	127	94	24
105	130	100	24
105	133	98	24
105	138	100	24
105	139	97	24
105	141	96	24
105	143	97	24
105	144	99	24
105	146	99	24
105	148	96	24
105	149	2	24
106	101	24	24
106	102	9	24
106	103	100	24
106	104	63	24
106	107	8	24
106	108	7	24
106	111	100	24
106	113	67	24
106	116	42	24
106	117	71	24
106	118	29	24
106	121	100	24
106	123	100	24
106	124	98	24
106	125	64	24
106	126	96	24
106	130	48	24
106	133	94	24
106	138	100	24
107	100	92	24
107	101	92	24
107	102	99	24
107	103	96	24
107	108	99	24
107	109	100	24
107	116	100	24
107	118	99	24
107	121	100	24
107	122	97	24
107	123	27	24
107	124	98	24
107	127	92	24
107	133	100	24
107	144	98	24
107	146	21	24
107	148	62	24
108	100	71	24
108	101	94	24
108	102	100	24
108	103	100	24
108	105	64	24
108	106	9	24
108	107	100	24
108	109	91	24
108	113	7	24
108	116	98	24
108	117	30	24
108	118	100	24
108	121	99	24
108	122	98	24
108	123	5	24
108	124	100	24
108	125	97	24
108	126	97	24
108	127	2	24
108	130	100	24
108	133	99	24
108	144	98	24
108	146	71	24
108	148	95	24
109	100	90	24
109	101	94	24
109	102	100	24
109	103	45	24
109	105	100	24
109	107	100	24
109	108	96	24
109	111	8	24
109	112	98	24
109	113	100	24
109	115	7	24
109	116	100	24
109	117	99	24
109	118	100	24
109	119	29	24
109	122	97	24
109	124	22	24
109	125	99	24
109	127	100	24
109	130	99	24
109	131	49	24
109	133	99	24
109	138	100	24
109	139	97	24
109	140	13	24
109	143	96	24
109	144	100	24
109	146	100	24
109	148	100	24
109	149	92	24
110	112	98	24
110	113	100	24
110	114	100	24
110	115	100	24
110	117	99	24
110	119	100	24
110	120	96	24
110	125	94	24
110	128	57	24
110	130	99	24
110	131	100	24
110	135	99	24
110	137	100	24
110	139	50	24
110	146	96	24
110	148	92	24
110	149	100	24
111	102	1	24
111	103	98	24
111	104	100	24
111	106	93	24
111	108	5	24
111	112	78	24
111	117	88	24
111	118	61	24
111	121	100	24
111	123	93	24
111	124	46	24
111	125	98	24
111	126	98	24
111	130	100	24
111	133	96	24
111	138	100	24
111	144	5	24
111	146	25	24
111	148	100	24
112	102	48	24
112	109	53	24
112	110	100	24
112	111	61	24
112	113	99	24
112	115	100	24
112	116	93	24
112	117	100	24
112	118	62	24
112	119	100	24
112	125	99	24
112	130	100	24
112	131	100	24
112	135	65	24
112	137	96	24
112	138	98	24
112	139	97	24
112	141	76	24
112	146	100	24
112	148	99	24
112	149	100	24
113	102	97	24
113	103	95	24
113	104	96	24
113	106	3	24
113	108	8	24
113	109	92	24
113	110	93	24
113	112	99	24
113	115	100	24
113	116	100	24
113	117	100	24
113	118	100	24
113	119	98	24
113	121	3	24
113	125	100	24
113	127	95	24
113	130	98	24
113	131	100	24
113	133	85	24
113	135	64	24
113	137	92	24
113	138	95	24
113	139	100	24
113	143	73	24
113	144	100	24
113	146	98	24
113	148	99	24
113	149	100	24
114	110	100	24
114	112	10	24
114	115	98	24
114	117	98	24
114	119	100	24
114	120	100	24
114	125	0	24
114	128	98	24
114	129	100	24
114	130	71	24
114	131	9	24
114	135	100	24
114	136	97	24
114	137	98	24
114	148	85	24
114	149	99	24
115	110	100	24
115	112	100	24
115	113	100	24
115	114	97	24
115	116	27	24
115	117	100	24
115	119	100	24
115	125	100	24
115	130	100	24
115	131	19	24
115	135	41	24
115	137	100	24
115	139	94	24
115	146	94	24
115	148	30	24
115	149	100	24
116	100	12	24
116	101	97	24
116	102	100	24
116	103	97	24
116	104	100	24
116	105	62	24
116	106	51	24
116	107	99	24
116	108	100	24
116	109	87	24
116	112	100	24
116	113	100	24
116	115	51	24
116	117	100	24
116	118	100	24
116	121	24	24
116	122	95	24
116	123	75	24
116	124	75	24
116	125	98	24
116	126	97	24
116	127	88	24
116	130	100	24
116	131	93	24
116	133	100	24
116	138	100	24
116	144	61	24
116	146	100	24
116	148	99	24
116	149	93	24
117	102	76	24
117	104	27	24
117	106	17	24
117	108	14	24
117	109	98	24
117	110	99	24
117	111	81	24
117	112	100	24
117	113	100	24
117	114	96	24
117	115	100	24
117	116	97	24
117	119	100	24
117	125	100	24
117	126	98	24
117	128	6	24
117	130	100	24
117	131	100	24
117	133	100	24
117	135	97	24
117	137	100	24
117	138	100	24
117	144	99	24
117	146	100	24
117	148	98	24
117	149	98	24
118	100	97	24
118	101	97	24
118	102	97	24
118	103	98	24
118	104	100	24
118	106	86	24
118	107	100	24
118	108	100	24
118	109	98	24
118	111	36	24
118	112	66	24
118	113	100	24
118	116	99	24
118	121	98	24
118	122	74	24
118	123	98	24
118	124	75	24
118	125	98	24
118	126	5	24
118	130	99	24
118	131	12	24
118	133	100	24
118	138	85	24
118	144	64	24
118	146	1	24
118	148	100	24
119	110	100	24
119	112	100	24
119	113	100	24
119	114	98	24
119	115	98	24
119	117	100	24
119	120	98	24
119	125	100	24
119	128	99	24
119	129	100	24
119	130	100	24
119	131	99	24
119	135	100	24
119	139	5	24
119	144	6	24
119	146	98	24
119	148	100	24
119	149	100	24
120	110	95	24
120	114	99	24
120	119	98	24
120	128	99	24
120	129	99	24
120	135	99	24
120	136	100	24
120	137	97	24
121	101	98	24
121	103	100	24
121	104	98	24
121	106	100	24
121	107	100	24
121	108	97	24
121	111	99	24
121	113	14	24
121	118	100	24
121	122	99	24
121	123	100	24
121	124	100	24
121	125	96	24
121	126	100	24
121	130	13	24
121	133	97	24
121	138	97	24
122	100	85	24
122	101	97	24
122	102	100	24
122	103	95	24
122	105	100	24
122	107	98	24
122	108	100	24
122	109	99	24
122	111	5	24
122	113	98	24
122	116	42	24
122	118	100	24
122	121	99	24
122	124	15	24
122	125	98	24
122	126	17	24
122	127	100	24
122	130	36	24
122	133	100	24
122	138	97	24
122	143	96	24
122	144	99	24
122	146	23	24
122	148	84	24
123	101	93	24
123	102	48	24
123	103	100	24
123	104	98	24
123	106	100	24
123	107	8	24
123	108	18	24
123	111	99	24
123	116	60	24
123	118	100	24
123	121	100	24
123	124	94	24
123	125	98	24
123	126	98	24
123	130	100	24
123	133	98	24
123	138	99	24
124	101	97	24
124	102	96	24
124	103	57	24
124	104	100	24
124	106	100	24
124	107	95	24
124	108	88	24
124	118	69	24
124	121	98	24
124	123	99	24
124	125	96	24
124	126	16	24
124	133	84	24
125	102	99	24
125	103	94	24
125	104	9	24
125	105	89	24
125	106	55	24
125	108	86	24
125	109	9	24
125	110	98	24
125	111	100	24
125	112	100	24
125	113	99	24
125	115	100	24
125	116	98	24
125	117	99	24
125	118	100	24
125	119	99	24
125	121	97	24
125	122	37	24
125	123	64	24
125	124	97	24
125	126	98	24
125	130	100	24
125	133	97	24
125	138	100	24
125	144	12	24
125	146	98	24
125	148	97	24
126	102	75	24
126	103	99	24
126	104	99	24
126	106	93	24
126	108	95	24
126	111	100	24
126	116	99	24
126	117	98	24
126	118	23	24
126	121	98	24
126	123	100	24
126	125	100	24
126	130	98	24
126	138	99	24
126	144	98	24
126	146	100	24
126	148	99	24
127	100	100	24
127	101	73	24
127	102	100	24
127	105	91	24
127	107	99	24
127	108	73	24
127	109	96	24
127	113	100	24
127	116	97	24
127	122	100	24
127	130	34	24
127	133	96	24
127	143	95	24
127	144	100	24
127	146	100	24
127	148	100	24
128	114	99	24
128	119	99	24
128	120	97	24
128	129	25	24
128	135	100	24
128	137	1	24
128	140	2	24
128	142	99	24
128	149	96	24
129	114	99	24
129	119	97	24
129	120	100	24
129	128	97	24
129	131	96	24
129	136	100	24
129	140	94	24
129	143	67	24
129	147	84	24
129	149	72	24
130	102	3	24
130	103	96	24
130	105	9	24
130	106	9	24
130	108	90	24
130	109	98	24
130	110	97	24
130	111	95	24
130	112	100	24
130	113	100	24
130	114	94	24
130	115	100	24
130	116	97	24
130	117	100	24
130	118	97	24
130	119	100	24
130	121	0	24
130	123	97	24
130	125	100	24
130	126	99	24
130	131	100	24
130	133	94	24
130	138	99	24
130	139	97	24
130	141	28	24
130	143	3	24
130	144	100	24
130	146	100	24
130	148	100	24
130	149	57	24
131	103	92	24
131	110	98	24
131	112	98	24
131	113	100	24
131	114	26	24
131	115	33	24
131	116	89	24
131	117	98	24
131	118	33	24
131	119	94	24
131	125	0	24
131	129	98	24
131	130	98	24
131	138	91	24
131	139	96	24
131	140	95	24
131	141	98	24
131	142	94	24
131	143	98	24
131	144	97	24
131	146	100	24
131	147	86	24
131	148	100	24
131	149	100	24
132	110	87	24
132	112	100	24
132	114	98	24
132	115	100	24
132	119	100	24
132	120	98	24
132	128	100	24
132	129	100	24
132	135	99	24
132	136	99	24
132	137	100	24
132	149	95	24
133	100	90	24
133	101	98	24
133	102	100	24
133	103	96	24
133	105	100	24
133	106	100	24
133	107	100	24
133	108	100	24
133	109	99	24
133	111	100	24
133	113	95	24
133	116	100	24
133	117	99	24
133	118	100	24
133	121	100	24
133	122	98	24
133	123	61	24
133	124	93	24
133	125	99	24
133	127	93	24
133	130	100	24
133	138	98	24
133	144	100	24
133	146	100	24
133	148	100	24
135	110	98	24
135	112	76	24
135	113	72	24
135	114	100	24
135	117	80	24
135	119	100	24
135	120	94	24
135	128	98	24
135	136	96	24
135	137	98	24
135	149	97	24
136	114	97	24
136	120	98	24
136	129	98	24
136	135	98	24
137	110	100	24
137	112	97	24
137	113	89	24
137	114	97	24
137	115	98	24
137	117	99	24
137	120	91	24
137	125	3	24
137	128	29	24
137	135	100	24
137	136	6	24
137	149	98	24
138	102	86	24
138	103	95	24
138	104	100	24
138	105	68	24
138	106	100	24
138	108	1	24
138	109	57	24
138	111	100	24
138	112	100	24
138	113	98	24
138	116	97	24
138	117	98	24
138	118	94	24
138	121	24	24
138	123	84	24
138	125	100	24
138	126	100	24
138	130	100	24
138	131	54	24
138	133	45	24
138	144	100	24
138	146	100	24
138	148	98	24
139	102	39	24
139	103	96	24
139	105	62	24
139	109	92	24
139	110	61	24
139	112	100	24
139	113	100	24
139	115	100	24
139	119	6	24
139	130	100	24
139	131	98	24
139	140	98	24
139	141	100	24
139	142	99	24
139	143	99	24
139	144	99	24
139	146	100	24
139	147	99	24
139	148	30	24
139	149	98	24
140	128	56	24
140	129	100	24
140	131	95	24
140	139	97	24
140	141	99	24
140	142	99	24
140	143	99	24
140	146	76	24
140	147	99	24
141	105	74	24
141	110	38	24
141	112	99	24
141	113	1	24
141	130	98	24
141	131	100	24
141	139	100	24
141	140	100	24
141	142	98	24
141	143	100	24
141	144	99	24
141	146	98	24
141	147	99	24
141	148	100	24
141	149	99	24
142	114	0	24
142	128	98	24
142	131	100	24
142	139	99	24
142	140	100	24
142	141	100	24
142	143	98	24
142	147	100	24
143	105	89	24
143	109	95	24
143	113	87	24
143	122	1	24
143	127	1	24
143	129	77	24
143	130	16	24
143	131	99	24
143	139	99	24
143	140	99	24
143	141	100	24
143	142	100	24
143	144	92	24
143	146	56	24
143	147	100	24
143	148	3	24
143	149	43	24
144	100	3	24
144	102	100	24
144	103	93	24
144	105	98	24
144	107	88	24
144	108	98	24
144	109	99	24
144	111	1	24
144	113	100	24
144	116	64	24
144	117	99	24
144	118	3	24
144	122	62	24
144	125	13	24
144	126	100	24
144	127	82	24
144	130	99	24
144	131	95	24
144	133	100	24
144	138	99	24
144	139	95	24
144	141	98	24
144	143	97	24
144	146	100	24
144	148	98	24
144	149	97	24
146	102	99	24
146	103	12	24
146	105	79	24
146	107	65	24
146	108	91	24
146	109	98	24
146	110	97	24
146	111	5	24
146	112	100	24
146	113	100	24
146	115	99	24
146	116	94	24
146	117	98	24
146	118	9	24
146	119	100	24
146	125	100	24
146	126	98	24
146	127	90	24
146	130	100	24
146	131	100	24
146	133	98	24
146	138	98	24
146	139	95	24
146	140	76	24
146	141	94	24
146	143	55	24
146	144	100	24
146	148	100	24
146	149	100	24
147	129	82	24
147	131	96	24
147	139	95	24
147	140	99	24
147	141	96	24
147	142	100	24
147	143	96	24
148	102	85	24
148	103	88	24
148	104	21	24
148	105	25	24
148	107	59	24
148	108	88	24
148	109	87	24
148	110	88	24
148	111	89	24
148	112	90	24
148	113	86	24
148	114	95	24
148	115	49	24
148	116	89	24
148	117	89	24
148	118	89	24
148	119	86	24
148	125	84	24
148	126	83	24
148	127	87	24
148	130	87	24
148	131	89	24
148	133	87	24
148	138	90	24
148	139	3	24
148	141	90	24
148	144	87	24
148	146	86	24
148	149	89	24
149	110	97	24
149	112	99	24
149	113	100	24
149	114	96	24
149	115	100	24
149	116	80	24
149	117	100	24
149	119	100	24
149	128	99	24
149	129	57	24
149	130	77	24
149	131	98	24
149	135	100	24
149	137	100	24
149	139	99	24
149	141	97	24
149	143	36	24
149	144	100	24
149	146	98	24
149	148	98	24
100	101	98	23
100	102	12	23
100	105	97	23
100	107	37	23
100	108	92	23
100	109	93	23
100	118	90	23
100	122	98	23
100	124	3	23
100	127	99	23
101	100	96	23
101	102	97	23
101	105	95	23
101	107	94	23
101	108	97	23
101	109	96	23
101	116	96	23
101	118	95	23
101	121	97	23
101	122	99	23
101	123	90	23
101	124	96	23
101	127	99	23
101	133	95	23
101	144	2	23
102	101	99	23
102	103	98	23
102	105	100	23
102	107	100	23
102	108	98	23
102	109	98	23
102	111	93	23
102	113	99	23
102	116	100	23
102	117	98	23
102	118	99	23
102	122	97	23
102	125	98	23
102	127	98	23
102	133	100	23
102	138	100	23
102	144	97	23
102	146	99	23
102	148	100	23
103	101	9	23
103	102	99	23
103	104	100	23
103	105	8	23
103	106	95	23
103	107	92	23
103	108	99	23
103	111	98	23
103	113	98	23
103	116	98	23
103	118	71	23
103	121	95	23
103	122	85	23
103	123	99	23
103	124	83	23
103	125	97	23
103	126	98	23
103	127	2	23
103	130	98	23
103	131	61	23
103	133	100	23
103	138	82	23
103	146	44	23
103	148	67	23
104	103	95	23
104	106	96	23
104	111	96	23
104	113	1	23
104	116	87	23
104	118	30	23
104	123	100	23
104	124	59	23
104	125	91	23
104	126	99	23
104	138	99	23
105	100	91	23
105	101	92	23
105	102	89	23
105	103	87	23
105	107	46	23
105	108	75	23
105	109	97	23
105	113	94	23
105	116	91	23
105	122	97	23
105	125	91	23
105	127	98	23
105	133	89	23
105	138	91	23
105	139	80	23
105	141	96	23
105	143	94	23
105	144	100	23
105	148	99	23
106	103	98	23
106	104	98	23
106	107	75	23
106	108	82	23
106	111	100	23
106	116	94	23
106	117	35	23
106	118	8	23
106	121	98	23
106	123	100	23
106	124	99	23
106	126	97	23
106	133	32	23
106	138	94	23
107	101	91	23
107	102	98	23
107	103	98	23
107	106	83	23
107	108	99	23
107	109	95	23
107	116	96	23
107	118	98	23
107	121	95	23
107	122	91	23
107	124	69	23
107	127	92	23
107	133	79	23
108	100	98	23
108	101	100	23
108	102	100	23
108	103	96	23
108	105	72	23
108	106	87	23
108	107	100	23
108	109	98	23
108	111	10	23
108	116	96	23
108	117	76	23
108	118	100	23
108	121	97	23
108	122	98	23
108	123	98	23
108	126	98	23
108	127	100	23
108	133	100	23
108	138	94	23
108	144	98	23
108	146	79	23
108	148	14	23
109	100	95	23
109	101	97	23
109	102	96	23
109	103	93	23
109	105	99	23
109	107	96	23
109	108	99	23
109	112	98	23
109	113	100	23
109	115	43	23
109	116	97	23
109	117	96	23
109	118	78	23
109	121	18	23
109	122	97	23
109	126	62	23
109	127	95	23
109	130	95	23
109	133	96	23
109	138	94	23
109	139	85	23
109	141	93	23
109	143	99	23
109	144	100	23
109	146	97	23
109	148	100	23
110	112	100	23
110	113	100	23
110	114	82	23
110	115	99	23
110	117	97	23
110	119	99	23
110	120	6	23
110	125	86	23
110	128	5	23
110	130	97	23
110	131	100	23
110	135	92	23
110	137	100	23
110	138	59	23
110	139	29	23
110	146	90	23
110	149	100	23
111	102	75	23
111	103	92	23
111	104	98	23
111	106	96	23
111	108	69	23
111	116	72	23
111	117	91	23
111	118	62	23
111	121	95	23
111	123	100	23
111	124	1	23
111	125	94	23
111	126	95	23
111	130	20	23
111	133	72	23
111	138	98	23
111	148	59	23
112	109	71	23
112	110	100	23
112	113	100	23
112	114	96	23
112	115	98	23
112	117	100	23
112	118	17	23
112	119	98	23
112	125	97	23
112	130	97	23
112	131	95	23
112	138	98	23
112	139	98	23
112	146	84	23
112	148	100	23
112	149	100	23
113	102	88	23
113	103	95	23
113	104	68	23
113	105	68	23
113	109	89	23
113	110	97	23
113	112	100	23
113	115	96	23
113	116	6	23
113	117	99	23
113	118	78	23
113	119	100	23
113	125	100	23
113	130	100	23
113	131	84	23
113	135	85	23
113	138	98	23
113	139	99	23
113	143	92	23
113	144	94	23
113	146	98	23
113	148	98	23
113	149	94	23
114	112	9	23
114	115	100	23
114	117	93	23
114	119	100	23
114	120	100	23
114	128	99	23
114	129	100	23
114	135	98	23
114	136	100	23
114	142	1	23
114	149	25	23
115	110	91	23
115	112	100	23
115	113	94	23
115	114	86	23
115	117	94	23
115	119	100	23
115	125	94	23
115	130	98	23
115	131	3	23
115	135	88	23
115	137	20	23
115	138	59	23
115	139	3	23
115	141	5	23
115	143	17	23
115	146	97	23
115	149	99	23
116	101	95	23
116	102	97	23
116	103	100	23
116	104	95	23
116	105	94	23
116	106	99	23
116	107	91	23
116	108	99	23
116	109	94	23
116	111	95	23
116	113	41	23
116	117	100	23
116	118	98	23
116	122	95	23
116	123	85	23
116	125	99	23
116	126	100	23
116	127	91	23
116	130	100	23
116	133	98	23
116	138	98	23
116	144	97	23
116	146	100	23
116	148	100	23
117	101	0	23
117	102	92	23
117	106	18	23
117	108	78	23
117	109	94	23
117	110	92	23
117	111	90	23
117	112	98	23
117	113	100	23
117	114	97	23
117	115	98	23
117	116	98	23
117	119	96	23
117	125	100	23
117	126	97	23
117	130	100	23
117	131	100	23
117	133	97	23
117	138	99	23
117	141	3	23
117	144	35	23
117	146	99	23
117	148	8	23
117	149	95	23
118	100	73	23
118	101	95	23
118	102	98	23
118	103	86	23
118	104	8	23
118	106	1	23
118	107	96	23
118	108	99	23
118	109	88	23
118	111	40	23
118	113	95	23
118	116	97	23
118	121	95	23
118	122	35	23
118	123	98	23
118	124	94	23
118	125	96	23
118	127	0	23
118	130	90	23
118	133	99	23
118	138	98	23
118	144	80	23
118	146	84	23
119	110	100	23
119	112	98	23
119	113	100	23
119	114	99	23
119	115	98	23
119	117	97	23
119	120	99	23
119	125	89	23
119	128	100	23
119	129	100	23
119	130	97	23
119	131	95	23
119	135	58	23
119	137	94	23
119	144	3	23
119	148	91	23
119	149	100	23
120	114	100	23
120	119	96	23
120	128	99	23
120	129	100	23
120	135	99	23
120	136	98	23
121	100	19	23
121	101	95	23
121	103	94	23
121	104	23	23
121	106	100	23
121	107	92	23
121	108	96	23
121	109	77	23
121	111	98	23
121	113	12	23
121	116	81	23
121	117	6	23
121	118	100	23
121	122	90	23
121	123	100	23
121	124	97	23
121	125	90	23
121	126	100	23
121	133	97	23
121	138	69	23
122	100	97	23
122	101	100	23
122	102	98	23
122	103	96	23
122	105	100	23
122	106	67	23
122	107	96	23
122	108	99	23
122	109	98	23
122	113	59	23
122	116	94	23
122	121	96	23
122	123	14	23
122	124	58	23
122	127	100	23
122	133	100	23
122	138	25	23
122	144	100	23
122	146	97	23
123	101	88	23
123	103	89	23
123	104	100	23
123	106	98	23
123	108	73	23
123	111	98	23
123	118	79	23
123	121	96	23
123	124	98	23
123	126	95	23
123	133	89	23
123	138	84	23
124	101	94	23
124	103	89	23
124	104	96	23
124	106	100	23
124	107	88	23
124	118	92	23
124	121	96	23
124	122	52	23
124	123	96	23
124	126	22	23
124	133	84	23
125	102	96	23
125	103	100	23
125	104	100	23
125	105	70	23
125	106	4	23
125	108	74	23
125	110	44	23
125	111	100	23
125	112	100	23
125	113	99	23
125	115	97	23
125	116	98	23
125	117	100	23
125	118	91	23
125	119	92	23
125	121	7	23
125	126	100	23
125	130	100	23
125	133	98	23
125	138	100	23
125	144	99	23
125	146	100	23
125	148	100	23
126	103	99	23
126	104	98	23
126	106	98	23
126	108	81	23
126	111	98	23
126	116	98	23
126	117	98	23
126	121	96	23
126	123	85	23
126	124	11	23
126	125	100	23
126	130	96	23
126	138	100	23
126	144	6	23
126	146	88	23
126	148	1	23
127	100	97	23
127	101	94	23
127	102	94	23
127	103	90	23
127	105	96	23
127	107	93	23
127	108	89	23
127	109	96	23
127	113	1	23
127	116	76	23
127	118	48	23
127	122	97	23
127	130	95	23
127	133	78	23
127	139	3	23
127	143	96	23
127	144	100	23
127	148	100	23
128	114	75	23
128	119	98	23
128	120	73	23
128	129	98	23
128	135	66	23
128	142	98	23
129	114	95	23
129	119	96	23
129	120	98	23
129	128	100	23
129	131	94	23
129	136	100	23
129	140	96	23
129	142	100	23
129	143	20	23
130	103	95	23
130	109	99	23
130	110	91	23
130	111	0	23
130	112	100	23
130	113	100	23
130	114	12	23
130	115	97	23
130	116	98	23
130	117	100	23
130	118	69	23
130	119	97	23
130	125	100	23
130	126	100	23
130	127	55	23
130	131	100	23
130	133	98	23
130	139	17	23
130	141	91	23
130	144	100	23
130	146	100	23
130	148	99	23
131	103	90	23
131	110	95	23
131	112	100	23
131	113	89	23
131	115	91	23
131	117	97	23
131	119	97	23
131	128	33	23
131	129	98	23
131	130	100	23
131	140	98	23
131	141	99	23
131	142	99	23
131	144	95	23
131	146	100	23
131	147	100	23
131	149	97	23
132	110	97	23
132	112	2	23
132	114	98	23
132	119	96	23
132	120	100	23
132	128	100	23
132	135	100	23
132	136	100	23
133	101	90	23
133	102	92	23
133	103	100	23
133	104	20	23
133	105	83	23
133	107	85	23
133	108	100	23
133	109	91	23
133	111	89	23
133	116	96	23
133	117	97	23
133	118	99	23
133	121	95	23
133	122	90	23
133	123	93	23
133	124	68	23
133	125	98	23
133	127	82	23
133	130	100	23
133	138	2	23
133	139	16	23
133	144	1	23
133	146	93	23
135	110	71	23
135	113	4	23
135	114	99	23
135	115	70	23
135	119	74	23
135	120	87	23
135	128	75	23
135	136	100	23
135	137	99	23
135	149	74	23
136	114	100	23
136	120	100	23
136	129	100	23
136	135	99	23
136	142	100	23
137	110	99	23
137	112	35	23
137	114	97	23
137	115	98	23
137	119	98	23
137	120	13	23
137	128	4	23
137	135	99	23
137	136	4	23
138	102	93	23
138	103	64	23
138	104	99	23
138	105	63	23
138	106	84	23
138	108	91	23
138	109	3	23
138	111	100	23
138	112	98	23
138	113	98	23
138	115	59	23
138	116	96	23
138	117	98	23
138	118	85	23
138	123	85	23
138	125	99	23
138	126	100	23
138	144	96	23
138	148	33	23
139	105	6	23
139	112	100	23
139	113	100	23
139	115	15	23
139	130	35	23
139	133	30	23
139	138	0	23
139	140	99	23
139	141	100	23
139	142	71	23
139	143	100	23
139	144	100	23
139	146	98	23
139	147	100	23
139	148	98	23
139	149	98	23
140	129	100	23
140	131	100	23
140	139	54	23
140	141	99	23
140	142	100	23
140	143	100	23
140	146	4	23
140	147	100	23
141	105	96	23
141	109	76	23
141	115	28	23
141	117	14	23
141	130	91	23
141	131	98	23
141	139	99	23
141	140	99	23
141	142	99	23
141	143	100	23
141	144	99	23
141	146	100	23
141	147	100	23
141	149	98	23
142	114	46	23
142	128	100	23
142	129	100	23
142	131	95	23
142	136	93	23
142	139	91	23
142	140	97	23
142	141	99	23
142	143	97	23
142	146	4	23
142	147	100	23
143	105	92	23
143	109	99	23
143	113	88	23
143	115	36	23
143	127	91	23
143	139	100	23
143	140	99	23
143	141	96	23
143	142	100	23
143	147	100	23
144	101	78	23
144	102	99	23
144	103	19	23
144	105	98	23
144	108	100	23
144	109	100	23
144	113	97	23
144	116	96	23
144	117	89	23
144	118	73	23
144	119	37	23
144	122	97	23
144	125	93	23
144	126	89	23
144	127	99	23
144	130	100	23
144	131	96	23
144	133	49	23
144	138	99	23
144	139	96	23
144	141	96	23
144	143	53	23
144	146	100	23
144	148	100	23
146	101	0	23
146	102	95	23
146	103	37	23
146	108	47	23
146	109	92	23
146	110	20	23
146	112	81	23
146	113	95	23
146	115	96	23
146	116	96	23
146	117	96	23
146	118	22	23
146	122	39	23
146	125	96	23
146	126	87	23
146	128	28	23
146	130	100	23
146	131	99	23
146	133	84	23
146	138	11	23
146	139	94	23
146	141	97	23
146	144	100	23
146	148	97	23
146	149	43	23
147	131	97	23
147	139	88	23
147	140	100	23
147	141	96	23
147	142	99	23
147	143	97	23
148	102	89	23
148	103	86	23
148	105	89	23
148	108	85	23
148	109	92	23
148	111	91	23
148	112	97	23
148	113	94	23
148	116	93	23
148	117	96	23
148	118	58	23
148	119	89	23
148	122	1	23
148	123	30	23
148	125	93	23
148	126	90	23
148	127	83	23
148	130	98	23
148	138	93	23
148	139	94	23
148	143	5	23
148	144	98	23
148	146	100	23
148	149	14	23
149	110	98	23
149	112	97	23
149	113	93	23
149	114	95	23
149	115	97	23
149	117	93	23
149	119	98	23
149	131	93	23
149	135	97	23
149	139	94	23
149	141	98	23
149	146	92	23
100	101	93	22
100	102	98	22
100	105	75	22
100	107	95	22
100	108	60	22
100	109	91	22
100	116	35	22
100	118	20	22
100	121	88	22
100	122	98	22
100	127	92	22
101	100	95	22
101	102	100	22
101	103	86	22
101	105	95	22
101	107	100	22
101	108	100	22
101	109	94	22
101	116	97	22
101	118	97	22
101	121	100	22
101	122	98	22
101	123	62	22
101	124	59	22
101	127	96	22
101	133	68	22
101	144	14	22
102	100	91	22
102	101	92	22
102	103	97	22
102	105	96	22
102	106	29	22
102	107	100	22
102	108	100	22
102	109	100	22
102	111	17	22
102	113	98	22
102	116	99	22
102	117	95	22
102	118	95	22
102	121	91	22
102	122	95	22
102	124	90	22
102	125	99	22
102	126	52	22
102	127	94	22
102	130	99	22
102	138	100	22
102	146	100	22
102	148	96	22
103	101	10	22
103	102	98	22
103	104	97	22
103	106	99	22
103	107	98	22
103	108	88	22
103	109	98	22
103	111	100	22
103	113	96	22
103	116	99	22
103	118	96	22
103	121	98	22
103	122	94	22
103	123	100	22
103	124	99	22
103	125	19	22
103	126	97	22
103	127	4	22
103	131	54	22
103	133	100	22
103	138	95	22
103	146	6	22
103	148	9	22
104	103	94	22
104	106	94	22
104	111	99	22
104	113	48	22
104	121	93	22
104	123	95	22
104	124	39	22
104	125	97	22
104	126	3	22
104	138	100	22
105	100	91	22
105	101	93	22
105	102	95	22
105	103	72	22
105	107	88	22
105	108	91	22
105	109	95	22
105	113	96	22
105	122	95	22
105	124	27	22
105	125	60	22
105	127	98	22
105	130	63	22
105	133	11	22
105	138	69	22
105	139	67	22
105	141	50	22
105	143	86	22
105	144	100	22
105	146	97	22
105	148	99	22
106	102	74	22
106	103	97	22
106	104	96	22
106	107	73	22
106	108	89	22
106	111	97	22
106	116	92	22
106	118	23	22
106	121	64	22
106	122	1	22
106	123	100	22
106	124	99	22
106	125	93	22
106	126	97	22
106	133	20	22
106	138	97	22
107	100	93	22
107	101	94	22
107	102	100	22
107	103	94	22
107	105	59	22
107	108	98	22
107	109	93	22
107	116	95	22
107	118	98	22
107	122	96	22
107	124	98	22
107	127	89	22
107	130	73	22
107	133	2	22
108	100	5	22
108	101	93	22
108	102	98	22
108	103	65	22
108	105	93	22
108	106	95	22
108	107	97	22
108	109	96	22
108	111	82	22
108	116	97	22
108	117	83	22
108	118	96	22
108	121	95	22
108	122	97	22
108	124	88	22
108	125	30	22
108	127	90	22
108	130	27	22
108	133	97	22
108	144	97	22
108	148	82	22
109	100	91	22
109	101	94	22
109	102	99	22
109	103	99	22
109	105	99	22
109	107	97	22
109	108	100	22
109	112	99	22
109	113	98	22
109	116	97	22
109	117	98	22
109	118	94	22
109	121	96	22
109	122	100	22
109	125	95	22
109	126	98	22
109	127	100	22
109	130	99	22
109	133	99	22
109	138	98	22
109	139	95	22
109	143	95	22
109	144	100	22
109	148	99	22
109	149	8	22
110	112	98	22
110	113	96	22
110	114	97	22
110	115	100	22
110	117	100	22
110	119	100	22
110	120	2	22
110	128	99	22
110	130	96	22
110	131	99	22
110	135	98	22
110	137	97	22
110	138	1	22
110	139	94	22
110	146	100	22
110	149	100	22
111	102	94	22
111	103	99	22
111	104	100	22
111	106	99	22
111	107	12	22
111	108	93	22
111	113	89	22
111	116	98	22
111	117	98	22
111	118	94	22
111	121	96	22
111	122	11	22
111	123	98	22
111	124	98	22
111	125	97	22
111	126	97	22
111	130	96	22
111	133	96	22
111	138	99	22
111	146	10	22
112	102	79	22
112	109	93	22
112	110	100	22
112	113	97	22
112	114	100	22
112	115	100	22
112	117	100	22
112	119	99	22
112	125	97	22
112	126	92	22
112	130	59	22
112	131	96	22
112	133	91	22
112	135	94	22
112	137	99	22
112	138	98	22
112	139	98	22
112	144	92	22
112	146	98	22
112	148	97	22
112	149	97	22
113	102	100	22
113	103	91	22
113	104	1	22
113	105	67	22
113	109	95	22
113	110	96	22
113	111	71	22
113	112	100	22
113	115	50	22
113	117	100	22
113	119	98	22
113	121	2	22
113	122	5	22
113	125	99	22
113	126	93	22
113	130	100	22
113	131	86	22
113	133	31	22
113	135	96	22
113	138	99	22
113	139	24	22
113	143	100	22
113	144	98	22
113	146	100	22
113	149	99	22
114	110	97	22
114	112	93	22
114	115	100	22
114	117	95	22
114	119	97	22
114	120	99	22
114	128	99	22
114	129	100	22
114	130	3	22
114	131	54	22
114	135	98	22
114	136	99	22
114	137	100	22
114	142	3	22
115	102	18	22
115	110	100	22
115	112	99	22
115	113	86	22
115	114	96	22
115	117	96	22
115	119	98	22
115	125	90	22
115	130	72	22
115	131	96	22
115	135	98	22
115	137	99	22
115	138	88	22
115	139	94	22
115	146	91	22
115	149	98	22
116	100	76	22
116	101	90	22
116	102	96	22
116	103	97	22
116	106	95	22
116	107	97	22
116	108	97	22
116	109	96	22
116	111	95	22
116	117	96	22
116	118	97	22
116	121	99	22
116	122	90	22
116	124	91	22
116	125	97	22
116	126	97	22
116	130	99	22
116	133	97	22
116	138	98	22
116	144	99	22
116	146	97	22
116	148	97	22
117	102	87	22
117	108	76	22
117	109	70	22
117	110	95	22
117	111	81	22
117	112	100	22
117	113	99	22
117	114	93	22
117	115	100	22
117	116	82	22
117	118	74	22
117	119	92	22
117	125	98	22
117	126	89	22
117	130	97	22
117	131	100	22
117	133	85	22
117	135	24	22
117	137	56	22
117	138	99	22
117	144	86	22
117	146	97	22
117	148	90	22
117	149	95	22
118	100	3	22
118	101	92	22
118	102	96	22
118	103	92	22
118	106	4	22
118	107	96	22
118	108	95	22
118	109	91	22
118	111	87	22
118	116	92	22
118	117	85	22
118	121	93	22
118	122	88	22
118	123	86	22
118	124	96	22
118	125	95	22
118	133	97	22
118	138	95	22
118	139	1	22
118	144	27	22
118	146	16	22
119	110	98	22
119	112	100	22
119	113	98	22
119	114	98	22
119	115	100	22
119	117	96	22
119	120	97	22
119	128	99	22
119	129	96	22
119	130	92	22
119	131	96	22
119	135	100	22
119	136	42	22
119	137	99	22
119	144	54	22
119	146	56	22
119	149	100	22
120	110	95	22
120	114	62	22
120	119	100	22
120	128	99	22
120	129	100	22
120	135	100	22
120	136	100	22
120	142	99	22
121	100	70	22
121	101	91	22
121	102	95	22
121	103	95	22
121	104	97	22
121	106	32	22
121	107	94	22
121	108	100	22
121	109	88	22
121	111	95	22
121	113	72	22
121	116	95	22
121	118	99	22
121	122	91	22
121	123	93	22
121	124	100	22
121	125	91	22
121	126	95	22
121	130	97	22
121	133	97	22
121	138	97	22
121	148	95	22
122	100	98	22
122	101	95	22
122	102	94	22
122	103	94	22
122	105	100	22
122	106	25	22
122	107	99	22
122	108	100	22
122	109	95	22
122	111	21	22
122	113	78	22
122	116	94	22
122	118	87	22
122	121	91	22
122	123	68	22
122	124	85	22
122	125	92	22
122	127	100	22
122	130	94	22
122	133	94	22
122	143	95	22
122	144	99	22
122	148	4	22
123	101	40	22
123	102	2	22
123	103	92	22
123	104	94	22
123	106	95	22
123	111	99	22
123	118	38	22
123	121	84	22
123	122	15	22
123	124	84	22
123	126	83	22
123	133	54	22
124	101	89	22
124	102	86	22
124	103	94	22
124	104	63	22
124	106	94	22
124	107	75	22
124	108	89	22
124	111	92	22
124	116	78	22
124	118	85	22
124	121	92	22
124	122	89	22
124	123	95	22
124	126	91	22
124	133	93	22
125	102	96	22
125	103	88	22
125	104	94	22
125	105	4	22
125	106	87	22
125	108	78	22
125	109	92	22
125	111	94	22
125	112	97	22
125	113	100	22
125	114	17	22
125	115	100	22
125	116	92	22
125	117	100	22
125	118	97	22
125	121	56	22
125	122	78	22
125	126	95	22
125	130	98	22
125	131	42	22
125	133	92	22
125	138	100	22
125	139	90	22
125	141	77	22
125	144	98	22
125	146	0	22
125	148	97	22
125	149	97	22
126	102	53	22
126	103	94	22
126	106	96	22
126	109	9	22
126	111	100	22
126	112	49	22
126	113	97	22
126	116	91	22
126	117	94	22
126	121	96	22
126	123	96	22
126	124	94	22
126	125	95	22
126	130	97	22
126	133	92	22
126	138	96	22
126	148	50	22
127	100	91	22
127	101	93	22
127	102	94	22
127	103	88	22
127	105	98	22
127	107	92	22
127	108	89	22
127	109	96	22
127	118	5	22
127	122	93	22
127	130	71	22
127	133	91	22
127	139	80	22
127	143	95	22
127	144	97	22
127	146	92	22
128	110	90	22
128	114	98	22
128	119	98	22
128	120	97	22
128	129	100	22
128	135	97	22
128	142	94	22
129	114	100	22
129	119	100	22
129	120	98	22
129	128	100	22
129	136	96	22
129	140	96	22
129	141	7	22
129	142	99	22
129	143	60	22
129	147	90	22
129	149	4	22
130	102	93	22
130	109	95	22
130	110	94	22
130	111	95	22
130	113	100	22
130	114	8	22
130	115	11	22
130	116	93	22
130	117	100	22
130	119	97	22
130	122	71	22
130	125	97	22
130	126	99	22
130	131	98	22
130	138	97	22
130	139	94	22
130	141	4	22
130	144	99	22
130	146	99	22
130	148	98	22
130	149	99	22
131	103	90	22
131	110	97	22
131	112	97	22
131	113	94	22
131	114	97	22
131	115	100	22
131	117	97	22
131	119	97	22
131	126	18	22
131	130	95	22
131	139	94	22
131	140	100	22
131	141	100	22
131	143	99	22
131	144	99	22
131	146	96	22
131	147	99	22
131	148	6	22
131	149	98	22
132	110	3	22
132	114	98	22
132	119	98	22
132	120	99	22
132	128	98	22
132	129	100	22
132	135	100	22
132	136	99	22
132	137	38	22
133	101	8	22
133	102	93	22
133	103	98	22
133	105	17	22
133	106	95	22
133	108	98	22
133	109	90	22
133	111	96	22
133	112	90	22
133	116	97	22
133	117	96	22
133	118	100	22
133	121	95	22
133	122	94	22
133	123	75	22
133	124	96	22
133	125	95	22
133	126	96	22
133	127	84	22
133	138	20	22
133	139	32	22
133	144	4	22
133	146	94	22
135	110	86	22
135	112	90	22
135	113	84	22
135	114	82	22
135	115	99	22
135	119	100	22
135	120	99	22
135	128	100	22
135	136	97	22
135	137	100	22
136	114	98	22
136	119	44	22
136	120	100	22
136	128	50	22
136	129	95	22
136	135	94	22
136	142	43	22
137	110	99	22
137	112	97	22
137	113	4	22
137	114	100	22
137	115	100	22
137	117	44	22
137	119	99	22
137	135	100	22
138	102	98	22
138	103	91	22
138	104	100	22
138	106	99	22
138	109	89	22
138	111	97	22
138	112	100	22
138	113	100	22
138	115	90	22
138	116	96	22
138	117	100	22
138	118	92	22
138	121	97	22
138	125	100	22
138	126	99	22
138	130	100	22
138	144	94	22
138	146	20	22
138	148	99	22
139	102	7	22
139	105	6	22
139	109	14	22
139	110	90	22
139	112	95	22
139	113	94	22
139	115	94	22
139	125	92	22
139	127	20	22
139	130	94	22
139	131	95	22
139	140	98	22
139	141	98	22
139	142	43	22
139	143	99	22
139	144	98	22
139	146	99	22
139	147	96	22
139	148	97	22
139	149	92	22
140	129	9	22
140	131	97	22
140	139	95	22
140	141	97	22
140	142	97	22
140	143	99	22
140	147	95	22
141	102	2	22
141	105	0	22
141	125	84	22
141	128	8	22
141	129	16	22
141	130	74	22
141	131	100	22
141	139	99	22
141	140	99	22
141	142	98	22
141	143	98	22
141	144	95	22
141	146	98	22
141	147	100	22
141	148	65	22
142	114	51	22
142	120	99	22
142	128	99	22
142	129	100	22
142	131	18	22
142	136	11	22
142	139	12	22
142	140	85	22
142	141	93	22
142	143	91	22
142	147	92	22
143	105	2	22
143	109	95	22
143	113	98	22
143	122	63	22
143	127	93	22
143	129	4	22
143	131	96	22
143	139	98	22
143	140	100	22
143	141	98	22
143	142	99	22
143	144	96	22
143	147	96	22
143	148	98	22
144	101	84	22
144	105	96	22
144	108	96	22
144	109	95	22
144	111	48	22
144	112	97	22
144	113	99	22
144	116	92	22
144	117	95	22
144	118	1	22
144	119	97	22
144	122	98	22
144	125	95	22
144	126	32	22
144	127	97	22
144	130	96	22
144	131	100	22
144	133	91	22
144	138	96	22
144	139	100	22
144	141	100	22
144	143	98	22
144	146	98	22
144	148	99	22
146	102	96	22
146	103	28	22
146	105	14	22
146	110	97	22
146	111	9	22
146	112	92	22
146	113	100	22
146	114	1	22
146	115	99	22
146	116	93	22
146	117	94	22
146	118	8	22
146	119	88	22
146	125	13	22
146	126	46	22
146	127	80	22
146	130	100	22
146	131	95	22
146	133	29	22
146	138	89	22
146	139	100	22
146	141	96	22
146	144	100	22
146	148	98	22
146	149	98	22
147	129	46	22
147	131	95	22
147	139	95	22
147	140	95	22
147	141	95	22
147	142	100	22
147	143	97	22
148	102	94	22
148	103	89	22
148	105	93	22
148	108	90	22
148	109	90	22
148	111	25	22
148	112	94	22
148	113	85	22
148	115	26	22
148	116	92	22
148	117	96	22
148	121	93	22
148	122	26	22
148	125	98	22
148	126	93	22
148	130	98	22
148	131	6	22
148	138	95	22
148	139	96	22
148	141	35	22
148	143	97	22
148	144	100	22
148	146	99	22
148	149	60	22
149	109	12	22
149	110	94	22
149	112	93	22
149	113	95	22
149	115	100	22
149	117	99	22
149	119	100	22
149	125	95	22
149	129	69	22
149	130	96	22
149	131	94	22
149	135	100	22
149	139	93	22
149	143	10	22
149	146	96	22
149	148	69	22
100	101	95	21
100	105	94	21
100	106	30	21
100	108	97	21
100	116	90	21
100	118	91	21
100	121	88	21
100	122	95	21
100	127	95	21
100	133	73	21
100	144	70	21
101	100	98	21
101	102	94	21
101	105	99	21
101	106	81	21
101	107	94	21
101	108	99	21
101	109	95	21
101	116	50	21
101	118	83	21
101	121	93	21
101	122	94	21
101	127	94	21
101	133	23	21
102	101	94	21
102	103	94	21
102	105	100	21
102	107	94	21
102	108	100	21
102	109	100	21
102	111	92	21
102	113	100	21
102	116	99	21
102	117	42	21
102	118	91	21
102	121	87	21
102	122	92	21
102	125	100	21
102	126	42	21
102	127	94	21
102	130	43	21
102	133	96	21
102	138	100	21
102	144	97	21
102	146	100	21
103	102	44	21
103	106	58	21
103	107	61	21
103	109	91	21
103	111	100	21
103	116	97	21
103	118	97	21
103	121	96	21
103	122	87	21
103	123	100	21
103	124	96	21
103	126	100	21
103	131	31	21
103	133	98	21
103	138	99	21
103	144	23	21
104	106	69	21
104	111	100	21
104	116	68	21
104	121	89	21
104	123	90	21
104	125	95	21
104	126	94	21
104	138	100	21
105	100	86	21
105	101	90	21
105	102	94	21
105	107	85	21
105	108	93	21
105	109	100	21
105	113	99	21
105	116	50	21
105	118	55	21
105	122	94	21
105	125	5	21
105	127	100	21
105	133	86	21
105	139	96	21
105	143	100	21
105	144	98	21
105	146	99	21
105	148	95	21
106	101	67	21
106	103	54	21
106	104	67	21
106	107	6	21
106	108	80	21
106	111	92	21
106	116	58	21
106	118	92	21
106	121	96	21
106	123	99	21
106	124	92	21
106	126	98	21
106	133	10	21
106	138	66	21
107	100	2	21
107	101	92	21
107	102	98	21
107	103	82	21
107	105	56	21
107	108	92	21
107	109	66	21
107	116	89	21
107	118	98	21
107	121	95	21
107	122	35	21
107	124	78	21
107	127	4	21
107	133	48	21
107	144	45	21
108	100	93	21
108	101	97	21
108	102	100	21
108	103	61	21
108	105	95	21
108	106	98	21
108	107	100	21
108	109	98	21
108	116	100	21
108	118	100	21
108	121	99	21
108	122	94	21
108	124	3	21
108	127	95	21
108	133	100	21
108	138	96	21
108	144	87	21
108	146	100	21
109	101	95	21
109	102	97	21
109	103	94	21
109	105	100	21
109	107	83	21
109	108	100	21
109	111	2	21
109	112	99	21
109	113	87	21
109	116	99	21
109	117	6	21
109	118	87	21
109	122	95	21
109	125	99	21
109	126	97	21
109	127	100	21
109	130	83	21
109	133	95	21
109	138	99	21
109	139	97	21
109	141	18	21
109	143	97	21
109	144	99	21
109	146	1	21
109	148	100	21
110	112	98	21
110	113	11	21
110	114	96	21
110	115	100	21
110	117	98	21
110	119	100	21
110	125	43	21
110	128	60	21
110	130	87	21
110	131	98	21
110	135	100	21
110	137	100	21
110	139	44	21
110	146	88	21
110	149	100	21
111	102	8	21
111	103	98	21
111	104	100	21
111	106	93	21
111	113	9	21
111	116	93	21
111	117	93	21
111	118	29	21
111	121	94	21
111	123	99	21
111	124	40	21
111	125	84	21
111	126	100	21
111	133	94	21
111	138	99	21
111	144	2	21
112	109	95	21
112	110	100	21
112	113	93	21
112	114	96	21
112	115	100	21
112	116	81	21
112	117	100	21
112	119	100	21
112	126	98	21
112	130	100	21
112	131	99	21
112	133	93	21
112	135	100	21
112	138	98	21
112	139	97	21
112	144	98	21
112	146	100	21
112	148	0	21
112	149	88	21
113	102	63	21
113	105	92	21
113	109	92	21
113	110	93	21
113	111	61	21
113	112	66	21
113	116	45	21
113	117	97	21
113	119	100	21
113	125	99	21
113	126	91	21
113	127	31	21
113	130	100	21
113	131	97	21
113	135	85	21
113	138	100	21
113	139	92	21
113	144	93	21
113	146	99	21
113	148	51	21
113	149	99	21
114	110	96	21
114	112	98	21
114	115	100	21
114	117	95	21
114	119	100	21
114	128	100	21
114	129	99	21
114	131	19	21
114	135	100	21
114	136	100	21
114	137	95	21
115	110	100	21
115	112	98	21
115	114	100	21
115	117	100	21
115	119	100	21
115	125	97	21
115	131	99	21
115	135	99	21
115	137	98	21
115	138	90	21
115	139	88	21
115	146	61	21
115	149	99	21
116	100	7	21
116	101	82	21
116	102	96	21
116	103	99	21
116	105	3	21
116	106	53	21
116	107	91	21
116	108	100	21
116	109	98	21
116	111	94	21
116	117	69	21
116	118	95	21
116	121	95	21
116	122	94	21
116	125	100	21
116	126	55	21
116	133	99	21
116	138	100	21
116	144	99	21
116	146	98	21
116	148	100	21
117	110	99	21
117	111	89	21
117	112	100	21
117	113	96	21
117	114	99	21
117	115	98	21
117	116	89	21
117	118	86	21
117	119	51	21
117	125	100	21
117	126	99	21
117	130	99	21
117	131	100	21
117	133	0	21
117	135	6	21
117	138	100	21
117	144	93	21
117	146	93	21
117	149	100	21
118	100	87	21
118	101	11	21
118	102	96	21
118	103	97	21
118	105	16	21
118	106	97	21
118	107	98	21
118	108	99	21
118	109	94	21
118	111	95	21
118	116	100	21
118	117	100	21
118	121	98	21
118	122	94	21
118	123	98	21
118	124	90	21
118	125	9	21
118	126	40	21
118	127	93	21
118	131	37	21
118	133	100	21
118	138	93	21
118	144	77	21
118	146	36	21
119	110	100	21
119	112	84	21
119	113	100	21
119	114	100	21
119	115	100	21
119	117	73	21
119	120	99	21
119	128	100	21
119	129	33	21
119	131	100	21
119	135	100	21
119	136	99	21
119	149	100	21
120	110	95	21
120	114	95	21
120	119	93	21
120	128	100	21
120	129	99	21
120	136	98	21
121	101	93	21
121	102	87	21
121	103	96	21
121	104	97	21
121	106	96	21
121	107	92	21
121	108	97	21
121	111	98	21
121	116	95	21
121	118	94	21
121	122	94	21
121	123	92	21
121	124	98	21
121	125	6	21
121	126	99	21
121	133	97	21
121	138	100	21
122	100	92	21
122	101	95	21
122	102	93	21
122	103	90	21
122	105	96	21
122	106	4	21
122	107	70	21
122	108	98	21
122	109	96	21
122	116	93	21
122	118	97	21
122	121	96	21
122	123	93	21
122	127	100	21
122	131	8	21
122	133	59	21
122	143	82	21
122	144	100	21
122	146	75	21
123	101	4	21
123	103	88	21
123	104	100	21
123	106	100	21
123	111	98	21
123	118	97	21
123	121	92	21
123	122	64	21
123	124	96	21
123	126	99	21
123	138	54	21
124	101	78	21
124	103	93	21
124	106	97	21
124	111	94	21
124	118	92	21
124	121	97	21
124	123	98	21
124	126	94	21
124	133	97	21
125	102	88	21
125	103	33	21
125	104	91	21
125	105	34	21
125	109	92	21
125	110	99	21
125	111	88	21
125	113	100	21
125	115	100	21
125	116	91	21
125	117	100	21
125	118	79	21
125	121	68	21
125	126	91	21
125	130	100	21
125	133	93	21
125	138	100	21
125	139	73	21
125	144	98	21
125	146	67	21
125	148	100	21
126	103	97	21
126	104	97	21
126	106	97	21
126	109	37	21
126	111	100	21
126	112	99	21
126	113	97	21
126	116	93	21
126	117	99	21
126	118	1	21
126	121	97	21
126	123	95	21
126	124	91	21
126	125	100	21
126	138	100	21
126	146	71	21
127	100	96	21
127	101	95	21
127	102	96	21
127	105	99	21
127	107	18	21
127	108	92	21
127	109	98	21
127	113	6	21
127	116	13	21
127	118	35	21
127	122	99	21
127	139	80	21
127	143	86	21
127	144	100	21
128	110	88	21
128	114	96	21
128	119	100	21
128	120	91	21
128	129	100	21
128	131	12	21
128	135	13	21
128	149	85	21
129	110	2	21
129	114	100	21
129	120	98	21
129	128	100	21
129	131	65	21
129	136	98	21
129	140	97	21
129	142	90	21
129	143	5	21
130	102	85	21
130	105	11	21
130	109	93	21
130	110	96	21
130	111	94	21
130	112	100	21
130	113	100	21
130	114	95	21
130	115	97	21
130	116	88	21
130	117	100	21
130	122	0	21
130	125	98	21
130	126	93	21
130	131	99	21
130	133	94	21
130	135	15	21
130	138	100	21
130	139	100	21
130	144	98	21
130	146	98	21
130	148	100	21
130	149	100	21
131	103	49	21
131	110	97	21
131	112	98	21
131	113	93	21
131	114	33	21
131	115	100	21
131	117	100	21
131	119	98	21
131	129	3	21
131	130	100	21
131	135	53	21
131	139	98	21
131	140	100	21
131	141	100	21
131	142	92	21
131	144	96	21
131	147	100	21
131	149	98	21
132	114	98	21
132	119	98	21
132	120	100	21
132	128	100	21
132	129	94	21
132	135	98	21
132	136	98	21
132	142	78	21
133	101	82	21
133	102	92	21
133	103	96	21
133	105	83	21
133	106	49	21
133	107	30	21
133	108	98	21
133	109	97	21
133	111	92	21
133	112	85	21
133	116	98	21
133	118	100	21
133	121	93	21
133	122	66	21
133	124	92	21
133	125	99	21
133	130	99	21
133	131	3	21
133	138	95	21
133	144	97	21
133	146	64	21
135	110	95	21
135	112	90	21
135	114	95	21
135	115	97	21
135	119	100	21
135	131	65	21
135	136	97	21
135	137	100	21
136	114	97	21
136	119	79	21
136	120	100	21
136	129	98	21
136	135	97	21
137	110	97	21
137	112	27	21
137	114	96	21
137	115	98	21
137	117	86	21
137	135	100	21
138	102	91	21
138	103	90	21
138	104	97	21
138	106	3	21
138	109	83	21
138	111	93	21
138	112	55	21
138	113	97	21
138	116	95	21
138	117	100	21
138	121	93	21
138	123	71	21
138	125	100	21
138	126	96	21
138	130	98	21
138	133	86	21
138	144	94	21
138	148	42	21
139	105	89	21
139	109	89	21
139	110	93	21
139	112	100	21
139	113	3	21
139	115	3	21
139	125	11	21
139	127	10	21
139	130	64	21
139	131	100	21
139	140	99	21
139	141	99	21
139	143	98	21
139	144	100	21
139	146	100	21
139	147	13	21
139	148	98	21
140	129	61	21
140	131	99	21
140	139	99	21
140	141	97	21
140	142	100	21
140	143	100	21
140	147	47	21
141	105	0	21
141	109	90	21
141	129	100	21
141	131	100	21
141	139	100	21
141	140	100	21
141	142	99	21
141	143	100	21
141	144	96	21
141	146	95	21
141	147	100	21
142	114	28	21
142	129	92	21
142	131	93	21
142	139	0	21
142	140	100	21
142	141	64	21
142	143	98	21
142	147	100	21
143	105	90	21
143	109	89	21
143	122	11	21
143	127	54	21
143	129	6	21
143	131	12	21
143	139	100	21
143	140	96	21
143	141	97	21
143	142	100	21
143	144	99	21
143	146	95	21
143	147	96	21
143	148	5	21
144	102	2	21
144	103	77	21
144	105	92	21
144	107	5	21
144	108	1	21
144	109	95	21
144	112	80	21
144	113	100	21
144	116	97	21
144	117	99	21
144	118	24	21
144	122	86	21
144	125	97	21
144	127	89	21
144	130	100	21
144	131	97	21
144	133	82	21
144	138	96	21
144	139	100	21
144	141	100	21
144	143	98	21
144	146	100	21
144	148	100	21
146	102	70	21
146	105	89	21
146	108	89	21
146	109	5	21
146	110	99	21
146	112	95	21
146	113	100	21
146	116	87	21
146	117	100	21
146	118	9	21
146	122	16	21
146	125	29	21
146	126	87	21
146	127	2	21
146	130	99	21
146	131	50	21
146	133	26	21
146	139	99	21
146	141	98	21
146	143	98	21
146	144	100	21
146	148	99	21
146	149	99	21
147	131	93	21
147	139	92	21
147	140	32	21
147	141	100	21
147	142	99	21
147	143	98	21
148	102	3	21
148	103	91	21
148	105	95	21
148	109	89	21
148	110	0	21
148	112	81	21
148	113	31	21
148	116	97	21
148	117	89	21
148	121	80	21
148	123	68	21
148	125	100	21
148	126	98	21
148	130	100	21
148	138	98	21
148	139	100	21
148	143	94	21
148	144	100	21
148	146	98	21
148	149	99	21
149	110	97	21
149	112	80	21
149	113	99	21
149	114	90	21
149	115	100	21
149	117	99	21
149	119	100	21
149	128	99	21
149	129	15	21
149	130	94	21
149	131	96	21
149	135	96	21
149	138	7	21
149	140	4	21
149	146	97	21
149	148	83	21
100	101	100	20
100	102	100	20
100	106	62	20
100	107	99	20
100	108	99	20
100	109	10	20
100	116	96	20
100	118	100	20
100	121	2	20
100	122	100	20
100	124	11	20
100	127	99	20
100	133	89	20
100	144	98	20
101	100	100	20
101	102	98	20
101	105	45	20
101	106	100	20
101	107	100	20
101	108	98	20
101	109	100	20
101	116	100	20
101	118	100	20
101	121	100	20
101	122	100	20
101	123	98	20
101	127	100	20
101	144	33	20
101	146	31	20
102	100	100	20
102	101	98	20
102	103	97	20
102	105	100	20
102	107	99	20
102	108	99	20
102	109	100	20
102	111	100	20
102	113	99	20
102	116	100	20
102	118	98	20
102	121	99	20
102	122	100	20
102	124	99	20
102	125	100	20
102	126	99	20
102	127	99	20
102	130	98	20
102	133	100	20
102	138	100	20
102	139	89	20
102	146	24	20
102	148	99	20
103	101	1	20
103	102	100	20
103	104	98	20
103	106	98	20
103	108	98	20
103	109	98	20
103	111	98	20
103	113	98	20
103	116	98	20
103	117	66	20
103	118	98	20
103	121	100	20
103	122	86	20
103	123	99	20
103	124	98	20
103	130	100	20
103	131	97	20
103	133	99	20
103	138	97	20
103	148	99	20
104	103	99	20
104	106	100	20
104	108	15	20
104	111	100	20
104	112	73	20
104	113	48	20
104	116	100	20
104	121	100	20
104	123	100	20
104	124	98	20
104	125	100	20
104	126	100	20
104	138	34	20
105	100	37	20
105	101	88	20
105	102	100	20
105	107	95	20
105	108	97	20
105	109	100	20
105	113	100	20
105	118	95	20
105	122	100	20
105	125	100	20
105	127	100	20
105	130	98	20
105	131	62	20
105	133	6	20
105	139	85	20
105	141	100	20
105	143	100	20
105	144	100	20
105	146	100	20
105	148	100	20
106	100	92	20
106	101	100	20
106	102	1	20
106	103	96	20
106	104	99	20
106	108	98	20
106	111	100	20
106	116	99	20
106	118	96	20
106	121	100	20
106	123	98	20
106	124	100	20
106	125	77	20
106	126	98	20
106	130	85	20
106	133	99	20
107	100	98	20
107	101	100	20
107	102	98	20
107	105	100	20
107	106	14	20
107	108	95	20
107	109	100	20
107	111	56	20
107	116	75	20
107	118	98	20
107	121	97	20
107	122	100	20
107	123	100	20
107	124	99	20
107	125	12	20
107	127	6	20
107	130	2	20
107	133	100	20
107	148	13	20
108	100	96	20
108	101	98	20
108	102	100	20
108	103	98	20
108	104	7	20
108	105	42	20
108	106	100	20
108	107	99	20
108	109	100	20
108	112	36	20
108	116	98	20
108	117	7	20
108	118	100	20
108	121	100	20
108	122	100	20
108	123	61	20
108	124	100	20
108	125	99	20
108	126	99	20
108	127	100	20
108	130	99	20
108	133	98	20
108	138	100	20
108	139	98	20
108	144	100	20
108	146	99	20
108	148	90	20
109	100	73	20
109	101	100	20
109	102	100	20
109	103	99	20
109	105	100	20
109	107	92	20
109	108	100	20
109	111	86	20
109	112	99	20
109	113	10	20
109	115	90	20
109	116	100	20
109	117	100	20
109	118	94	20
109	122	100	20
109	125	100	20
109	127	100	20
109	131	62	20
109	133	98	20
109	138	98	20
109	139	100	20
109	141	100	20
109	143	100	20
109	144	98	20
109	146	78	20
109	148	100	20
110	112	100	20
110	113	100	20
110	114	98	20
110	115	98	20
110	117	100	20
110	119	98	20
110	120	100	20
110	125	100	20
110	128	98	20
110	130	100	20
110	131	100	20
110	135	100	20
110	137	100	20
110	138	95	20
110	146	100	20
110	149	100	20
111	102	98	20
111	103	100	20
111	104	98	20
111	106	98	20
111	107	90	20
111	109	7	20
111	113	97	20
111	116	100	20
111	117	19	20
111	118	46	20
111	121	100	20
111	123	100	20
111	124	74	20
111	125	1	20
111	126	100	20
111	130	100	20
111	133	100	20
111	138	99	20
111	144	100	20
111	148	4	20
112	104	93	20
112	108	34	20
112	109	98	20
112	110	100	20
112	113	98	20
112	114	100	20
112	115	100	20
112	116	98	20
112	117	99	20
112	118	41	20
112	119	100	20
112	125	99	20
112	126	96	20
112	130	100	20
112	131	100	20
112	135	100	20
112	137	100	20
112	138	98	20
112	139	100	20
112	143	93	20
112	144	6	20
112	146	100	20
112	148	87	20
112	149	100	20
113	102	96	20
113	103	99	20
113	104	25	20
113	105	92	20
113	110	100	20
113	111	73	20
113	112	100	20
113	114	48	20
113	115	98	20
113	116	96	20
113	117	99	20
113	118	23	20
113	119	100	20
113	121	7	20
113	125	100	20
113	126	100	20
113	127	65	20
113	130	100	20
113	131	98	20
113	133	93	20
113	137	4	20
113	138	99	20
113	139	99	20
113	143	86	20
113	144	100	20
113	146	99	20
113	148	91	20
113	149	100	20
114	110	100	20
114	112	100	20
114	113	84	20
114	115	100	20
114	117	100	20
114	119	100	20
114	120	100	20
114	125	0	20
114	128	100	20
114	130	100	20
114	131	76	20
114	135	99	20
114	136	100	20
114	137	99	20
115	110	99	20
115	112	98	20
115	113	100	20
115	114	100	20
115	117	100	20
115	119	100	20
115	125	100	20
115	130	99	20
115	131	98	20
115	135	100	20
115	136	21	20
115	137	100	20
115	138	54	20
115	139	37	20
115	144	1	20
115	149	99	20
116	100	100	20
116	101	100	20
116	102	100	20
116	103	99	20
116	104	95	20
116	106	98	20
116	107	68	20
116	108	100	20
116	109	99	20
116	111	100	20
116	112	100	20
116	113	100	20
116	117	100	20
116	118	100	20
116	121	99	20
116	122	99	20
116	123	24	20
116	124	72	20
116	125	100	20
116	126	94	20
116	130	100	20
116	133	100	20
116	138	98	20
116	144	100	20
116	146	19	20
116	148	100	20
117	103	87	20
117	108	2	20
117	109	32	20
117	110	99	20
117	111	1	20
117	112	100	20
117	113	100	20
117	114	100	20
117	115	99	20
117	116	99	20
117	118	89	20
117	119	100	20
117	120	8	20
117	125	99	20
117	126	98	20
117	130	98	20
117	131	98	20
117	133	97	20
117	137	65	20
117	138	100	20
117	143	0	20
117	144	100	20
117	146	98	20
117	148	100	20
117	149	100	20
118	100	100	20
118	101	100	20
118	102	100	20
118	103	98	20
118	104	0	20
118	105	92	20
118	106	91	20
118	107	97	20
118	108	100	20
118	111	10	20
118	112	1	20
118	116	99	20
118	117	100	20
118	121	99	20
118	122	64	20
118	123	99	20
118	124	98	20
118	125	99	20
118	126	0	20
118	127	100	20
118	130	86	20
118	131	94	20
118	133	98	20
118	144	98	20
118	148	99	20
119	110	98	20
119	112	99	20
119	113	98	20
119	114	100	20
119	115	98	20
119	117	100	20
119	120	100	20
119	125	93	20
119	128	98	20
119	131	99	20
119	135	100	20
119	136	95	20
119	137	99	20
119	144	93	20
119	148	100	20
119	149	100	20
120	110	98	20
120	114	96	20
120	117	15	20
120	119	98	20
120	128	100	20
120	129	100	20
120	135	62	20
120	136	98	20
120	142	55	20
121	100	87	20
121	101	100	20
121	102	100	20
121	103	99	20
121	104	99	20
121	106	97	20
121	107	100	20
121	108	100	20
121	111	100	20
121	113	39	20
121	116	100	20
121	118	99	20
121	122	99	20
121	123	100	20
121	124	100	20
121	126	100	20
121	127	1	20
121	130	100	20
121	133	100	20
121	138	98	20
122	100	100	20
122	101	98	20
122	102	100	20
122	103	95	20
122	105	100	20
122	107	98	20
122	108	100	20
122	109	99	20
122	116	98	20
122	117	71	20
122	118	93	20
122	121	98	20
122	123	38	20
122	125	100	20
122	127	98	20
122	131	8	20
122	133	54	20
122	139	45	20
122	143	100	20
122	144	100	20
122	146	100	20
123	101	94	20
123	103	97	20
123	104	99	20
123	106	99	20
123	107	100	20
123	108	92	20
123	111	100	20
123	116	46	20
123	118	100	20
123	121	100	20
123	124	98	20
123	125	100	20
123	126	100	20
123	130	72	20
123	138	100	20
123	148	98	20
124	102	100	20
124	103	100	20
124	104	41	20
124	106	98	20
124	107	100	20
124	108	95	20
124	111	98	20
124	116	100	20
124	118	100	20
124	121	100	20
124	123	100	20
124	125	18	20
124	126	100	20
124	133	99	20
124	138	85	20
125	102	100	20
125	104	100	20
125	105	74	20
125	106	27	20
125	108	66	20
125	109	100	20
125	110	100	20
125	112	98	20
125	113	98	20
125	114	20	20
125	115	100	20
125	116	100	20
125	117	98	20
125	118	92	20
125	119	20	20
125	123	100	20
125	124	12	20
125	126	100	20
125	130	100	20
125	131	100	20
125	133	100	20
125	138	100	20
125	139	98	20
125	144	100	20
125	146	100	20
125	148	100	20
126	102	98	20
126	104	98	20
126	106	98	20
126	108	97	20
126	111	100	20
126	112	100	20
126	113	100	20
126	116	100	20
126	117	100	20
126	121	98	20
126	123	100	20
126	124	97	20
126	125	100	20
126	130	100	20
126	138	99	20
126	146	100	20
126	148	98	20
127	100	99	20
127	101	100	20
127	102	98	20
127	105	98	20
127	107	98	20
127	108	100	20
127	109	98	20
127	112	2	20
127	113	100	20
127	116	0	20
127	118	100	20
127	121	8	20
127	122	100	20
127	125	72	20
127	133	99	20
127	138	23	20
127	139	100	20
127	143	54	20
127	144	98	20
128	110	100	20
128	114	100	20
128	119	98	20
128	120	100	20
128	129	99	20
128	131	100	20
128	135	12	20
128	136	22	20
128	142	97	20
128	149	98	20
129	114	96	20
129	120	98	20
129	128	100	20
129	131	0	20
129	136	98	20
129	139	58	20
129	140	98	20
129	141	99	20
129	142	100	20
129	143	24	20
129	147	61	20
130	102	100	20
130	103	95	20
130	105	51	20
130	106	38	20
130	107	0	20
130	108	96	20
130	110	100	20
130	111	92	20
130	112	100	20
130	113	100	20
130	114	83	20
130	115	99	20
130	116	100	20
130	117	98	20
130	118	50	20
130	121	94	20
130	123	27	20
130	125	100	20
130	126	98	20
130	131	98	20
130	133	100	20
130	135	33	20
130	138	98	20
130	139	100	20
130	144	100	20
130	146	98	20
130	148	100	20
130	149	97	20
131	103	94	20
131	110	100	20
131	112	100	20
131	113	100	20
131	114	96	20
131	115	98	20
131	117	100	20
131	118	71	20
131	119	98	20
131	125	99	20
131	128	99	20
131	130	100	20
131	133	60	20
131	135	98	20
131	138	19	20
131	139	95	20
131	140	100	20
131	141	98	20
131	143	13	20
131	144	9	20
131	146	3	20
131	147	99	20
131	149	100	20
132	114	100	20
132	115	98	20
132	119	100	20
132	120	100	20
132	128	100	20
132	129	100	20
132	135	100	20
132	136	100	20
132	137	100	20
132	142	13	20
132	149	91	20
133	100	93	20
133	101	37	20
133	102	100	20
133	103	99	20
133	104	9	20
133	106	98	20
133	107	80	20
133	108	100	20
133	109	99	20
133	111	99	20
133	113	98	20
133	116	100	20
133	117	98	20
133	118	100	20
133	121	97	20
133	124	100	20
133	125	98	20
133	127	100	20
133	130	100	20
133	131	98	20
133	138	99	20
133	144	98	20
133	146	92	20
133	148	99	20
135	110	100	20
135	112	100	20
135	114	99	20
135	115	98	20
135	119	98	20
135	120	13	20
135	130	76	20
135	131	98	20
135	136	99	20
135	137	100	20
135	149	7	20
136	114	100	20
136	115	4	20
136	119	100	20
136	120	100	20
136	128	17	20
136	129	98	20
136	135	98	20
136	137	99	20
137	110	100	20
137	112	99	20
137	113	76	20
137	114	100	20
137	115	100	20
137	117	40	20
137	119	99	20
137	135	99	20
137	136	100	20
138	102	98	20
138	103	99	20
138	105	1	20
138	106	6	20
138	108	92	20
138	109	94	20
138	110	89	20
138	111	97	20
138	112	99	20
138	113	96	20
138	115	20	20
138	116	99	20
138	117	100	20
138	121	100	20
138	123	100	20
138	124	68	20
138	125	100	20
138	126	97	20
138	130	100	20
138	131	1	20
138	133	95	20
138	144	98	20
138	146	3	20
138	148	100	20
138	149	89	20
139	102	67	20
139	105	8	20
139	108	90	20
139	109	97	20
139	112	98	20
139	113	99	20
139	114	6	20
139	115	83	20
139	116	52	20
139	125	100	20
139	127	96	20
139	129	45	20
139	130	98	20
139	131	98	20
139	140	98	20
139	141	100	20
139	142	100	20
139	143	100	20
139	144	100	20
139	146	100	20
139	147	100	20
139	148	100	20
139	149	100	20
140	129	95	20
140	131	98	20
140	139	100	20
140	141	100	20
140	142	100	20
140	143	99	20
140	147	100	20
140	149	98	20
141	105	81	20
141	109	98	20
141	113	19	20
141	119	4	20
141	129	100	20
141	131	100	20
141	139	100	20
141	140	100	20
141	142	98	20
141	143	100	20
141	144	100	20
141	146	100	20
141	147	99	20
141	148	99	20
141	149	98	20
142	114	1	20
142	120	72	20
142	128	100	20
142	129	98	20
142	139	100	20
142	140	100	20
142	141	100	20
142	143	99	20
142	146	30	20
142	147	100	20
143	105	99	20
143	109	100	20
143	112	90	20
143	113	98	20
143	117	3	20
143	122	91	20
143	129	92	20
143	130	11	20
143	131	52	20
143	139	98	20
143	140	98	20
143	141	100	20
143	142	98	20
143	144	99	20
143	146	100	20
143	147	100	20
143	148	100	20
144	100	99	20
144	101	42	20
144	102	24	20
144	105	98	20
144	108	97	20
144	109	99	20
144	111	87	20
144	113	100	20
144	116	98	20
144	117	98	20
144	118	96	20
144	119	5	20
144	122	99	20
144	125	100	20
144	126	3	20
144	127	99	20
144	130	97	20
144	133	100	20
144	138	97	20
144	139	99	20
144	141	95	20
144	143	96	20
144	146	99	20
144	148	100	20
144	149	65	20
146	101	65	20
146	102	88	20
146	105	98	20
146	108	100	20
146	109	67	20
146	110	100	20
146	112	100	20
146	113	100	20
146	116	37	20
146	117	94	20
146	122	48	20
146	125	100	20
146	126	98	20
146	130	100	20
146	138	55	20
146	139	100	20
146	141	100	20
146	142	30	20
146	143	100	20
146	144	100	20
146	148	100	20
146	149	100	20
147	131	94	20
147	139	100	20
147	140	98	20
147	141	100	20
147	142	98	20
147	143	99	20
148	102	99	20
148	103	95	20
148	105	98	20
148	107	3	20
148	108	86	20
148	109	100	20
148	112	51	20
148	113	100	20
148	116	99	20
148	117	100	20
148	118	92	20
148	119	87	20
148	123	98	20
148	125	100	20
148	126	96	20
148	130	98	20
148	133	89	20
148	138	98	20
148	139	100	20
148	140	5	20
148	141	33	20
148	143	100	20
148	144	100	20
148	146	100	20
148	149	99	20
149	110	98	20
149	112	100	20
149	113	100	20
149	115	100	20
149	117	100	20
149	119	98	20
149	128	100	20
149	130	100	20
149	131	100	20
149	135	66	20
149	138	97	20
149	139	100	20
149	140	98	20
149	141	100	20
149	144	65	20
149	146	100	20
149	148	100	20
100	101	97	15
100	102	16	15
100	105	66	15
100	107	95	15
100	109	70	15
100	118	85	15
100	121	83	15
100	122	95	15
100	124	3	15
100	127	94	15
100	133	3	15
101	100	100	15
101	102	91	15
101	103	87	15
101	105	93	15
101	106	74	15
101	107	94	15
101	108	86	15
101	109	95	15
101	116	88	15
101	118	80	15
101	121	54	15
101	122	100	15
101	123	88	15
101	124	55	15
101	127	99	15
101	133	11	15
101	144	75	15
102	100	2	15
102	101	80	15
102	103	74	15
102	105	93	15
102	107	93	15
102	108	97	15
102	109	89	15
102	112	97	15
102	113	91	15
102	116	80	15
102	117	100	15
102	118	90	15
102	122	85	15
102	125	95	15
102	127	87	15
102	130	96	15
102	131	3	15
102	133	84	15
102	138	94	15
102	139	89	15
102	144	98	15
102	146	100	15
102	148	26	15
103	100	8	15
103	101	74	15
103	102	8	15
103	104	72	15
103	106	76	15
103	108	93	15
103	109	82	15
103	111	97	15
103	113	42	15
103	116	90	15
103	118	81	15
103	121	85	15
103	123	81	15
103	124	79	15
103	125	95	15
103	126	98	15
103	127	70	15
103	130	96	15
103	131	95	15
103	133	82	15
103	138	90	15
103	144	79	15
103	148	89	15
104	103	85	15
104	106	89	15
104	111	99	15
104	116	60	15
104	118	82	15
104	121	92	15
104	123	98	15
104	125	95	15
104	126	94	15
104	138	98	15
105	100	66	15
105	101	84	15
105	102	94	15
105	107	20	15
105	108	72	15
105	109	96	15
105	113	95	15
105	116	73	15
105	118	62	15
105	121	3	15
105	122	95	15
105	126	30	15
105	127	100	15
105	133	71	15
105	138	14	15
105	139	8	15
105	141	2	15
105	143	71	15
105	144	98	15
105	146	97	15
105	148	61	15
106	101	88	15
106	103	86	15
106	104	97	15
106	107	9	15
106	108	84	15
106	111	93	15
106	116	83	15
106	117	22	15
106	118	87	15
106	121	98	15
106	123	100	15
106	124	86	15
106	126	87	15
106	133	23	15
106	138	95	15
107	100	96	15
107	101	91	15
107	102	96	15
107	105	2	15
107	108	85	15
107	109	90	15
107	111	9	15
107	116	1	15
107	118	89	15
107	121	87	15
107	122	92	15
107	124	84	15
107	127	89	15
107	133	83	15
107	144	91	15
108	100	1	15
108	101	98	15
108	102	100	15
108	103	94	15
108	105	100	15
108	106	86	15
108	107	86	15
108	109	97	15
108	111	76	15
108	112	67	15
108	113	56	15
108	116	99	15
108	117	21	15
108	118	99	15
108	121	86	15
108	122	97	15
108	124	2	15
108	125	85	15
108	126	58	15
108	127	82	15
108	130	59	15
108	133	88	15
108	138	35	15
108	139	6	15
108	144	99	15
108	146	96	15
108	148	97	15
109	100	88	15
109	101	87	15
109	102	91	15
109	103	74	15
109	105	97	15
109	107	76	15
109	108	94	15
109	113	95	15
109	116	94	15
109	117	74	15
109	118	14	15
109	122	96	15
109	125	87	15
109	127	100	15
109	130	86	15
109	133	84	15
109	138	74	15
109	139	89	15
109	143	92	15
109	144	98	15
109	146	99	15
109	147	1	15
109	148	3	15
110	112	100	15
110	113	100	15
110	114	100	15
110	115	98	15
110	117	100	15
110	119	100	15
110	125	98	15
110	128	99	15
110	130	80	15
110	131	95	15
110	135	100	15
110	137	100	15
110	146	42	15
110	149	100	15
111	103	92	15
111	104	97	15
111	106	91	15
111	107	63	15
111	108	56	15
111	113	88	15
111	116	92	15
111	118	76	15
111	121	92	15
111	123	98	15
111	124	93	15
111	125	88	15
111	126	93	15
111	130	65	15
111	138	98	15
111	144	34	15
111	148	93	15
112	102	82	15
112	108	74	15
112	109	18	15
112	110	100	15
112	113	100	15
112	114	10	15
112	115	100	15
112	116	85	15
112	117	100	15
112	125	85	15
112	126	61	15
112	130	98	15
112	131	97	15
112	133	48	15
112	135	100	15
112	138	95	15
112	139	25	15
112	143	80	15
112	144	90	15
112	146	1	15
112	148	100	15
113	102	79	15
113	105	91	15
113	108	46	15
113	109	90	15
113	110	98	15
113	111	38	15
113	112	98	15
113	116	59	15
113	117	100	15
113	118	58	15
113	121	19	15
113	125	99	15
113	126	73	15
113	127	69	15
113	130	97	15
113	131	98	15
113	133	3	15
113	138	91	15
113	139	89	15
113	143	69	15
113	144	50	15
113	146	99	15
113	148	91	15
113	149	94	15
114	110	98	15
114	113	16	15
114	115	100	15
114	117	100	15
114	119	100	15
114	120	100	15
114	128	98	15
114	130	89	15
114	131	95	15
114	135	100	15
114	136	99	15
114	137	100	15
114	139	13	15
114	148	2	15
114	149	99	15
115	110	98	15
115	112	98	15
115	114	96	15
115	117	100	15
115	119	100	15
115	125	94	15
115	130	95	15
115	131	94	15
115	135	97	15
115	144	83	15
115	146	87	15
115	149	95	15
116	101	79	15
116	102	90	15
116	103	100	15
116	104	64	15
116	105	92	15
116	106	51	15
116	107	69	15
116	108	92	15
116	109	95	15
116	111	51	15
116	112	96	15
116	113	93	15
116	117	99	15
116	118	83	15
116	121	55	15
116	122	90	15
116	123	82	15
116	124	78	15
116	125	99	15
116	126	85	15
116	127	45	15
116	130	99	15
116	131	89	15
116	133	99	15
116	138	99	15
116	139	93	15
116	144	88	15
116	146	86	15
116	148	95	15
117	102	87	15
117	108	46	15
117	109	84	15
117	110	100	15
117	112	100	15
117	113	100	15
117	114	97	15
117	115	100	15
117	116	84	15
117	119	99	15
117	121	60	15
117	122	17	15
117	125	99	15
117	126	11	15
117	128	4	15
117	130	100	15
117	131	93	15
117	133	81	15
117	138	99	15
117	139	21	15
117	144	51	15
117	146	95	15
117	148	96	15
117	149	97	15
118	100	85	15
118	101	83	15
118	102	90	15
118	103	79	15
118	104	71	15
118	106	77	15
118	107	95	15
118	108	94	15
118	109	2	15
118	111	65	15
118	113	69	15
118	116	85	15
118	121	98	15
118	122	94	15
118	123	10	15
118	124	80	15
118	125	99	15
118	126	61	15
118	127	90	15
118	131	6	15
118	133	94	15
118	146	18	15
118	148	87	15
119	110	100	15
119	114	100	15
119	115	98	15
119	117	96	15
119	120	52	15
119	125	93	15
119	128	98	15
119	129	67	15
119	130	93	15
119	135	97	15
119	136	90	15
119	137	94	15
119	139	25	15
119	144	4	15
119	148	6	15
119	149	100	15
120	114	31	15
120	119	82	15
120	128	1	15
120	129	58	15
120	135	3	15
120	136	100	15
120	142	3	15
121	100	84	15
121	101	15	15
121	103	97	15
121	104	100	15
121	106	89	15
121	107	85	15
121	108	97	15
121	111	87	15
121	113	16	15
121	116	71	15
121	117	30	15
121	118	89	15
121	122	88	15
121	123	99	15
121	124	96	15
121	125	60	15
121	126	97	15
121	133	89	15
121	138	96	15
122	100	98	15
122	101	99	15
122	102	94	15
122	105	92	15
122	107	91	15
122	108	95	15
122	109	99	15
122	113	0	15
122	116	85	15
122	117	46	15
122	118	87	15
122	121	86	15
122	127	100	15
122	130	11	15
122	133	93	15
122	138	24	15
122	139	3	15
122	143	83	15
122	144	99	15
122	148	8	15
123	101	82	15
123	103	87	15
123	104	100	15
123	106	99	15
123	107	12	15
123	111	100	15
123	116	86	15
123	118	31	15
123	121	84	15
123	124	84	15
123	125	10	15
123	126	94	15
123	138	89	15
123	148	77	15
124	100	3	15
124	101	73	15
124	103	77	15
124	106	94	15
124	107	68	15
124	111	91	15
124	116	5	15
124	118	78	15
124	121	99	15
124	123	96	15
124	126	37	15
124	133	64	15
125	102	81	15
125	103	89	15
125	104	98	15
125	108	83	15
125	109	54	15
125	110	99	15
125	111	82	15
125	112	46	15
125	113	98	15
125	115	99	15
125	116	91	15
125	117	100	15
125	118	83	15
125	119	98	15
125	123	1	15
125	126	91	15
125	127	28	15
125	130	100	15
125	131	95	15
125	133	87	15
125	138	99	15
125	144	99	15
125	146	97	15
125	148	96	15
125	149	69	15
126	103	89	15
126	104	97	15
126	106	90	15
126	111	96	15
126	112	11	15
126	113	95	15
126	116	88	15
126	118	36	15
126	121	90	15
126	123	88	15
126	125	98	15
126	130	76	15
126	138	100	15
126	144	93	15
126	146	88	15
127	100	99	15
127	101	99	15
127	102	92	15
127	103	86	15
127	105	100	15
127	107	93	15
127	109	97	15
127	113	78	15
127	116	4	15
127	118	85	15
127	122	100	15
127	125	86	15
127	133	88	15
127	143	54	15
127	144	97	15
127	148	98	15
128	110	97	15
128	113	4	15
128	114	100	15
128	117	4	15
128	119	100	15
128	129	97	15
128	131	91	15
128	135	96	15
128	136	95	15
128	141	2	15
128	142	94	15
128	149	98	15
129	119	97	15
129	120	12	15
129	128	100	15
129	131	28	15
129	136	98	15
129	140	22	15
129	141	87	15
129	142	95	15
129	143	0	15
129	147	13	15
129	149	96	15
130	102	89	15
130	103	89	15
130	105	30	15
130	108	34	15
130	109	98	15
130	110	100	15
130	111	61	15
130	112	99	15
130	113	98	15
130	114	100	15
130	115	98	15
130	116	85	15
130	117	98	15
130	119	100	15
130	125	100	15
130	126	84	15
130	131	97	15
130	133	85	15
130	138	100	15
130	139	97	15
130	141	17	15
130	146	99	15
130	148	100	15
130	149	96	15
131	103	83	15
131	110	96	15
131	112	99	15
131	113	96	15
131	114	93	15
131	115	97	15
131	116	75	15
131	117	98	15
131	125	98	15
131	128	91	15
131	129	19	15
131	130	97	15
131	139	88	15
131	140	85	15
131	141	95	15
131	142	86	15
131	143	91	15
131	147	88	15
131	149	99	15
132	110	81	15
132	114	100	15
132	115	1	15
132	119	100	15
132	120	100	15
132	128	94	15
132	135	100	15
132	136	98	15
132	142	11	15
132	149	63	15
133	100	78	15
133	101	83	15
133	102	96	15
133	103	90	15
133	105	93	15
133	106	2	15
133	107	76	15
133	108	100	15
133	109	96	15
133	111	18	15
133	112	0	15
133	113	35	15
133	116	100	15
133	117	97	15
133	118	100	15
133	121	90	15
133	122	98	15
133	123	29	15
133	124	77	15
133	125	87	15
133	127	89	15
133	130	100	15
133	138	2	15
133	139	71	15
133	144	94	15
133	146	19	15
133	148	94	15
135	110	100	15
135	112	95	15
135	114	96	15
135	115	97	15
135	119	97	15
135	128	94	15
135	136	91	15
135	137	100	15
136	114	98	15
136	119	98	15
136	120	100	15
136	128	98	15
136	129	94	15
136	135	100	15
136	142	7	15
137	110	100	15
137	112	32	15
137	114	98	15
137	115	41	15
137	117	85	15
137	119	100	15
137	120	25	15
137	135	100	15
137	136	89	15
137	149	45	15
138	102	81	15
138	103	83	15
138	104	86	15
138	105	0	15
138	106	82	15
138	109	19	15
138	111	94	15
138	112	98	15
138	113	95	15
138	116	86	15
138	117	100	15
138	121	85	15
138	123	84	15
138	125	100	15
138	126	99	15
138	130	96	15
138	133	18	15
138	139	13	15
138	144	68	15
138	146	8	15
138	148	91	15
138	149	98	15
139	102	80	15
139	109	87	15
139	112	84	15
139	113	94	15
139	114	3	15
139	116	82	15
139	117	55	15
139	119	11	15
139	122	0	15
139	130	90	15
139	131	91	15
139	133	42	15
139	138	66	15
139	140	77	15
139	141	95	15
139	142	86	15
139	143	97	15
139	144	100	15
139	146	98	15
139	147	68	15
139	148	97	15
139	149	92	15
140	129	3	15
140	131	100	15
140	139	86	15
140	141	98	15
140	142	100	15
140	143	98	15
140	147	75	15
140	149	1	15
141	109	28	15
141	112	91	15
141	128	63	15
141	129	85	15
141	130	82	15
141	131	96	15
141	139	100	15
141	140	92	15
141	142	96	15
141	143	80	15
141	144	99	15
141	146	98	15
141	147	85	15
141	148	96	15
141	149	62	15
142	128	100	15
142	129	51	15
142	131	93	15
142	136	13	15
142	139	94	15
142	140	94	15
142	141	97	15
142	143	92	15
142	147	99	15
143	105	96	15
143	109	96	15
143	112	93	15
143	113	78	15
143	122	86	15
143	125	26	15
143	127	50	15
143	129	17	15
143	131	100	15
143	139	99	15
143	140	99	15
143	141	29	15
143	142	87	15
143	144	91	15
143	146	75	15
143	147	94	15
143	149	90	15
144	101	79	15
144	102	79	15
144	103	56	15
144	105	99	15
144	107	78	15
144	108	81	15
144	109	97	15
144	110	3	15
144	112	94	15
144	113	93	15
144	115	80	15
144	116	79	15
144	117	13	15
144	118	1	15
144	122	97	15
144	125	95	15
144	126	79	15
144	127	91	15
144	131	52	15
144	133	67	15
144	138	76	15
144	139	92	15
144	141	90	15
144	143	84	15
144	146	99	15
144	148	98	15
144	149	90	15
146	101	7	15
146	102	93	15
146	103	2	15
146	105	78	15
146	107	43	15
146	108	95	15
146	109	98	15
146	110	98	15
146	111	49	15
146	113	100	15
146	115	97	15
146	116	78	15
146	117	100	15
146	118	84	15
146	121	9	15
146	125	98	15
146	126	85	15
146	130	100	15
146	131	91	15
146	133	66	15
146	138	93	15
146	139	94	15
146	141	92	15
146	142	2	15
146	143	92	15
146	144	99	15
146	147	8	15
146	148	97	15
146	149	94	15
147	128	41	15
147	129	13	15
147	131	72	15
147	139	86	15
147	140	64	15
147	141	71	15
147	142	96	15
147	143	96	15
148	103	88	15
148	105	48	15
148	108	90	15
148	109	25	15
148	111	92	15
148	112	99	15
148	113	98	15
148	114	23	15
148	115	4	15
148	116	86	15
148	117	96	15
148	118	82	15
148	119	13	15
148	123	82	15
148	125	98	15
148	127	90	15
148	130	99	15
148	131	5	15
148	133	89	15
148	138	92	15
148	139	94	15
148	141	86	15
148	143	9	15
148	144	100	15
148	146	99	15
148	149	90	15
149	110	100	15
149	113	86	15
149	114	99	15
149	115	94	15
149	117	95	15
149	119	100	15
149	125	44	15
149	128	100	15
149	129	32	15
149	130	93	15
149	131	99	15
149	138	86	15
149	139	86	15
149	144	87	15
149	146	95	15
149	147	0	15
149	148	89	15
