100	101	91	26
100	102	92	26
100	105	95	26
100	106	51	26
100	107	94	26
100	108	94	26
100	109	99	26
100	118	99	26
100	122	91	26
100	127	97	26
100	133	65	26
101	100	95	26
101	102	96	26
101	105	94	26
101	106	95	26
101	107	94	26
101	108	95	26
101	109	100	26
101	116	95	26
101	121	91	26
101	122	98	26
101	127	94	26
101	133	91	26
101	148	14	26
102	100	97	26
102	101	90	26
102	103	99	26
102	105	94	26
102	107	100	26
102	108	94	26
102	109	97	26
102	112	95	26
102	113	100	26
102	115	3	26
102	116	98	26
102	118	94	26
102	122	100	26
102	125	21	26
102	126	93	26
102	127	100	26
102	133	100	26
102	138	100	26
102	139	88	26
102	144	96	26
102	146	67	26
102	148	99	26
103	102	94	26
103	104	93	26
103	106	91	26
103	107	89	26
103	108	94	26
103	111	100	26
103	113	97	26
103	116	98	26
103	117	5	26
103	118	94	26
103	121	100	26
103	123	100	26
103	124	98	26
103	125	99	26
103	126	100	26
103	130	99	26
103	131	97	26
103	133	91	26
103	138	99	26
103	146	54	26
103	148	93	26
104	103	89	26
104	106	93	26
104	108	15	26
104	111	97	26
104	112	79	26
104	118	86	26
104	121	87	26
104	123	98	26
104	124	97	26
104	126	100	26
104	138	95	26
105	100	96	26
105	101	97	26
105	102	99	26
105	108	95	26
105	109	100	26
105	113	97	26
105	116	21	26
105	118	95	26
105	122	99	26
105	127	100	26
105	130	100	26
105	133	77	26
105	138	13	26
105	139	96	26
105	141	92	26
105	143	97	26
105	144	97	26
105	146	97	26
106	100	0	26
106	101	10	26
106	103	94	26
106	104	100	26
106	108	55	26
106	109	1	26
106	111	99	26
106	116	2	26
106	118	95	26
106	121	94	26
106	122	15	26
106	123	95	26
106	124	97	26
106	125	78	26
106	126	96	26
106	133	97	26
106	138	97	26
107	100	92	26
107	101	100	26
107	102	93	26
107	103	100	26
107	108	100	26
107	109	84	26
107	116	90	26
107	118	97	26
107	121	88	26
107	122	96	26
107	124	93	26
107	125	0	26
107	127	99	26
107	144	97	26
108	100	95	26
108	101	95	26
108	102	94	26
108	103	96	26
108	104	65	26
108	105	96	26
108	106	90	26
108	107	100	26
108	109	99	26
108	111	22	26
108	113	7	26
108	116	94	26
108	117	62	26
108	118	96	26
108	121	94	26
108	122	100	26
108	123	99	26
108	125	83	26
108	127	97	26
108	130	1	26
108	133	99	26
108	138	100	26
108	139	93	26
108	144	100	26
108	148	90	26
109	100	100	26
109	101	95	26
109	102	98	26
109	105	98	26
109	106	64	26
109	107	93	26
109	108	95	26
109	112	98	26
109	116	100	26
109	117	100	26
109	122	98	26
109	125	97	26
109	126	91	26
109	127	100	26
109	130	98	26
109	131	43	26
109	133	93	26
109	138	97	26
109	139	36	26
109	143	74	26
109	144	100	26
109	147	5	26
109	148	95	26
110	112	98	26
110	113	100	26
110	114	96	26
110	115	96	26
110	119	97	26
110	125	94	26
110	128	100	26
110	130	95	26
110	131	100	26
110	135	99	26
110	136	6	26
110	137	98	26
110	139	11	26
110	146	98	26
110	149	100	26
111	103	100	26
111	104	100	26
111	106	96	26
111	113	96	26
111	116	90	26
111	117	92	26
111	118	91	26
111	121	100	26
111	123	92	26
111	124	93	26
111	125	49	26
111	126	99	26
111	133	95	26
111	138	100	26
111	148	89	26
112	102	94	26
112	104	49	26
112	109	83	26
112	110	95	26
112	113	98	26
112	115	96	26
112	116	94	26
112	117	100	26
112	119	92	26
112	125	100	26
112	128	100	26
112	130	100	26
112	131	100	26
112	133	89	26
112	138	93	26
112	139	15	26
112	144	8	26
112	146	59	26
112	148	97	26
112	149	100	26
113	102	94	26
113	103	100	26
113	105	18	26
113	110	100	26
113	111	87	26
113	112	100	26
113	115	100	26
113	116	94	26
113	117	97	26
113	118	100	26
113	119	92	26
113	121	97	26
113	122	97	26
113	125	100	26
113	130	100	26
113	131	98	26
113	133	93	26
113	138	100	26
113	139	96	26
113	143	14	26
113	144	98	26
113	146	99	26
113	148	99	26
113	149	100	26
114	110	97	26
114	115	19	26
114	117	38	26
114	119	100	26
114	120	100	26
114	125	54	26
114	128	100	26
114	129	33	26
114	130	37	26
114	135	100	26
114	136	100	26
114	137	98	26
114	146	18	26
115	110	100	26
115	112	26	26
115	113	100	26
115	114	9	26
115	117	91	26
115	119	100	26
115	125	100	26
115	128	1	26
115	130	95	26
115	131	99	26
115	138	90	26
115	141	14	26
115	146	95	26
115	149	97	26
116	101	96	26
116	102	98	26
116	103	93	26
116	104	1	26
116	107	86	26
116	108	93	26
116	109	96	26
116	111	100	26
116	112	96	26
116	113	94	26
116	115	0	26
116	117	97	26
116	118	100	26
116	122	93	26
116	123	72	26
116	125	97	26
116	126	95	26
116	127	87	26
116	130	100	26
116	133	82	26
116	138	100	26
116	139	98	26
116	144	100	26
116	146	96	26
116	148	97	26
116	149	27	26
117	108	46	26
117	109	98	26
117	110	11	26
117	111	97	26
117	112	98	26
117	113	96	26
117	115	100	26
117	116	98	26
117	118	12	26
117	119	99	26
117	120	2	26
117	125	100	26
117	126	90	26
117	130	100	26
117	131	91	26
117	133	91	26
117	135	77	26
117	137	91	26
117	138	96	26
117	139	34	26
117	144	97	26
117	146	93	26
117	148	99	26
117	149	96	26
118	100	94	26
118	102	99	26
118	103	96	26
118	104	95	26
118	105	9	26
118	106	89	26
118	107	88	26
118	108	99	26
118	111	100	26
118	112	5	26
118	113	100	26
118	116	97	26
118	117	16	26
118	121	98	26
118	122	96	26
118	123	99	26
118	124	92	26
118	125	100	26
118	126	88	26
118	127	14	26
118	130	100	26
118	131	0	26
118	133	95	26
118	138	91	26
118	144	100	26
118	146	94	26
119	110	100	26
119	112	94	26
119	113	97	26
119	114	93	26
119	115	98	26
119	117	91	26
119	120	100	26
119	128	91	26
119	129	96	26
119	130	47	26
119	131	96	26
119	135	96	26
119	136	98	26
119	137	100	26
119	139	0	26
119	144	26	26
119	146	100	26
119	148	100	26
119	149	100	26
120	114	95	26
120	119	90	26
120	128	99	26
120	129	94	26
120	135	95	26
120	136	100	26
120	142	97	26
121	101	95	26
121	103	100	26
121	104	98	26
121	106	98	26
121	107	93	26
121	108	92	26
121	111	92	26
121	113	97	26
121	118	99	26
121	123	92	26
121	124	98	26
121	125	9	26
121	126	98	26
121	133	90	26
121	138	98	26
121	148	9	26
122	100	97	26
122	101	95	26
122	102	100	26
122	105	98	26
122	106	94	26
122	107	100	26
122	108	94	26
122	109	100	26
122	113	98	26
122	116	100	26
122	117	85	26
122	118	100	26
122	121	3	26
122	123	81	26
122	124	100	26
122	125	100	26
122	127	95	26
122	130	0	26
122	133	98	26
122	139	53	26
122	143	95	26
122	144	95	26
122	148	90	26
123	103	100	26
123	104	96	26
123	106	96	26
123	108	100	26
123	111	100	26
123	112	5	26
123	116	58	26
123	118	90	26
123	121	100	26
123	122	0	26
123	124	99	26
123	126	97	26
123	130	46	26
123	133	32	26
123	138	100	26
123	148	55	26
124	103	98	26
124	104	94	26
124	106	98	26
124	107	93	26
124	111	98	26
124	118	97	26
124	121	97	26
124	123	96	26
124	126	70	26
124	138	29	26
125	102	57	26
125	103	98	26
125	106	24	26
125	108	82	26
125	109	100	26
125	110	99	26
125	111	49	26
125	112	99	26
125	113	97	26
125	114	3	26
125	115	96	26
125	116	96	26
125	117	95	26
125	118	93	26
125	121	11	26
125	122	66	26
125	126	99	26
125	127	9	26
125	130	100	26
125	131	100	26
125	133	95	26
125	138	100	26
125	139	0	26
125	144	15	26
125	148	93	26
125	149	97	26
126	102	89	26
126	103	98	26
126	104	97	26
126	106	100	26
126	109	52	26
126	110	2	26
126	111	97	26
126	113	83	26
126	116	97	26
126	117	95	26
126	118	97	26
126	121	96	26
126	123	93	26
126	124	96	26
126	125	100	26
126	133	4	26
126	138	100	26
126	144	92	26
126	146	99	26
126	148	100	26
127	100	93	26
127	101	97	26
127	102	100	26
127	105	96	26
127	107	97	26
127	108	100	26
127	109	100	26
127	113	100	26
127	116	91	26
127	118	94	26
127	122	96	26
127	125	82	26
127	133	60	26
127	143	20	26
127	144	96	26
127	146	96	26
127	148	100	26
128	110	65	26
128	112	90	26
128	114	92	26
128	115	7	26
128	119	100	26
128	120	96	26
128	129	96	26
128	135	98	26
128	136	2	26
128	142	100	26
128	149	92	26
129	114	55	26
129	119	100	26
129	120	97	26
129	128	95	26
129	131	100	26
129	135	0	26
129	136	97	26
129	140	78	26
129	142	94	26
129	147	95	26
130	103	97	26
130	105	54	26
130	109	90	26
130	110	100	26
130	112	100	26
130	113	99	26
130	114	11	26
130	115	96	26
130	116	92	26
130	117	97	26
130	118	91	26
130	119	21	26
130	123	34	26
130	125	92	26
130	131	94	26
130	138	100	26
130	139	99	26
130	141	43	26
130	143	91	26
130	144	100	26
130	146	100	26
130	148	100	26
130	149	74	26
131	103	89	26
131	110	96	26
131	112	94	26
131	113	96	26
131	115	99	26
131	117	98	26
131	119	100	26
131	125	100	26
131	128	2	26
131	129	32	26
131	130	100	26
131	138	31	26
131	139	98	26
131	140	98	26
131	141	97	26
131	142	100	26
131	143	97	26
131	144	87	26
131	146	95	26
131	147	15	26
131	148	94	26
131	149	95	26
132	110	83	26
132	112	7	26
132	114	96	26
132	115	96	26
132	119	99	26
132	120	98	26
132	129	100	26
132	135	97	26
132	136	99	26
132	137	100	26
133	100	17	26
133	101	94	26
133	102	100	26
133	103	92	26
133	106	100	26
133	108	94	26
133	109	68	26
133	111	100	26
133	112	100	26
133	113	99	26
133	116	61	26
133	117	97	26
133	118	100	26
133	121	93	26
133	122	100	26
133	123	59	26
133	125	96	26
133	127	3	26
133	138	100	26
133	144	98	26
133	146	100	26
133	148	95	26
135	110	97	26
135	114	93	26
135	117	93	26
135	119	94	26
135	120	96	26
135	128	97	26
135	136	96	26
135	137	97	26
135	149	98	26
136	114	93	26
136	119	100	26
136	120	96	26
136	128	84	26
136	129	100	26
136	135	95	26
136	137	0	26
136	142	7	26
137	110	97	26
137	112	7	26
137	114	100	26
137	115	78	26
137	117	92	26
137	119	100	26
137	135	100	26
137	136	7	26
138	102	51	26
138	103	96	26
138	104	97	26
138	106	91	26
138	108	88	26
138	109	98	26
138	111	93	26
138	112	96	26
138	113	90	26
138	115	100	26
138	116	93	26
138	117	95	26
138	118	98	26
138	121	96	26
138	123	100	26
138	124	6	26
138	125	100	26
138	126	100	26
138	130	100	26
138	131	27	26
138	133	90	26
138	146	80	26
138	148	89	26
139	102	57	26
139	105	92	26
139	108	48	26
139	112	5	26
139	113	96	26
139	116	94	26
139	117	34	26
139	130	93	26
139	131	100	26
139	140	99	26
139	141	100	26
139	142	100	26
139	143	95	26
139	144	99	26
139	147	97	26
139	148	97	26
139	149	78	26
140	129	3	26
140	131	98	26
140	139	98	26
140	141	92	26
140	143	99	26
140	147	96	26
141	105	44	26
141	112	5	26
141	115	79	26
141	120	7	26
141	125	0	26
141	130	40	26
141	131	97	26
141	139	100	26
141	140	99	26
141	142	96	26
141	143	100	26
141	146	100	26
141	147	86	26
141	148	99	26
141	149	95	26
142	120	97	26
142	128	96	26
142	129	96	26
142	131	95	26
142	136	92	26
142	139	89	26
142	140	1	26
142	141	93	26
142	143	96	26
142	147	91	26
143	105	94	26
143	113	79	26
143	130	75	26
143	131	100	26
143	139	96	26
143	140	100	26
143	141	95	26
143	142	100	26
143	144	78	26
143	146	100	26
143	147	96	26
144	102	87	26
144	105	100	26
144	107	94	26
144	108	98	26
144	109	96	26
144	111	7	26
144	112	75	26
144	113	94	26
144	116	95	26
144	117	99	26
144	118	99	26
144	119	83	26
144	122	95	26
144	125	62	26
144	126	66	26
144	127	96	26
144	130	100	26
144	131	98	26
144	133	94	26
144	139	96	26
144	143	81	26
144	146	100	26
144	148	97	26
146	102	99	26
146	103	96	26
146	105	100	26
146	110	95	26
146	112	97	26
146	113	94	26
146	114	85	26
146	115	100	26
146	116	100	26
146	117	93	26
146	118	97	26
146	119	100	26
146	126	99	26
146	127	89	26
146	128	99	26
146	130	99	26
146	131	98	26
146	133	100	26
146	138	92	26
146	141	92	26
146	143	98	26
146	144	96	26
146	148	96	26
146	149	96	26
147	129	99	26
147	131	87	26
147	139	100	26
147	140	100	26
147	141	94	26
147	142	100	26
147	143	94	26
148	102	100	26
148	103	87	26
148	108	95	26
148	109	100	26
148	111	81	26
148	112	100	26
148	113	97	26
148	116	95	26
148	117	100	26
148	119	100	26
148	122	74	26
148	125	97	26
148	126	88	26
148	127	92	26
148	130	100	26
148	131	100	26
148	133	98	26
148	138	97	26
148	139	99	26
148	141	96	26
148	144	98	26
148	146	95	26
148	149	98	26
149	110	97	26
149	112	94	26
149	113	100	26
149	115	100	26
149	116	14	26
149	117	100	26
149	119	100	26
149	125	98	26
149	128	100	26
149	130	93	26
149	131	98	26
149	135	97	26
149	139	100	26
149	141	100	26
149	146	99	26
149	148	97	26
100	101	60	25
100	102	95	25
100	105	59	25
100	107	93	25
100	108	95	25
100	109	95	25
100	116	73	25
100	118	99	25
100	121	88	25
100	122	99	25
100	127	100	25
100	133	6	25
100	144	18	25
101	100	38	25
101	102	98	25
101	103	72	25
101	105	100	25
101	106	99	25
101	107	97	25
101	108	96	25
101	109	98	25
101	116	100	25
101	118	92	25
101	121	93	25
101	122	100	25
101	123	1	25
101	124	12	25
101	127	95	25
101	133	97	25
101	144	21	25
102	100	100	25
102	101	96	25
102	103	94	25
102	105	100	25
102	107	97	25
102	108	99	25
102	109	100	25
102	112	52	25
102	113	90	25
102	116	99	25
102	118	93	25
102	122	97	25
102	124	96	25
102	125	92	25
102	126	81	25
102	127	99	25
102	133	100	25
102	138	100	25
102	139	99	25
102	144	99	25
102	146	100	25
102	148	65	25
103	101	92	25
103	102	100	25
103	104	100	25
103	106	100	25
103	108	96	25
103	109	100	25
103	111	96	25
103	113	100	25
103	116	96	25
103	118	98	25
103	121	100	25
103	123	100	25
103	124	100	25
103	125	34	25
103	126	100	25
103	130	100	25
103	131	5	25
103	133	97	25
103	138	100	25
103	139	98	25
103	144	32	25
103	146	87	25
104	103	100	25
104	106	100	25
104	108	12	25
104	111	100	25
104	118	57	25
104	121	97	25
104	123	100	25
104	124	100	25
104	125	77	25
104	126	97	25
104	138	100	25
105	100	97	25
105	101	96	25
105	102	93	25
105	103	52	25
105	107	100	25
105	108	95	25
105	109	98	25
105	113	95	25
105	116	92	25
105	117	0	25
105	122	97	25
105	125	98	25
105	127	97	25
105	130	100	25
105	133	99	25
105	138	92	25
105	139	94	25
105	143	96	25
105	144	98	25
105	146	96	25
105	148	8	25
106	101	98	25
106	103	95	25
106	104	100	25
106	107	4	25
106	111	98	25
106	116	16	25
106	118	96	25
106	121	96	25
106	123	96	25
106	124	97	25
106	125	96	25
106	126	9	25
106	130	36	25
106	133	98	25
106	138	98	25
107	100	100	25
107	101	97	25
107	102	96	25
107	105	100	25
107	108	96	25
107	109	100	25
107	116	100	25
107	118	98	25
107	121	100	25
107	122	98	25
107	124	97	25
107	127	98	25
107	133	99	25
107	144	100	25
107	146	80	25
108	100	98	25
108	101	100	25
108	102	99	25
108	103	99	25
108	105	100	25
108	107	98	25
108	109	96	25
108	113	100	25
108	116	99	25
108	118	98	25
108	121	96	25
108	122	100	25
108	123	78	25
108	124	100	25
108	125	100	25
108	127	17	25
108	130	99	25
108	133	92	25
108	138	97	25
108	139	61	25
108	144	98	25
108	148	95	25
109	100	93	25
109	101	97	25
109	102	100	25
109	103	100	25
109	105	94	25
109	107	98	25
109	108	95	25
109	113	97	25
109	116	90	25
109	117	99	25
109	118	100	25
109	122	98	25
109	124	0	25
109	125	92	25
109	127	98	25
109	130	94	25
109	131	3	25
109	133	100	25
109	138	97	25
109	139	100	25
109	141	1	25
109	143	100	25
109	144	100	25
109	146	96	25
109	148	100	25
110	112	100	25
110	113	94	25
110	114	96	25
110	115	100	25
110	117	100	25
110	119	100	25
110	128	97	25
110	130	99	25
110	131	97	25
110	135	100	25
110	137	98	25
110	138	80	25
110	139	75	25
110	143	22	25
110	146	94	25
110	149	99	25
111	103	95	25
111	104	100	25
111	108	9	25
111	113	96	25
111	116	98	25
111	118	100	25
111	125	96	25
111	126	100	25
111	130	13	25
111	133	100	25
111	138	96	25
111	148	94	25
112	102	93	25
112	110	93	25
112	113	94	25
112	115	96	25
112	116	97	25
112	117	98	25
112	119	100	25
112	125	96	25
112	126	2	25
112	128	94	25
112	131	99	25
112	137	98	25
112	138	100	25
112	141	100	25
112	146	99	25
112	148	98	25
112	149	97	25
113	102	92	25
113	103	97	25
113	108	93	25
113	109	4	25
113	110	94	25
113	111	97	25
113	112	100	25
113	115	98	25
113	116	100	25
113	117	100	25
113	118	64	25
113	119	90	25
113	121	4	25
113	125	97	25
113	127	100	25
113	130	100	25
113	131	97	25
113	133	9	25
113	137	80	25
113	138	16	25
113	139	99	25
113	144	96	25
113	146	96	25
113	148	96	25
113	149	100	25
114	110	100	25
114	115	78	25
114	119	100	25
114	120	98	25
114	128	98	25
114	129	12	25
114	130	56	25
114	131	57	25
114	135	97	25
114	136	97	25
114	137	100	25
114	148	3	25
115	110	100	25
115	112	98	25
115	113	95	25
115	114	97	25
115	117	98	25
115	119	98	25
115	125	95	25
115	130	98	25
115	131	97	25
115	146	0	25
115	149	98	25
116	100	81	25
116	101	99	25
116	102	99	25
116	103	100	25
116	105	50	25
116	106	80	25
116	107	100	25
116	108	100	25
116	109	97	25
116	111	100	25
116	112	100	25
116	113	100	25
116	117	96	25
116	118	100	25
116	121	98	25
116	122	98	25
116	123	1	25
116	125	97	25
116	126	80	25
116	127	18	25
116	130	100	25
116	131	93	25
116	133	98	25
116	138	96	25
116	139	4	25
116	144	1	25
116	146	95	25
116	148	94	25
117	109	100	25
117	110	98	25
117	111	2	25
117	112	100	25
117	113	100	25
117	114	91	25
117	115	100	25
117	116	88	25
117	119	100	25
117	125	100	25
117	126	100	25
117	130	67	25
117	131	97	25
117	133	100	25
117	135	96	25
117	137	95	25
117	138	100	25
117	146	95	25
117	148	96	25
117	149	100	25
118	100	100	25
118	101	97	25
118	102	93	25
118	103	100	25
118	104	30	25
118	106	4	25
118	107	96	25
118	108	98	25
118	109	95	25
118	111	96	25
118	113	100	25
118	116	100	25
118	121	96	25
118	122	100	25
118	123	11	25
118	124	97	25
118	125	97	25
118	126	93	25
118	127	88	25
118	130	96	25
118	133	100	25
118	138	100	25
118	146	86	25
118	148	100	25
119	110	100	25
119	112	98	25
119	113	100	25
119	114	97	25
119	115	100	25
119	117	100	25
119	120	100	25
119	125	95	25
119	128	96	25
119	129	97	25
119	130	97	25
119	131	3	25
119	135	99	25
119	136	100	25
119	137	97	25
119	146	97	25
119	148	97	25
119	149	97	25
120	114	97	25
120	119	99	25
120	128	93	25
120	129	96	25
120	131	35	25
120	136	99	25
120	142	90	25
121	100	89	25
121	101	99	25
121	102	0	25
121	103	98	25
121	104	100	25
121	106	100	25
121	107	100	25
121	108	100	25
121	111	38	25
121	113	100	25
121	116	86	25
121	118	96	25
121	122	100	25
121	123	100	25
121	124	98	25
121	125	5	25
121	126	96	25
121	133	100	25
121	138	92	25
121	148	3	25
122	100	100	25
122	101	92	25
122	102	99	25
122	103	85	25
122	105	100	25
122	106	5	25
122	107	100	25
122	108	99	25
122	109	98	25
122	111	100	25
122	113	48	25
122	116	99	25
122	118	97	25
122	121	100	25
122	123	14	25
122	124	42	25
122	125	99	25
122	126	14	25
122	127	100	25
122	130	100	25
122	133	100	25
122	144	94	25
122	148	99	25
123	101	7	25
123	103	100	25
123	104	100	25
123	106	100	25
123	108	99	25
123	118	78	25
123	121	97	25
123	124	100	25
123	126	100	25
123	130	100	25
123	133	89	25
123	138	100	25
123	148	97	25
124	101	61	25
124	102	92	25
124	103	99	25
124	104	99	25
124	106	100	25
124	107	96	25
124	108	96	25
124	111	13	25
124	118	97	25
124	121	100	25
124	123	93	25
125	102	100	25
125	103	93	25
125	104	37	25
125	105	29	25
125	106	98	25
125	108	95	25
125	109	30	25
125	111	100	25
125	112	92	25
125	113	99	25
125	115	95	25
125	116	96	25
125	117	96	25
125	118	100	25
125	119	97	25
125	122	100	25
125	126	100	25
125	130	93	25
125	131	97	25
125	133	100	25
125	138	100	25
125	144	100	25
125	146	100	25
125	148	99	25
126	102	78	25
126	103	98	25
126	104	99	25
126	111	98	25
126	117	100	25
126	118	85	25
126	121	100	25
126	123	100	25
126	125	99	25
126	130	99	25
126	138	94	25
126	144	100	25
126	146	96	25
127	100	100	25
127	101	98	25
127	102	100	25
127	105	96	25
127	107	100	25
127	108	89	25
127	109	99	25
127	113	96	25
127	116	13	25
127	122	96	25
127	125	8	25
127	130	0	25
127	133	100	25
127	138	10	25
127	143	86	25
127	144	100	25
127	146	100	25
127	148	99	25
128	110	100	25
128	114	98	25
128	119	91	25
128	120	100	25
128	129	98	25
128	135	97	25
128	142	98	25
128	149	99	25
129	114	54	25
129	119	100	25
129	120	94	25
129	128	100	25
129	131	72	25
129	136	97	25
129	140	91	25
129	142	100	25
129	143	70	25
129	147	99	25
130	103	98	25
130	105	72	25
130	106	2	25
130	108	98	25
130	109	95	25
130	110	100	25
130	113	100	25
130	114	42	25
130	115	100	25
130	116	99	25
130	118	96	25
130	119	98	25
130	122	10	25
130	123	96	25
130	125	100	25
130	126	96	25
130	131	96	25
130	133	99	25
130	138	100	25
130	139	96	25
130	141	2	25
130	143	97	25
130	144	96	25
130	146	100	25
130	148	100	25
130	149	54	25
131	103	6	25
131	110	98	25
131	112	100	25
131	113	95	25
131	114	77	25
131	115	99	25
131	116	5	25
131	117	97	25
131	120	18	25
131	125	100	25
131	129	48	25
131	130	96	25
131	138	13	25
131	139	96	25
131	141	93	25
131	142	95	25
131	143	98	25
131	144	100	25
131	147	19	25
131	148	100	25
131	149	100	25
132	114	96	25
132	115	93	25
132	119	100	25
132	120	97	25
132	128	33	25
132	129	97	25
132	135	97	25
132	136	100	25
132	137	68	25
133	101	99	25
133	102	100	25
133	103	100	25
133	105	100	25
133	106	96	25
133	107	100	25
133	108	99	25
133	109	100	25
133	111	99	25
133	113	71	25
133	116	94	25
133	117	99	25
133	118	99	25
133	121	99	25
133	122	98	25
133	123	4	25
133	125	97	25
133	127	97	25
133	130	96	25
133	138	98	25
133	144	93	25
133	146	100	25
133	148	100	25
134	102	100	25
134	110	93	25
134	112	98	25
134	113	98	25
134	114	100	25
134	115	100	25
134	116	32	25
134	117	100	25
134	119	100	25
134	120	17	25
134	125	92	25
134	128	96	25
134	130	96	25
134	131	100	25
134	133	82	25
134	137	100	25
134	138	93	25
134	139	44	25
134	141	16	25
134	143	99	25
134	144	100	25
134	146	100	25
134	148	99	25
134	149	76	25
135	110	100	25
135	114	100	25
135	117	96	25
135	119	100	25
135	128	98	25
135	136	100	25
135	137	99	25
135	149	92	25
136	114	90	25
136	119	98	25
136	120	98	25
136	128	18	25
136	129	100	25
136	135	96	25
136	137	24	25
136	142	95	25
137	110	96	25
137	112	94	25
137	113	95	25
137	114	100	25
137	115	27	25
137	117	100	25
137	119	99	25
137	128	5	25
137	135	98	25
137	136	71	25
138	102	94	25
138	103	94	25
138	104	98	25
138	105	0	25
138	106	100	25
138	108	98	25
138	109	8	25
138	110	14	25
138	111	100	25
138	112	100	25
138	116	92	25
138	117	100	25
138	118	94	25
138	121	100	25
138	123	98	25
138	125	100	25
138	126	93	25
138	130	100	25
138	131	3	25
138	133	80	25
138	144	2	25
138	146	100	25
138	148	96	25
138	149	29	25
139	102	97	25
139	103	90	25
139	105	98	25
139	108	78	25
139	109	97	25
139	110	86	25
139	113	100	25
139	128	4	25
139	130	100	25
139	131	100	25
139	140	98	25
139	141	99	25
139	143	100	25
139	144	93	25
139	146	98	25
139	147	96	25
139	149	70	25
140	129	95	25
140	139	99	25
140	141	100	25
140	142	99	25
140	143	95	25
140	147	100	25
141	112	100	25
141	128	0	25
141	130	86	25
141	131	97	25
141	139	98	25
141	140	97	25
141	142	100	25
141	143	100	25
141	144	96	25
141	147	14	25
141	148	100	25
141	149	95	25
142	120	95	25
142	128	100	25
142	129	100	25
142	131	100	25
142	136	96	25
142	139	17	25
142	140	94	25
142	141	100	25
142	143	96	25
142	146	18	25
142	147	99	25
143	105	99	25
143	109	97	25
143	110	28	25
143	129	25	25
143	130	95	25
143	131	100	25
143	139	100	25
143	140	100	25
143	141	100	25
143	142	98	25
143	144	99	25
143	147	100	25
143	148	99	25
144	100	11	25
144	101	98	25
144	102	99	25
144	103	100	25
144	105	96	25
144	107	100	25
144	108	100	25
144	109	99	25
144	113	100	25
144	116	0	25
144	122	98	25
144	125	100	25
144	126	96	25
144	127	96	25
144	130	96	25
144	131	98	25
144	133	100	25
144	138	95	25
144	139	98	25
144	141	97	25
144	143	98	25
144	146	99	25
144	148	100	25
144	149	20	25
146	102	98	25
146	103	100	25
146	105	99	25
146	107	96	25
146	108	3	25
146	109	96	25
146	110	100	25
146	112	94	25
146	113	96	25
146	116	95	25
146	117	100	25
146	118	95	25
146	119	96	25
146	125	95	25
146	126	100	25
146	127	100	25
146	128	68	25
146	130	100	25
146	133	95	25
146	138	100	25
146	139	98	25
146	142	37	25
146	144	100	25
146	148	93	25
146	149	97	25
147	129	98	25
147	131	33	25
147	139	99	25
147	140	100	25
147	142	100	25
147	143	93	25
148	102	100	25
148	108	99	25
148	109	100	25
148	110	2	25
148	111	100	25
148	112	100	25
148	113	100	25
148	114	72	25
148	116	97	25
148	117	100	25
148	118	98	25
148	119	97	25
148	123	99	25
148	125	95	25
148	126	57	25
148	127	100	25
148	130	96	25
148	131	100	25
148	133	98	25
148	138	100	25
148	141	98	25
148	143	91	25
148	144	96	25
148	146	97	25
148	149	98	25
149	108	1	25
149	110	94	25
149	112	100	25
149	113	100	25
149	115	99	25
149	117	97	25
149	119	100	25
149	128	95	25
149	130	96	25
149	131	97	25
149	135	100	25
149	138	95	25
149	139	97	25
149	141	100	25
149	143	1	25
149	144	24	25
149	146	98	25
149	148	95	25
100	101	74	24
100	102	93	24
100	105	88	24
100	107	97	24
100	108	95	24
100	109	36	24
100	116	2	24
100	118	97	24
100	122	73	24
100	127	98	24
100	133	90	24
100	144	26	24
101	102	94	24
101	103	97	24
101	105	100	24
101	107	100	24
101	108	100	24
101	109	92	24
101	116	100	24
101	118	100	24
101	121	98	24
101	122	96	24
101	123	78	24
101	124	47	24
101	127	100	24
101	133	100	24
102	100	87	24
102	101	100	24
102	103	95	24
102	107	100	24
102	108	98	24
102	109	94	24
102	112	48	24
102	113	100	24
102	116	100	24
102	117	88	24
102	118	99	24
102	122	100	24
102	123	15	24
102	124	100	24
102	125	99	24
102	126	82	24
102	127	90	24
102	130	4	24
102	133	100	24
102	138	100	24
102	139	6	24
102	144	98	24
102	146	100	24
102	148	100	24
103	101	66	24
103	102	100	24
103	104	96	24
103	106	100	24
103	107	96	24
103	108	100	24
103	111	100	24
103	113	96	24
103	116	98	24
103	118	90	24
103	121	100	24
103	122	76	24
103	123	94	24
103	124	12	24
103	125	96	24
103	126	100	24
103	130	100	24
103	131	89	24
103	133	94	24
103	138	99	24
103	139	100	24
103	144	96	24
103	146	2	24
103	148	100	24
104	103	97	24
104	106	92	24
104	111	100	24
104	113	95	24
104	116	97	24
104	117	53	24
104	118	93	24
104	121	100	24
104	123	100	24
104	124	97	24
104	125	49	24
104	126	100	24
104	133	9	24
104	138	95	24
104	148	45	24
105	100	94	24
105	101	100	24
105	103	28	24
105	108	98	24
105	109	90	24
105	112	38	24
105	116	95	24
105	117	55	24
105	118	13	24
105	122	96	24
105	125	99	24
105	126	4	24
105	127	91	24
105	130	97	24
105	133	100	24
105	138	97	24
105	139	94	24
105	141	97	24
105	143	91	24
105	144	97	24
105	146	97	24
105	148	96	24
105	149	0	24
106	101	32	24
106	102	12	24
106	103	100	24
106	104	62	24
106	107	11	24
106	108	5	24
106	111	100	24
106	113	69	24
106	116	44	24
106	117	73	24
106	118	22	24
106	121	98	24
106	123	100	24
106	124	100	24
106	125	65	24
106	126	92	24
106	130	43	24
106	133	94	24
106	138	100	24
107	100	88	24
107	101	94	24
107	102	97	24
107	103	93	24
107	108	100	24
107	109	100	24
107	116	98	24
107	118	97	24
107	121	97	24
107	122	95	24
107	123	34	24
107	124	99	24
107	127	96	24
107	133	98	24
107	144	94	24
107	146	23	24
107	148	64	24
108	100	64	24
108	101	92	24
108	102	100	24
108	103	96	24
108	105	59	24
108	106	10	24
108	107	100	24
108	109	89	24
108	113	4	24
108	116	97	24
108	117	30	24
108	118	99	24
108	121	97	24
108	122	96	24
108	123	1	24
108	124	100	24
108	125	100	24
108	126	93	24
108	127	6	24
108	130	100	24
108	133	94	24
108	144	96	24
108	146	74	24
108	148	100	24
109	100	88	24
109	101	97	24
109	102	98	24
109	103	47	24
109	105	96	24
109	107	99	24
109	108	88	24
109	111	6	24
109	112	100	24
109	113	100	24
109	115	10	24
109	116	97	24
109	117	95	24
109	118	99	24
109	119	27	24
109	122	100	24
109	124	17	24
109	125	100	24
109	127	98	24
109	130	94	24
109	131	45	24
109	133	99	24
109	138	97	24
109	139	95	24
109	140	10	24
109	143	90	24
109	144	100	24
109	146	100	24
109	148	100	24
109	149	87	24
110	112	95	24
110	113	98	24
110	114	97	24
110	115	98	24
110	117	100	24
110	119	92	24
110	120	96	24
110	125	100	24
110	128	62	24
110	130	99	24
110	131	96	24
110	135	97	24
110	137	96	24
110	139	51	24
110	146	95	24
110	148	94	24
110	149	97	24
111	102	9	24
111	103	96	24
111	104	98	24
111	106	97	24
111	108	3	24
111	112	80	24
111	117	87	24
111	118	64	24
111	121	100	24
111	123	95	24
111	124	50	24
111	125	100	24
111	126	97	24
111	130	99	24
111	133	100	24
111	138	100	24
111	144	9	24
111	146	29	24
111	148	100	24
112	102	51	24
112	109	56	24
112	110	97	24
112	111	57	24
112	113	95	24
112	115	100	24
112	116	91	24
112	117	96	24
112	118	63	24
112	119	98	24
112	125	93	24
112	130	98	24
112	131	100	24
112	135	64	24
112	137	99	24
112	138	100	24
112	139	100	24
112	141	76	24
112	146	99	24
112	148	100	24
112	149	98	24
113	102	93	24
113	103	92	24
113	104	100	24
113	106	0	24
113	108	14	24
113	109	88	24
113	110	89	24
113	112	100	24
113	115	98	24
113	116	99	24
113	117	97	24
113	118	100	24
113	119	99	24
113	121	7	24
113	125	100	24
113	127	98	24
113	130	97	24
113	131	96	24
113	133	85	24
113	135	64	24
113	137	90	24
113	138	97	24
113	139	100	24
113	143	73	24
113	144	100	24
113	146	90	24
113	148	96	24
113	149	100	24
114	110	99	24
114	112	10	24
114	115	94	24
114	117	100	24
114	119	100	24
114	120	100	24
114	125	4	24
114	128	100	24
114	129	96	24
114	130	73	24
114	131	9	24
114	135	100	24
114	136	97	24
114	137	97	24
114	148	84	24
114	149	94	24
115	110	96	24
115	112	100	24
115	113	100	24
115	114	96	24
115	116	29	24
115	117	100	24
115	119	99	24
115	125	100	24
115	130	100	24
115	131	18	24
115	135	41	24
115	137	97	24
115	139	91	24
115	146	92	24
115	148	33	24
115	149	95	24
116	100	14	24
116	101	97	24
116	102	97	24
116	103	97	24
116	104	97	24
116	105	57	24
116	106	54	24
116	107	99	24
116	108	100	24
116	109	91	24
116	112	100	24
116	113	100	24
116	115	51	24
116	117	100	24
116	118	99	24
116	121	23	24
116	122	97	24
116	123	73	24
116	124	73	24
116	125	96	24
116	126	98	24
116	127	91	24
116	130	100	24
116	131	94	24
116	133	98	24
116	138	99	24
116	144	65	24
116	146	99	24
116	148	97	24
116	149	96	24
117	102	76	24
117	104	23	24
117	106	15	24
117	108	12	24
117	109	100	24
117	110	96	24
117	111	84	24
117	112	100	24
117	113	98	24
117	114	94	24
117	115	100	24
117	116	95	24
117	119	100	24
117	125	99	24
117	126	100	24
117	128	8	24
117	130	98	24
117	131	100	24
117	133	100	24
117	135	100	24
117	137	95	24
117	138	97	24
117	144	100	24
117	146	100	24
117	148	95	24
117	149	100	24
118	100	100	24
118	101	95	24
118	102	96	24
118	103	100	24
118	104	100	24
118	106	84	24
118	107	100	24
118	108	100	24
118	109	100	24
118	111	29	24
118	112	67	24
118	113	100	24
118	116	99	24
118	121	95	24
118	122	76	24
118	123	100	24
118	124	76	24
118	125	98	24
118	126	4	24
118	130	93	24
118	131	13	24
118	133	96	24
118	138	86	24
118	144	64	24
118	146	2	24
118	148	97	24
119	110	97	24
119	112	95	24
119	113	100	24
119	114	99	24
119	115	100	24
119	117	100	24
119	120	100	24
119	125	100	24
119	128	96	24
119	129	100	24
119	130	99	24
119	131	100	24
119	135	95	24
119	139	8	24
119	144	5	24
119	146	100	24
119	148	99	24
119	149	100	24
120	110	98	24
120	114	100	24
120	119	93	24
120	128	100	24
120	129	96	24
120	135	97	24
120	136	98	24
120	137	95	24
121	101	97	24
121	103	97	24
121	104	96	24
121	106	99	24
121	107	98	24
121	108	94	24
121	111	100	24
121	113	6	24
121	118	100	24
121	122	96	24
121	123	97	24
121	124	100	24
121	125	99	24
121	126	96	24
121	130	9	24
121	133	99	24
121	138	95	24
122	100	85	24
122	101	94	24
122	102	100	24
122	103	97	24
122	105	97	24
122	107	100	24
122	108	98	24
122	109	100	24
122	111	8	24
122	113	95	24
122	116	38	24
122	118	94	24
122	121	94	24
122	124	17	24
122	125	97	24
122	126	18	24
122	127	100	24
122	130	33	24
122	133	99	24
122	138	94	24
122	143	92	24
122	144	98	24
122	146	26	24
122	148	80	24
123	101	97	24
123	102	45	24
123	103	100	24
123	104	100	24
123	106	100	24
123	107	11	24
123	108	14	24
123	111	92	24
123	116	64	24
123	118	100	24
123	121	95	24
123	124	90	24
123	125	100	24
123	126	100	24
123	130	98	24
123	133	100	24
123	138	100	24
124	101	100	24
124	102	93	24
124	103	54	24
124	104	95	24
124	106	100	24
124	107	96	24
124	108	93	24
124	118	73	24
124	121	91	24
124	123	98	24
124	125	97	24
124	126	12	24
124	133	82	24
125	102	98	24
125	103	93	24
125	104	9	24
125	105	81	24
125	106	61	24
125	108	83	24
125	109	13	24
125	110	100	24
125	111	94	24
125	112	99	24
125	113	99	24
125	115	95	24
125	116	98	24
125	117	98	24
125	118	98	24
125	119	91	24
125	121	92	24
125	122	34	24
125	123	60	24
125	124	99	24
125	126	100	24
125	130	98	24
125	133	100	24
125	138	96	24
125	144	15	24
125	146	95	24
125	148	95	24
126	102	76	24
126	103	94	24
126	104	96	24
126	106	94	24
126	108	93	24
126	111	99	24
126	116	100	24
126	117	98	24
126	118	30	24
126	121	99	24
126	123	100	24
126	125	93	24
126	130	98	24
126	138	99	24
126	144	96	24
126	146	96	24
126	148	98	24
127	100	100	24
127	101	79	24
127	102	98	24
127	105	89	24
127	107	95	24
127	108	67	24
127	109	98	24
127	113	100	24
127	116	95	24
127	122	100	24
127	130	28	24
127	133	97	24
127	143	100	24
127	144	100	24
127	146	99	24
127	148	100	24
128	114	97	24
128	119	96	24
128	120	95	24
128	129	20	24
128	135	100	24
128	137	0	24
128	140	4	24
128	142	98	24
128	149	93	24
129	114	100	24
129	119	94	24
129	120	100	24
129	128	95	24
129	131	97	24
129	136	97	24
129	140	93	24
129	143	72	24
129	147	81	24
129	149	72	24
130	102	4	24
130	103	91	24
130	105	16	24
130	106	7	24
130	108	87	24
130	109	98	24
130	110	89	24
130	111	96	24
130	112	100	24
130	113	94	24
130	114	92	24
130	115	96	24
130	116	99	24
130	117	98	24
130	118	99	24
130	119	97	24
130	121	1	24
130	123	94	24
130	125	98	24
130	126	100	24
130	131	99	24
130	133	99	24
130	138	100	24
130	139	97	24
130	141	32	24
130	143	2	24
130	144	100	24
130	146	96	24
130	148	100	24
130	149	57	24
131	103	97	24
131	110	97	24
131	112	100	24
131	113	96	24
131	114	29	24
131	115	26	24
131	116	85	24
131	117	98	24
131	118	36	24
131	119	89	24
131	125	1	24
131	129	100	24
131	130	96	24
131	138	91	24
131	139	97	24
131	140	92	24
131	141	100	24
131	142	90	24
131	143	100	24
131	144	94	24
131	146	100	24
131	147	90	24
131	148	99	24
131	149	95	24
132	110	93	24
132	112	100	24
132	114	97	24
132	115	100	24
132	119	97	24
132	120	96	24
132	128	100	24
132	129	98	24
132	135	99	24
132	136	100	24
132	137	100	24
132	149	95	24
133	100	90	24
133	101	91	24
133	102	100	24
133	103	96	24
133	105	93	24
133	106	96	24
133	107	92	24
133	108	92	24
133	109	100	24
133	111	96	24
133	113	95	24
133	116	100	24
133	117	100	24
133	118	100	24
133	121	100	24
133	122	98	24
133	123	58	24
133	124	91	24
133	125	98	24
133	127	87	24
133	130	100	24
133	138	100	24
133	144	100	24
133	146	98	24
133	148	97	24
135	110	99	24
135	112	82	24
135	113	72	24
135	114	94	24
135	117	78	24
135	119	98	24
135	120	91	24
135	128	100	24
135	136	96	24
135	137	98	24
135	149	100	24
136	114	100	24
136	120	100	24
136	129	100	24
136	135	100	24
137	110	98	24
137	112	93	24
137	113	87	24
137	114	94	24
137	115	96	24
137	117	100	24
137	120	98	24
137	125	6	24
137	128	31	24
137	135	98	24
137	136	0	24
137	149	100	24
138	102	78	24
138	103	95	24
138	104	100	24
138	105	64	24
138	106	100	24
138	108	2	24
138	109	59	24
138	111	100	24
138	112	100	24
138	113	99	24
138	116	97	24
138	117	99	24
138	118	91	24
138	121	28	24
138	123	85	24
138	125	96	24
138	126	96	24
138	130	99	24
138	131	54	24
138	133	47	24
138	144	98	24
138	146	96	24
138	148	100	24
139	102	32	24
139	103	89	24
139	105	63	24
139	109	92	24
139	110	64	24
139	112	100	24
139	113	100	24
139	115	100	24
139	119	4	24
139	130	98	24
139	131	98	24
139	140	100	24
139	141	100	24
139	142	99	24
139	143	99	24
139	144	100	24
139	146	96	24
139	147	100	24
139	148	28	24
139	149	94	24
140	128	55	24
140	129	97	24
140	131	100	24
140	139	97	24
140	141	100	24
140	142	100	24
140	143	98	24
140	146	75	24
140	147	98	24
141	105	74	24
141	110	36	24
141	112	99	24
141	113	0	24
141	130	97	24
141	131	96	24
141	139	96	24
141	140	98	24
141	142	97	24
141	143	100	24
141	144	99	24
141	146	97	24
141	147	99	24
141	148	99	24
141	149	99	24
142	114	0	24
142	128	95	24
142	131	99	24
142	139	100	24
142	140	100	24
142	141	95	24
142	143	98	24
142	147	95	24
143	105	87	24
143	109	95	24
143	113	86	24
143	122	4	24
143	127	5	24
143	129	70	24
143	130	17	24
143	131	95	24
143	139	100	24
143	140	99	24
143	141	99	24
143	142	97	24
143	144	95	24
143	146	54	24
143	147	98	24
143	148	0	24
143	149	45	24
144	100	6	24
144	102	97	24
144	103	95	24
144	105	100	24
144	107	92	24
144	108	98	24
144	109	100	24
144	111	0	24
144	113	98	24
144	116	72	24
144	117	98	24
144	118	6	24
144	122	59	24
144	125	13	24
144	126	100	24
144	127	74	24
144	130	100	24
144	131	96	24
144	133	100	24
144	138	98	24
144	139	92	24
144	141	97	24
144	143	92	24
144	146	100	24
144	148	92	24
144	149	90	24
146	102	100	24
146	103	13	24
146	105	76	24
146	107	66	24
146	108	91	24
146	109	100	24
146	110	97	24
146	111	6	24
146	112	96	24
146	113	100	24
146	115	100	24
146	116	96	24
146	117	99	24
146	118	9	24
146	119	100	24
146	125	100	24
146	126	99	24
146	127	88	24
146	130	96	24
146	131	96	24
146	133	100	24
146	138	100	24
146	139	97	24
146	140	80	24
146	141	96	24
146	143	59	24
146	144	99	24
146	148	96	24
146	149	100	24
147	129	78	24
147	131	99	24
147	139	96	24
147	140	100	24
147	141	94	24
147	142	94	24
147	143	97	24
148	102	86	24
148	103	86	24
148	104	25	24
148	105	17	24
148	107	62	24
148	108	92	24
148	109	91	24
148	110	89	24
148	111	90	24
148	112	90	24
148	113	81	24
148	114	100	24
148	115	44	24
148	116	93	24
148	117	89	24
148	118	89	24
148	119	89	24
148	125	85	24
148	126	83	24
148	127	83	24
148	130	86	24
148	131	85	24
148	133	88	24
148	138	91	24
148	139	1	24
148	141	88	24
148	144	82	24
148	146	84	24
148	149	88	24
149	110	97	24
149	112	99	24
149	113	100	24
149	114	91	24
149	115	100	24
149	116	77	24
149	117	99	24
149	119	95	24
149	128	100	24
149	129	59	24
149	130	77	24
149	131	98	24
149	135	96	24
149	137	100	24
149	139	100	24
149	141	94	24
149	143	39	24
149	144	98	24
149	146	96	24
149	148	97	24
100	101	96	23
100	102	15	23
100	105	95	23
100	107	33	23
100	108	98	23
100	109	95	23
100	118	92	23
100	122	95	23
100	124	8	23
100	127	96	23
101	100	97	23
101	102	99	23
101	105	93	23
101	107	97	23
101	108	96	23
101	109	98	23
101	116	91	23
101	118	98	23
101	121	100	23
101	122	99	23
101	123	92	23
101	124	95	23
101	127	96	23
101	133	99	23
101	144	3	23
102	101	100	23
102	103	97	23
102	105	97	23
102	107	92	23
102	108	97	23
102	109	100	23
102	111	89	23
102	113	100	23
102	116	95	23
102	117	94	23
102	118	95	23
102	122	99	23
102	125	95	23
102	127	100	23
102	133	100	23
102	138	99	23
102	144	99	23
102	146	97	23
102	148	99	23
103	101	6	23
103	102	99	23
103	104	94	23
103	105	10	23
103	106	93	23
103	107	98	23
103	108	100	23
103	111	91	23
103	113	100	23
103	116	100	23
103	118	73	23
103	121	93	23
103	122	83	23
103	123	100	23
103	124	79	23
103	125	99	23
103	126	96	23
103	127	0	23
103	130	99	23
103	131	68	23
103	133	97	23
103	138	78	23
103	146	43	23
103	148	62	23
104	103	99	23
104	106	89	23
104	111	99	23
104	113	5	23
104	116	87	23
104	118	28	23
104	123	98	23
104	124	61	23
104	125	88	23
104	126	97	23
104	138	100	23
105	100	88	23
105	101	88	23
105	102	85	23
105	103	88	23
105	107	48	23
105	108	71	23
105	109	95	23
105	113	99	23
105	116	89	23
105	122	98	23
105	125	98	23
105	127	91	23
105	133	85	23
105	138	87	23
105	139	81	23
105	141	96	23
105	143	100	23
105	144	100	23
105	148	100	23
106	103	96	23
106	104	99	23
106	107	77	23
106	108	76	23
106	111	100	23
106	116	98	23
106	117	31	23
106	118	7	23
106	121	94	23
106	123	94	23
106	124	100	23
106	126	92	23
106	133	35	23
106	138	91	23
107	101	96	23
107	102	98	23
107	103	94	23
107	106	80	23
107	108	100	23
107	109	95	23
107	116	98	23
107	118	98	23
107	121	100	23
107	122	92	23
107	124	71	23
107	127	94	23
107	133	77	23
108	100	100	23
108	101	100	23
108	102	100	23
108	103	99	23
108	105	71	23
108	106	83	23
108	107	99	23
108	109	100	23
108	111	12	23
108	116	97	23
108	117	81	23
108	118	98	23
108	121	91	23
108	122	100	23
108	123	97	23
108	126	100	23
108	127	100	23
108	133	94	23
108	138	92	23
108	144	100	23
108	146	76	23
108	148	8	23
109	100	94	23
109	101	98	23
109	102	93	23
109	103	93	23
109	105	100	23
109	107	100	23
109	108	100	23
109	112	97	23
109	113	96	23
109	115	43	23
109	116	100	23
109	117	91	23
109	118	76	23
109	121	13	23
109	122	100	23
109	126	62	23
109	127	98	23
109	130	93	23
109	133	91	23
109	138	90	23
109	139	90	23
109	141	95	23
109	143	100	23
109	144	99	23
109	146	89	23
109	148	94	23
110	112	100	23
110	113	100	23
110	114	84	23
110	115	100	23
110	117	95	23
110	119	100	23
110	120	9	23
110	125	87	23
110	128	0	23
110	130	97	23
110	131	96	23
110	135	94	23
110	137	97	23
110	138	62	23
110	139	33	23
110	146	90	23
110	149	99	23
111	102	82	23
111	103	90	23
111	104	96	23
111	106	98	23
111	108	70	23
111	116	70	23
111	117	84	23
111	118	60	23
111	121	97	23
111	123	98	23
111	124	2	23
111	125	93	23
111	126	95	23
111	130	18	23
111	133	68	23
111	138	99	23
111	148	59	23
112	109	74	23
112	110	96	23
112	113	100	23
112	114	97	23
112	115	94	23
112	117	97	23
112	118	12	23
112	119	98	23
112	125	99	23
112	130	99	23
112	131	93	23
112	138	94	23
112	139	95	23
112	146	85	23
112	148	100	23
112	149	100	23
113	102	93	23
113	103	100	23
113	104	66	23
113	105	67	23
113	109	92	23
113	110	93	23
113	112	98	23
113	115	97	23
113	116	9	23
113	117	96	23
113	118	78	23
113	119	100	23
113	125	99	23
113	130	100	23
113	131	87	23
113	135	90	23
113	138	93	23
113	139	93	23
113	143	84	23
113	144	100	23
113	146	95	23
113	148	96	23
113	149	93	23
114	112	10	23
114	115	100	23
114	117	100	23
114	119	100	23
114	120	98	23
114	128	100	23
114	129	99	23
114	135	96	23
114	136	97	23
114	142	0	23
114	149	21	23
115	110	90	23
115	112	100	23
115	113	92	23
115	114	87	23
115	117	90	23
115	119	100	23
115	125	90	23
115	130	97	23
115	131	4	23
115	135	84	23
115	137	20	23
115	138	63	23
115	139	0	23
115	141	7	23
115	143	13	23
115	146	97	23
115	149	96	23
116	101	95	23
116	102	93	23
116	103	100	23
116	104	95	23
116	105	94	23
116	106	99	23
116	107	97	23
116	108	99	23
116	109	91	23
116	111	99	23
116	113	43	23
116	117	100	23
116	118	93	23
116	122	93	23
116	123	81	23
116	125	94	23
116	126	100	23
116	127	91	23
116	130	97	23
116	133	96	23
116	138	97	23
116	144	100	23
116	146	98	23
116	148	100	23
117	101	0	23
117	102	93	23
117	106	26	23
117	108	77	23
117	109	92	23
117	110	96	23
117	111	92	23
117	112	95	23
117	113	94	23
117	114	96	23
117	115	99	23
117	116	95	23
117	119	96	23
117	125	100	23
117	126	100	23
117	130	98	23
117	131	97	23
117	133	100	23
117	138	100	23
117	141	6	23
117	144	34	23
117	146	100	23
117	148	9	23
117	149	95	23
118	100	76	23
118	101	100	23
118	102	98	23
118	103	88	23
118	104	4	23
118	106	7	23
118	107	97	23
118	108	100	23
118	109	90	23
118	111	43	23
118	113	99	23
118	116	97	23
118	121	98	23
118	122	35	23
118	123	100	23
118	124	86	23
118	125	100	23
118	127	1	23
118	130	87	23
118	133	99	23
118	138	94	23
118	144	78	23
118	146	84	23
119	110	97	23
119	112	95	23
119	113	100	23
119	114	100	23
119	115	99	23
119	117	96	23
119	120	96	23
119	125	92	23
119	128	96	23
119	129	100	23
119	130	96	23
119	131	99	23
119	135	56	23
119	137	95	23
119	144	1	23
119	148	85	23
119	149	99	23
120	114	99	23
120	119	100	23
120	128	95	23
120	129	99	23
120	135	100	23
120	136	100	23
121	100	19	23
121	101	99	23
121	103	97	23
121	104	24	23
121	106	96	23
121	107	88	23
121	108	90	23
121	109	74	23
121	111	95	23
121	113	15	23
121	116	73	23
121	117	4	23
121	118	97	23
121	122	90	23
121	123	100	23
121	124	100	23
121	125	86	23
121	126	98	23
121	133	96	23
121	138	72	23
122	100	96	23
122	101	96	23
122	102	100	23
122	103	96	23
122	105	97	23
122	106	65	23
122	107	100	23
122	108	100	23
122	109	97	23
122	113	64	23
122	116	94	23
122	121	98	23
122	123	12	23
122	124	57	23
122	127	97	23
122	133	100	23
122	138	28	23
122	144	97	23
122	146	98	23
123	101	87	23
123	103	85	23
123	104	97	23
123	106	98	23
123	108	74	23
123	111	100	23
123	118	81	23
123	121	93	23
123	124	100	23
123	126	94	23
123	133	86	23
123	138	91	23
124	101	90	23
124	103	85	23
124	104	96	23
124	106	100	23
124	107	89	23
124	118	94	23
124	121	89	23
124	122	56	23
124	123	100	23
124	126	25	23
124	133	78	23
125	102	100	23
125	103	97	23
125	104	99	23
125	105	69	23
125	106	0	23
125	108	70	23
125	110	42	23
125	111	99	23
125	112	100	23
125	113	100	23
125	115	100	23
125	116	98	23
125	117	99	23
125	118	93	23
125	119	98	23
125	121	4	23
125	126	97	23
125	130	97	23
125	133	99	23
125	138	100	23
125	144	100	23
125	146	100	23
125	148	97	23
126	103	97	23
126	104	96	23
126	106	94	23
126	108	83	23
126	111	100	23
126	116	92	23
126	117	98	23
126	121	95	23
126	123	83	23
126	124	12	23
126	125	99	23
126	130	98	23
126	138	100	23
126	144	5	23
126	146	93	23
126	148	0	23
127	100	100	23
127	101	97	23
127	102	96	23
127	103	94	23
127	105	96	23
127	107	89	23
127	108	91	23
127	109	99	23
127	113	0	23
127	116	75	23
127	118	53	23
127	122	94	23
127	130	98	23
127	133	79	23
127	139	1	23
127	143	98	23
127	144	97	23
127	148	100	23
128	114	73	23
128	119	95	23
128	120	76	23
128	129	91	23
128	135	62	23
128	142	97	23
129	114	98	23
129	119	100	23
129	120	99	23
129	128	99	23
129	131	92	23
129	136	100	23
129	140	92	23
129	142	96	23
129	143	20	23
130	103	98	23
130	109	98	23
130	110	97	23
130	111	5	23
130	112	97	23
130	113	100	23
130	114	14	23
130	115	97	23
130	116	100	23
130	117	100	23
130	118	66	23
130	119	93	23
130	125	98	23
130	126	100	23
130	127	56	23
130	131	96	23
130	133	96	23
130	139	15	23
130	141	90	23
130	144	100	23
130	146	100	23
130	148	99	23
131	103	84	23
131	110	96	23
131	112	97	23
131	113	87	23
131	115	90	23
131	117	96	23
131	119	100	23
131	128	30	23
131	129	100	23
131	130	98	23
131	140	98	23
131	141	98	23
131	142	98	23
131	144	97	23
131	146	94	23
131	147	97	23
131	149	93	23
132	110	93	23
132	112	4	23
132	114	98	23
132	119	100	23
132	120	100	23
132	128	99	23
132	135	100	23
132	136	100	23
133	101	85	23
133	102	86	23
133	103	96	23
133	104	12	23
133	105	79	23
133	107	87	23
133	108	98	23
133	109	92	23
133	111	87	23
133	116	91	23
133	117	97	23
133	118	95	23
133	121	94	23
133	122	92	23
133	123	93	23
133	124	71	23
133	125	100	23
133	127	83	23
133	130	100	23
133	138	2	23
133	139	19	23
133	144	6	23
133	146	97	23
135	110	63	23
135	113	5	23
135	114	99	23
135	115	73	23
135	119	76	23
135	120	93	23
135	128	78	23
135	136	97	23
135	137	96	23
135	149	80	23
136	114	98	23
136	120	100	23
136	129	96	23
136	135	100	23
136	142	98	23
137	110	100	23
137	112	42	23
137	114	100	23
137	115	99	23
137	119	93	23
137	120	17	23
137	128	3	23
137	135	100	23
137	136	0	23
138	102	95	23
138	103	60	23
138	104	97	23
138	105	63	23
138	106	87	23
138	108	84	23
138	109	0	23
138	111	98	23
138	112	92	23
138	113	100	23
138	115	54	23
138	116	96	23
138	117	94	23
138	118	83	23
138	123	86	23
138	125	99	23
138	126	97	23
138	144	92	23
138	148	34	23
139	105	2	23
139	112	93	23
139	113	96	23
139	115	22	23
139	130	32	23
139	133	24	23
139	138	3	23
139	140	100	23
139	141	100	23
139	142	74	23
139	143	100	23
139	144	97	23
139	146	100	23
139	147	100	23
139	148	96	23
139	149	96	23
140	129	97	23
140	131	100	23
140	139	53	23
140	141	100	23
140	142	96	23
140	143	100	23
140	146	6	23
140	147	100	23
141	105	94	23
141	109	75	23
141	115	30	23
141	117	19	23
141	130	91	23
141	131	97	23
141	139	98	23
141	140	100	23
141	142	95	23
141	143	99	23
141	144	96	23
141	146	93	23
141	147	97	23
141	149	100	23
142	114	46	23
142	128	98	23
142	129	96	23
142	131	92	23
142	136	97	23
142	139	91	23
142	140	96	23
142	141	100	23
142	143	94	23
142	146	7	23
142	147	92	23
143	105	94	23
143	109	100	23
143	113	86	23
143	115	35	23
143	127	91	23
143	139	99	23
143	140	98	23
143	141	100	23
143	142	96	23
143	147	96	23
144	101	77	23
144	102	97	23
144	103	19	23
144	105	100	23
144	108	97	23
144	109	96	23
144	113	100	23
144	116	94	23
144	117	88	23
144	118	71	23
144	119	37	23
144	122	94	23
144	125	98	23
144	126	89	23
144	127	100	23
144	130	99	23
144	131	100	23
144	133	49	23
144	138	94	23
144	139	95	23
144	141	98	23
144	143	53	23
144	146	96	23
144	148	100	23
146	101	5	23
146	102	95	23
146	103	31	23
146	108	49	23
146	109	94	23
146	110	20	23
146	112	79	23
146	113	91	23
146	115	93	23
146	116	97	23
146	117	100	23
146	118	17	23
146	122	37	23
146	125	93	23
146	126	86	23
146	128	29	23
146	130	98	23
146	131	95	23
146	133	81	23
146	138	6	23
146	139	96	23
146	141	99	23
146	144	100	23
146	148	95	23
146	149	40	23
147	131	91	23
147	139	88	23
147	140	100	23
147	141	93	23
147	142	97	23
147	143	100	23
148	102	91	23
148	103	87	23
148	105	88	23
148	108	85	23
148	109	95	23
148	111	98	23
148	112	91	23
148	113	99	23
148	116	98	23
148	117	97	23
148	118	57	23
148	119	84	23
148	122	0	23
148	123	30	23
148	125	95	23
148	126	89	23
148	127	80	23
148	130	100	23
148	138	91	23
148	139	89	23
148	143	4	23
148	144	100	23
148	146	99	23
148	149	15	23
149	110	91	23
149	112	100	23
149	113	92	23
149	114	99	23
149	115	98	23
149	117	95	23
149	119	97	23
149	131	100	23
149	135	100	23
149	139	93	23
149	141	100	23
149	146	95	23
100	101	96	22
100	102	100	22
100	105	78	22
100	107	94	22
100	108	62	22
100	109	91	22
100	116	37	22
100	118	19	22
100	121	89	22
100	122	96	22
100	127	96	22
101	100	95	22
101	102	100	22
101	103	81	22
101	105	97	22
101	107	100	22
101	108	100	22
101	109	95	22
101	116	97	22
101	118	96	22
101	121	100	22
101	122	98	22
101	123	63	22
101	124	57	22
101	127	100	22
101	133	70	22
101	144	13	22
102	100	84	22
102	101	92	22
102	103	93	22
102	105	98	22
102	106	29	22
102	107	96	22
102	108	100	22
102	109	99	22
102	111	12	22
102	113	97	22
102	116	95	22
102	117	97	22
102	118	95	22
102	121	90	22
102	122	96	22
102	124	90	22
102	125	96	22
102	126	47	22
102	127	91	22
102	130	96	22
102	138	96	22
102	146	93	22
102	148	99	22
103	101	6	22
103	102	97	22
103	104	94	22
103	106	100	22
103	107	97	22
103	108	88	22
103	109	100	22
103	111	100	22
103	113	97	22
103	116	94	22
103	118	95	22
103	121	93	22
103	122	92	22
103	123	100	22
103	124	100	22
103	125	23	22
103	126	100	22
103	127	8	22
103	131	53	22
103	133	100	22
103	138	91	22
103	146	7	22
103	148	8	22
104	103	96	22
104	106	95	22
104	111	99	22
104	113	40	22
104	121	92	22
104	123	95	22
104	124	40	22
104	125	91	22
104	126	1	22
104	138	100	22
105	100	93	22
105	101	96	22
105	102	98	22
105	103	65	22
105	107	84	22
105	108	88	22
105	109	95	22
105	113	94	22
105	122	97	22
105	124	25	22
105	125	61	22
105	127	95	22
105	130	64	22
105	133	8	22
105	138	73	22
105	139	69	22
105	141	48	22
105	143	82	22
105	144	100	22
105	146	100	22
105	148	97	22
106	102	76	22
106	103	90	22
106	104	92	22
106	107	75	22
106	108	86	22
106	111	98	22
106	116	87	22
106	118	23	22
106	121	61	22
106	122	7	22
106	123	98	22
106	124	100	22
106	125	98	22
106	126	99	22
106	133	16	22
106	138	94	22
107	100	100	22
107	101	91	22
107	102	100	22
107	103	97	22
107	105	59	22
107	108	95	22
107	109	95	22
107	116	92	22
107	118	99	22
107	122	91	22
107	124	99	22
107	127	93	22
107	130	74	22
107	133	3	22
108	100	4	22
108	101	100	22
108	102	92	22
108	103	67	22
108	105	94	22
108	106	99	22
108	107	100	22
108	109	100	22
108	111	75	22
108	116	96	22
108	117	80	22
108	118	100	22
108	121	93	22
108	122	96	22
108	124	95	22
108	125	30	22
108	127	91	22
108	130	26	22
108	133	95	22
108	144	93	22
108	148	84	22
109	100	91	22
109	101	87	22
109	102	97	22
109	103	100	22
109	105	100	22
109	107	96	22
109	108	100	22
109	112	100	22
109	113	94	22
109	116	97	22
109	117	90	22
109	118	100	22
109	121	100	22
109	122	100	22
109	125	98	22
109	126	99	22
109	127	100	22
109	130	96	22
109	133	95	22
109	138	93	22
109	139	93	22
109	143	94	22
109	144	98	22
109	148	98	22
109	149	12	22
110	112	99	22
110	113	90	22
110	114	100	22
110	115	96	22
110	117	100	22
110	119	99	22
110	120	0	22
110	128	96	22
110	130	94	22
110	131	100	22
110	135	100	22
110	137	98	22
110	138	3	22
110	139	95	22
110	146	98	22
110	149	100	22
111	102	94	22
111	103	100	22
111	104	100	22
111	106	100	22
111	107	11	22
111	108	100	22
111	113	88	22
111	116	98	22
111	117	98	22
111	118	92	22
111	121	96	22
111	122	13	22
111	123	99	22
111	124	100	22
111	125	100	22
111	126	96	22
111	130	94	22
111	133	95	22
111	138	96	22
111	146	13	22
112	102	77	22
112	109	89	22
112	110	99	22
112	113	96	22
112	114	97	22
112	115	96	22
112	117	100	22
112	119	98	22
112	125	100	22
112	126	93	22
112	130	55	22
112	131	96	22
112	133	89	22
112	135	90	22
112	137	98	22
112	138	100	22
112	139	97	22
112	144	98	22
112	146	98	22
112	148	96	22
112	149	94	22
113	102	100	22
113	103	91	22
113	104	2	22
113	105	66	22
113	109	95	22
113	110	99	22
113	111	72	22
113	112	97	22
113	115	52	22
113	117	97	22
113	119	90	22
113	121	6	22
113	122	4	22
113	125	93	22
113	126	98	22
113	130	100	22
113	131	86	22
113	133	33	22
113	135	95	22
113	138	95	22
113	139	19	22
113	143	100	22
113	144	100	22
113	146	94	22
113	149	95	22
114	110	99	22
114	112	93	22
114	115	98	22
114	117	100	22
114	119	98	22
114	120	100	22
114	128	100	22
114	129	100	22
114	130	10	22
114	131	55	22
114	135	100	22
114	136	96	22
114	137	93	22
114	142	2	22
115	102	20	22
115	110	98	22
115	112	100	22
115	113	90	22
115	114	95	22
115	117	92	22
115	119	98	22
115	125	87	22
115	130	74	22
115	131	100	22
115	135	100	22
115	137	99	22
115	138	90	22
115	139	95	22
115	146	87	22
115	149	100	22
116	100	81	22
116	101	90	22
116	102	97	22
116	103	97	22
116	106	92	22
116	107	95	22
116	108	97	22
116	109	100	22
116	111	91	22
116	117	98	22
116	118	100	22
116	121	100	22
116	122	88	22
116	124	91	22
116	125	96	22
116	126	97	22
116	130	99	22
116	133	96	22
116	138	96	22
116	144	98	22
116	146	100	22
116	148	99	22
117	102	87	22
117	108	72	22
117	109	70	22
117	110	94	22
117	111	83	22
117	112	100	22
117	113	100	22
117	114	90	22
117	115	100	22
117	116	82	22
117	118	68	22
117	119	89	22
117	125	96	22
117	126	89	22
117	130	95	22
117	131	100	22
117	133	87	22
117	135	24	22
117	137	54	22
117	138	95	22
117	144	85	22
117	146	98	22
117	148	92	22
117	149	93	22
118	100	0	22
118	101	92	22
118	102	90	22
118	103	93	22
118	106	3	22
118	107	95	22
118	108	92	22
118	109	90	22
118	111	93	22
118	116	90	22
118	117	81	22
118	121	89	22
118	122	85	22
118	123	90	22
118	124	98	22
118	125	92	22
118	133	96	22
118	138	89	22
118	139	0	22
118	144	22	22
118	146	17	22
119	110	97	22
119	112	96	22
119	113	98	22
119	114	95	22
119	115	98	22
119	117	96	22
119	120	96	22
119	128	99	22
119	129	100	22
119	130	86	22
119	131	93	22
119	135	94	22
119	136	41	22
119	137	99	22
119	144	53	22
119	146	59	22
119	149	100	22
120	110	97	22
120	114	61	22
120	119	100	22
120	128	100	22
120	129	94	22
120	135	93	22
120	136	100	22
120	142	97	22
121	100	65	22
121	101	95	22
121	102	91	22
121	103	95	22
121	104	94	22
121	106	28	22
121	107	97	22
121	108	100	22
121	109	91	22
121	111	90	22
121	113	73	22
121	116	91	22
121	118	99	22
121	122	94	22
121	123	94	22
121	124	100	22
121	125	89	22
121	126	100	22
121	130	97	22
121	133	100	22
121	138	98	22
121	148	99	22
122	100	97	22
122	101	97	22
122	102	97	22
122	103	94	22
122	105	100	22
122	106	28	22
122	107	100	22
122	108	100	22
122	109	96	22
122	111	21	22
122	113	82	22
122	116	97	22
122	118	86	22
122	121	91	22
122	123	67	22
122	124	89	22
122	125	90	22
122	127	100	22
122	130	97	22
122	133	95	22
122	143	93	22
122	144	96	22
122	148	4	22
123	101	43	22
123	102	4	22
123	103	90	22
123	104	93	22
123	106	96	22
123	111	98	22
123	118	36	22
123	121	80	22
123	122	18	22
123	124	84	22
123	126	75	22
123	133	57	22
124	101	95	22
124	102	94	22
124	103	96	22
124	104	59	22
124	106	99	22
124	107	74	22
124	108	90	22
124	111	86	22
124	116	80	22
124	118	84	22
124	121	90	22
124	122	91	22
124	123	98	22
124	126	87	22
124	133	87	22
125	102	96	22
125	103	94	22
125	104	98	22
125	105	6	22
125	106	82	22
125	108	75	22
125	109	89	22
125	111	98	22
125	112	100	22
125	113	98	22
125	114	25	22
125	115	100	22
125	116	96	22
125	117	100	22
125	118	97	22
125	121	53	22
125	122	85	22
125	126	97	22
125	130	96	22
125	131	40	22
125	133	94	22
125	138	100	22
125	139	86	22
125	141	75	22
125	144	100	22
125	146	0	22
125	148	100	22
125	149	100	22
126	102	52	22
126	103	92	22
126	106	95	22
126	109	9	22
126	111	100	22
126	112	49	22
126	113	95	22
126	116	93	22
126	117	91	22
126	121	97	22
126	123	95	22
126	124	86	22
126	125	94	22
126	130	97	22
126	133	90	22
126	138	95	22
126	148	43	22
127	100	92	22
127	101	97	22
127	102	94	22
127	103	85	22
127	105	95	22
127	107	88	22
127	108	93	22
127	109	100	22
127	118	4	22
127	122	89	22
127	130	74	22
127	133	89	22
127	139	88	22
127	143	93	22
127	144	99	22
127	146	94	22
128	110	94	22
128	114	100	22
128	119	100	22
128	120	97	22
128	129	100	22
128	135	95	22
128	142	91	22
129	114	100	22
129	119	98	22
129	120	96	22
129	128	99	22
129	136	95	22
129	140	100	22
129	141	6	22
129	142	100	22
129	143	60	22
129	147	92	22
129	149	8	22
130	102	92	22
130	109	92	22
130	110	91	22
130	111	98	22
130	113	100	22
130	114	12	22
130	115	4	22
130	116	90	22
130	117	100	22
130	119	98	22
130	122	75	22
130	125	94	22
130	126	98	22
130	131	99	22
130	138	95	22
130	139	93	22
130	141	8	22
130	144	95	22
130	146	100	22
130	148	97	22
130	149	97	22
131	103	85	22
131	110	94	22
131	112	100	22
131	113	99	22
131	114	100	22
131	115	98	22
131	117	99	22
131	119	100	22
131	126	25	22
131	130	100	22
131	139	96	22
131	140	99	22
131	141	99	22
131	143	100	22
131	144	99	22
131	146	100	22
131	147	98	22
131	148	12	22
131	149	97	22
132	110	5	22
132	114	96	22
132	119	100	22
132	120	96	22
132	128	100	22
132	129	100	22
132	135	100	22
132	136	95	22
132	137	38	22
133	101	6	22
133	102	93	22
133	103	98	22
133	105	14	22
133	106	93	22
133	108	92	22
133	109	98	22
133	111	94	22
133	112	91	22
133	116	98	22
133	117	96	22
133	118	100	22
133	121	96	22
133	122	95	22
133	123	72	22
133	124	100	22
133	125	93	22
133	126	92	22
133	127	86	22
133	138	20	22
133	139	33	22
133	144	0	22
133	146	90	22
135	110	81	22
135	112	85	22
135	113	87	22
135	114	82	22
135	115	98	22
135	119	94	22
135	120	100	22
135	128	98	22
135	136	99	22
135	137	96	22
136	114	99	22
136	119	45	22
136	120	96	22
136	128	47	22
136	129	93	22
136	135	93	22
136	142	36	22
137	110	98	22
137	112	95	22
137	113	6	22
137	114	96	22
137	115	94	22
137	117	44	22
137	119	100	22
137	135	100	22
138	102	91	22
138	103	85	22
138	104	99	22
138	106	96	22
138	109	88	22
138	111	98	22
138	112	95	22
138	113	98	22
138	115	88	22
138	116	96	22
138	117	100	22
138	118	90	22
138	121	95	22
138	125	100	22
138	126	100	22
138	130	100	22
138	144	96	22
138	146	16	22
138	148	95	22
139	102	9	22
139	105	12	22
139	109	14	22
139	110	87	22
139	112	87	22
139	113	96	22
139	115	90	22
139	125	99	22
139	127	21	22
139	130	90	22
139	131	94	22
139	140	100	22
139	141	95	22
139	142	46	22
139	143	100	22
139	144	95	22
139	146	100	22
139	147	94	22
139	148	93	22
139	149	93	22
140	129	6	22
140	131	100	22
140	139	97	22
140	141	97	22
140	142	100	22
140	143	100	22
140	147	96	22
141	102	0	22
141	105	0	22
141	125	76	22
141	128	5	22
141	129	14	22
141	130	71	22
141	131	100	22
141	139	100	22
141	140	94	22
141	142	95	22
141	143	100	22
141	144	94	22
141	146	100	22
141	147	95	22
141	148	69	22
142	114	51	22
142	120	99	22
142	128	93	22
142	129	95	22
142	131	19	22
142	136	14	22
142	139	9	22
142	140	83	22
142	141	94	22
142	143	91	22
142	147	92	22
143	105	0	22
143	109	88	22
143	113	98	22
143	122	63	22
143	127	93	22
143	129	3	22
143	131	98	22
143	139	100	22
143	140	100	22
143	141	99	22
143	142	97	22
143	144	98	22
143	147	97	22
143	148	100	22
144	101	82	22
144	105	100	22
144	108	97	22
144	109	96	22
144	111	46	22
144	112	100	22
144	113	96	22
144	116	93	22
144	117	98	22
144	118	5	22
144	119	99	22
144	122	100	22
144	125	93	22
144	126	36	22
144	127	92	22
144	130	96	22
144	131	97	22
144	133	93	22
144	138	99	22
144	139	100	22
144	141	99	22
144	143	99	22
144	146	97	22
144	148	99	22
146	102	92	22
146	103	25	22
146	105	11	22
146	110	95	22
146	111	10	22
146	112	97	22
146	113	94	22
146	114	0	22
146	115	100	22
146	116	85	22
146	117	98	22
146	118	10	22
146	119	91	22
146	125	12	22
146	126	44	22
146	127	81	22
146	130	100	22
146	131	93	22
146	133	31	22
146	138	90	22
146	139	92	22
146	141	98	22
146	144	100	22
146	148	99	22
146	149	99	22
147	129	44	22
147	131	100	22
147	139	90	22
147	140	100	22
147	141	100	22
147	142	100	22
147	143	98	22
148	102	95	22
148	103	88	22
148	105	93	22
148	108	84	22
148	109	89	22
148	111	18	22
148	112	93	22
148	113	88	22
148	115	26	22
148	116	86	22
148	117	92	22
148	121	92	22
148	122	30	22
148	125	99	22
148	126	96	22
148	130	100	22
148	131	6	22
148	138	97	22
148	139	98	22
148	141	33	22
148	143	90	22
148	144	94	22
148	146	100	22
148	149	59	22
149	109	16	22
149	110	96	22
149	112	91	22
149	113	89	22
149	115	96	22
149	117	100	22
149	119	100	22
149	125	95	22
149	129	70	22
149	130	100	22
149	131	96	22
149	135	100	22
149	139	89	22
149	143	15	22
149	146	89	22
149	148	66	22
100	101	100	21
100	105	97	21
100	106	31	21
100	108	99	21
100	116	88	21
100	118	90	21
100	121	87	21
100	122	90	21
100	127	97	21
100	133	70	21
100	144	77	21
101	100	100	21
101	102	87	21
101	105	96	21
101	106	83	21
101	107	96	21
101	108	99	21
101	109	97	21
101	116	50	21
101	118	83	21
101	121	99	21
101	122	95	21
101	127	96	21
101	133	25	21
102	101	92	21
102	103	94	21
102	105	99	21
102	107	95	21
102	108	96	21
102	109	98	21
102	111	92	21
102	113	100	21
102	116	97	21
102	117	38	21
102	118	99	21
102	121	90	21
102	122	87	21
102	125	100	21
102	126	39	21
102	127	92	21
102	130	42	21
102	133	98	21
102	138	99	21
102	144	98	21
102	146	98	21
103	102	48	21
103	106	60	21
103	107	66	21
103	109	90	21
103	111	100	21
103	116	97	21
103	118	100	21
103	121	95	21
103	122	89	21
103	123	96	21
103	124	92	21
103	126	100	21
103	131	34	21
103	133	100	21
103	138	100	21
103	144	22	21
104	106	68	21
104	111	94	21
104	116	73	21
104	121	89	21
104	123	95	21
104	125	97	21
104	126	92	21
104	138	100	21
105	100	81	21
105	101	87	21
105	102	94	21
105	107	79	21
105	108	88	21
105	109	100	21
105	113	98	21
105	116	53	21
105	118	53	21
105	122	91	21
105	125	10	21
105	127	98	21
105	133	89	21
105	139	92	21
105	143	99	21
105	144	100	21
105	146	100	21
105	148	93	21
106	101	62	21
106	103	51	21
106	104	63	21
106	107	7	21
106	108	75	21
106	111	95	21
106	116	66	21
106	118	91	21
106	121	92	21
106	123	95	21
106	124	95	21
106	126	100	21
106	133	8	21
106	138	65	21
107	100	0	21
107	101	86	21
107	102	100	21
107	103	86	21
107	105	53	21
107	108	98	21
107	109	67	21
107	116	88	21
107	118	100	21
107	121	93	21
107	122	32	21
107	124	72	21
107	127	0	21
107	133	45	21
107	144	45	21
108	100	90	21
108	101	99	21
108	102	97	21
108	103	63	21
108	105	98	21
108	106	100	21
108	107	97	21
108	109	97	21
108	116	100	21
108	118	100	21
108	121	100	21
108	122	92	21
108	124	4	21
108	127	100	21
108	133	98	21
108	138	99	21
108	144	87	21
108	146	100	21
109	101	94	21
109	102	100	21
109	103	98	21
109	105	96	21
109	107	81	21
109	108	100	21
109	111	2	21
109	112	100	21
109	113	82	21
109	116	100	21
109	117	8	21
109	118	91	21
109	122	92	21
109	125	98	21
109	126	99	21
109	127	100	21
109	130	79	21
109	133	90	21
109	138	99	21
109	139	96	21
109	141	15	21
109	143	92	21
109	144	100	21
109	146	1	21
109	148	95	21
110	112	94	21
110	113	6	21
110	114	91	21
110	115	96	21
110	117	95	21
110	119	100	21
110	125	37	21
110	128	56	21
110	130	88	21
110	131	100	21
110	135	100	21
110	137	100	21
110	139	43	21
110	146	88	21
110	149	98	21
111	102	14	21
111	103	100	21
111	104	100	21
111	106	85	21
111	113	12	21
111	116	93	21
111	117	97	21
111	118	26	21
111	121	95	21
111	123	99	21
111	124	35	21
111	125	82	21
111	126	100	21
111	133	97	21
111	138	99	21
111	144	0	21
112	109	94	21
112	110	98	21
112	113	97	21
112	114	93	21
112	115	97	21
112	116	76	21
112	117	98	21
112	119	100	21
112	126	98	21
112	130	98	21
112	131	100	21
112	133	90	21
112	135	93	21
112	138	100	21
112	139	95	21
112	144	98	21
112	146	95	21
112	148	0	21
112	149	89	21
113	102	62	21
113	105	95	21
113	109	94	21
113	110	93	21
113	111	57	21
113	112	72	21
113	116	45	21
113	117	92	21
113	119	99	21
113	125	100	21
113	126	91	21
113	127	33	21
113	130	99	21
113	131	92	21
113	135	88	21
113	138	96	21
113	139	89	21
113	144	94	21
113	146	99	21
113	148	55	21
113	149	99	21
114	110	98	21
114	112	100	21
114	115	96	21
114	117	91	21
114	119	93	21
114	128	100	21
114	129	96	21
114	131	12	21
114	135	96	21
114	136	96	21
114	137	95	21
115	110	100	21
115	112	100	21
115	114	100	21
115	117	97	21
115	119	99	21
115	125	96	21
115	131	96	21
115	135	96	21
115	137	100	21
115	138	89	21
115	139	91	21
115	146	61	21
115	149	95	21
116	100	11	21
116	101	76	21
116	102	96	21
116	103	96	21
116	105	7	21
116	106	51	21
116	107	88	21
116	108	99	21
116	109	100	21
116	111	93	21
116	117	68	21
116	118	99	21
116	121	91	21
116	122	93	21
116	125	100	21
116	126	59	21
116	133	100	21
116	138	100	21
116	144	98	21
116	146	98	21
116	148	93	21
117	110	100	21
117	111	85	21
117	112	94	21
117	113	91	21
117	114	98	21
117	115	100	21
117	116	94	21
117	118	85	21
117	119	58	21
117	125	96	21
117	126	96	21
117	130	98	21
117	131	100	21
117	133	7	21
117	135	5	21
117	138	95	21
117	144	91	21
117	146	93	21
117	149	97	21
118	100	90	21
118	101	9	21
118	102	98	21
118	103	100	21
118	105	22	21
118	106	100	21
118	107	100	21
118	108	99	21
118	109	96	21
118	111	89	21
118	116	100	21
118	117	100	21
118	121	99	21
118	122	95	21
118	123	97	21
118	124	88	21
118	125	3	21
118	126	40	21
118	127	91	21
118	131	30	21
118	133	96	21
118	138	91	21
118	144	75	21
118	146	35	21
119	110	93	21
119	112	81	21
119	113	96	21
119	114	100	21
119	115	100	21
119	117	72	21
119	120	93	21
119	128	94	21
119	129	32	21
119	131	100	21
119	135	100	21
119	136	92	21
119	149	100	21
120	110	96	21
120	114	99	21
120	119	95	21
120	128	100	21
120	129	100	21
120	136	98	21
121	101	92	21
121	102	84	21
121	103	100	21
121	104	97	21
121	106	100	21
121	107	99	21
121	108	92	21
121	111	94	21
121	116	90	21
121	118	86	21
121	122	89	21
121	123	92	21
121	124	94	21
121	125	2	21
121	126	100	21
121	133	100	21
121	138	100	21
122	100	93	21
122	101	94	21
122	102	89	21
122	103	90	21
122	105	93	21
122	106	1	21
122	107	69	21
122	108	98	21
122	109	96	21
122	116	97	21
122	118	97	21
122	121	98	21
122	123	99	21
122	127	96	21
122	131	12	21
122	133	58	21
122	143	86	21
122	144	100	21
122	146	71	21
123	101	4	21
123	103	91	21
123	104	98	21
123	106	97	21
123	111	100	21
123	118	98	21
123	121	94	21
123	122	63	21
123	124	93	21
123	126	96	21
123	138	51	21
124	101	79	21
124	103	94	21
124	106	100	21
124	111	93	21
124	118	90	21
124	121	91	21
124	123	96	21
124	126	95	21
124	133	99	21
125	102	88	21
125	103	28	21
125	104	87	21
125	105	35	21
125	109	95	21
125	110	98	21
125	111	91	21
125	113	100	21
125	115	97	21
125	116	89	21
125	117	98	21
125	118	82	21
125	121	62	21
125	126	88	21
125	130	100	21
125	133	92	21
125	138	96	21
125	139	77	21
125	144	92	21
125	146	75	21
125	148	100	21
126	103	95	21
126	104	100	21
126	106	97	21
126	109	37	21
126	111	99	21
126	112	98	21
126	113	96	21
126	116	93	21
126	117	100	21
126	118	0	21
126	121	96	21
126	123	94	21
126	124	88	21
126	125	98	21
126	138	100	21
126	146	71	21
127	100	99	21
127	101	99	21
127	102	95	21
127	105	100	21
127	107	19	21
127	108	94	21
127	109	99	21
127	113	5	21
127	116	16	21
127	118	28	21
127	122	96	21
127	139	73	21
127	143	89	21
127	144	98	21
128	110	82	21
128	114	98	21
128	119	97	21
128	120	88	21
128	129	96	21
128	131	14	21
128	135	20	21
128	149	83	21
129	110	7	21
129	114	98	21
129	120	93	21
129	128	94	21
129	131	72	21
129	136	95	21
129	140	100	21
129	142	86	21
129	143	8	21
130	102	86	21
130	105	11	21
130	109	93	21
130	110	96	21
130	111	96	21
130	112	97	21
130	113	93	21
130	114	87	21
130	115	98	21
130	116	83	21
130	117	96	21
130	122	0	21
130	125	94	21
130	126	88	21
130	131	98	21
130	133	90	21
130	135	13	21
130	138	100	21
130	139	100	21
130	144	97	21
130	146	98	21
130	148	99	21
130	149	92	21
131	103	56	21
131	110	100	21
131	112	98	21
131	113	94	21
131	114	32	21
131	115	97	21
131	117	100	21
131	119	99	21
131	129	4	21
131	130	97	21
131	135	51	21
131	139	98	21
131	140	100	21
131	141	99	21
131	142	87	21
131	144	94	21
131	147	100	21
131	149	100	21
132	114	94	21
132	119	95	21
132	120	96	21
132	128	100	21
132	129	94	21
132	135	100	21
132	136	100	21
132	142	76	21
133	101	79	21
133	102	89	21
133	103	94	21
133	105	77	21
133	106	54	21
133	107	31	21
133	108	100	21
133	109	98	21
133	111	91	21
133	112	86	21
133	116	100	21
133	118	95	21
133	121	90	21
133	122	66	21
133	124	88	21
133	125	93	21
133	130	96	21
133	131	0	21
133	138	100	21
133	144	96	21
133	146	60	21
135	110	100	21
135	112	94	21
135	114	99	21
135	115	95	21
135	119	100	21
135	131	66	21
135	136	93	21
135	137	100	21
136	114	91	21
136	119	75	21
136	120	100	21
136	129	100	21
136	135	98	21
137	110	100	21
137	112	28	21
137	114	100	21
137	115	96	21
137	117	85	21
137	135	96	21
138	102	84	21
138	103	85	21
138	104	98	21
138	106	3	21
138	109	80	21
138	111	93	21
138	112	54	21
138	113	100	21
138	116	96	21
138	117	96	21
138	121	91	21
138	123	74	21
138	125	93	21
138	126	99	21
138	130	100	21
138	133	85	21
138	144	94	21
138	148	47	21
139	105	91	21
139	109	89	21
139	110	92	21
139	112	98	21
139	113	0	21
139	115	0	21
139	125	10	21
139	127	9	21
139	130	58	21
139	131	100	21
139	140	98	21
139	141	94	21
139	143	96	21
139	144	100	21
139	146	93	21
139	147	16	21
139	148	100	21
140	129	57	21
140	131	96	21
140	139	100	21
140	141	94	21
140	142	100	21
140	143	96	21
140	147	47	21
141	105	0	21
141	109	92	21
141	129	100	21
141	131	97	21
141	139	100	21
141	140	97	21
141	142	99	21
141	143	98	21
141	144	95	21
141	146	95	21
141	147	100	21
142	114	34	21
142	129	90	21
142	131	92	21
142	139	2	21
142	140	100	21
142	141	58	21
142	143	97	21
142	147	94	21
143	105	90	21
143	109	82	21
143	122	13	21
143	127	57	21
143	129	10	21
143	131	6	21
143	139	100	21
143	140	96	21
143	141	98	21
143	142	98	21
143	144	100	21
143	146	88	21
143	147	92	21
143	148	4	21
144	102	6	21
144	103	76	21
144	105	86	21
144	107	1	21
144	108	3	21
144	109	93	21
144	112	74	21
144	113	94	21
144	116	90	21
144	117	100	21
144	118	30	21
144	122	80	21
144	125	100	21
144	127	88	21
144	130	95	21
144	131	95	21
144	133	87	21
144	138	90	21
144	139	97	21
144	141	94	21
144	143	96	21
144	146	96	21
144	148	100	21
146	102	71	21
146	105	93	21
146	108	86	21
146	109	3	21
146	110	100	21
146	112	98	21
146	113	100	21
146	116	88	21
146	117	96	21
146	118	12	21
146	122	13	21
146	125	27	21
146	126	87	21
146	127	7	21
146	130	97	21
146	131	49	21
146	133	26	21
146	139	96	21
146	141	96	21
146	143	93	21
146	144	99	21
146	148	100	21
146	149	99	21
147	131	94	21
147	139	91	21
147	140	35	21
147	141	99	21
147	142	100	21
147	143	100	21
148	102	1	21
148	103	87	21
148	105	100	21
148	109	82	21
148	110	0	21
148	112	76	21
148	113	29	21
148	116	96	21
148	117	90	21
148	121	87	21
148	123	71	21
148	125	100	21
148	126	96	21
148	130	97	21
148	138	98	21
148	139	99	21
148	143	95	21
148	144	93	21
148	146	96	21
148	149	93	21
149	110	100	21
149	112	88	21
149	113	100	21
149	114	92	21
149	115	99	21
149	117	95	21
149	119	100	21
149	128	100	21
149	129	10	21
149	130	95	21
149	131	99	21
149	135	99	21
149	138	12	21
149	140	8	21
149	146	100	21
149	148	84	21
100	101	100	20
100	102	97	20
100	106	61	20
100	107	96	20
100	108	99	20
100	109	10	20
100	116	93	20
100	118	100	20
100	121	4	20
100	122	96	20
100	124	10	20
100	127	99	20
100	133	86	20
100	144	100	20
101	100	100	20
101	102	100	20
101	105	43	20
101	106	94	20
101	107	100	20
101	108	100	20
101	109	100	20
101	116	100	20
101	118	96	20
101	121	97	20
101	122	99	20
101	123	93	20
101	127	100	20
101	144	34	20
101	146	34	20
102	100	100	20
102	101	100	20
102	103	100	20
102	105	98	20
102	107	96	20
102	108	96	20
102	109	100	20
102	111	100	20
102	113	95	20
102	116	94	20
102	118	98	20
102	121	95	20
102	122	100	20
102	124	100	20
102	125	100	20
102	126	100	20
102	127	95	20
102	130	97	20
102	133	100	20
102	138	97	20
102	139	85	20
102	146	27	20
102	148	100	20
103	101	0	20
103	102	100	20
103	104	95	20
103	106	94	20
103	108	98	20
103	109	95	20
103	111	96	20
103	113	97	20
103	116	99	20
103	117	63	20
103	118	100	20
103	121	96	20
103	122	89	20
103	123	97	20
103	124	94	20
103	130	100	20
103	131	100	20
103	133	96	20
103	138	100	20
103	148	92	20
104	103	99	20
104	106	98	20
104	108	19	20
104	111	100	20
104	112	73	20
104	113	49	20
104	116	99	20
104	121	95	20
104	123	100	20
104	124	97	20
104	125	96	20
104	126	99	20
104	138	33	20
105	100	42	20
105	101	84	20
105	102	100	20
105	107	96	20
105	108	93	20
105	109	97	20
105	113	100	20
105	118	98	20
105	122	100	20
105	125	99	20
105	127	99	20
105	130	100	20
105	131	65	20
105	133	0	20
105	139	89	20
105	141	100	20
105	143	100	20
105	144	100	20
105	146	98	20
105	148	100	20
106	100	93	20
106	101	100	20
106	102	2	20
106	103	100	20
106	104	100	20
106	108	100	20
106	111	100	20
106	116	97	20
106	118	98	20
106	121	98	20
106	123	94	20
106	124	98	20
106	125	77	20
106	126	94	20
106	130	85	20
106	133	98	20
107	100	97	20
107	101	94	20
107	102	100	20
107	105	99	20
107	106	15	20
107	108	95	20
107	109	96	20
107	111	55	20
107	116	79	20
107	118	98	20
107	121	100	20
107	122	100	20
107	123	100	20
107	124	95	20
107	125	8	20
107	127	7	20
107	130	6	20
107	133	95	20
107	148	15	20
108	100	92	20
108	101	98	20
108	102	100	20
108	103	95	20
108	104	9	20
108	105	40	20
108	106	100	20
108	107	100	20
108	109	100	20
108	112	37	20
108	116	97	20
108	117	9	20
108	118	96	20
108	121	96	20
108	122	100	20
108	123	61	20
108	124	98	20
108	125	94	20
108	126	96	20
108	127	96	20
108	130	100	20
108	133	92	20
108	138	92	20
108	139	100	20
108	144	100	20
108	146	99	20
108	148	89	20
109	100	75	20
109	101	99	20
109	102	100	20
109	103	100	20
109	105	100	20
109	107	91	20
109	108	94	20
109	111	78	20
109	112	99	20
109	113	7	20
109	115	95	20
109	116	96	20
109	117	100	20
109	118	91	20
109	122	98	20
109	125	100	20
109	127	99	20
109	131	66	20
109	133	97	20
109	138	90	20
109	139	100	20
109	141	99	20
109	143	94	20
109	144	100	20
109	146	81	20
109	148	100	20
110	112	97	20
110	113	96	20
110	114	94	20
110	115	99	20
110	117	100	20
110	119	100	20
110	120	98	20
110	125	97	20
110	128	98	20
110	130	100	20
110	131	100	20
110	135	95	20
110	137	98	20
110	138	89	20
110	146	100	20
110	149	96	20
111	102	94	20
111	103	100	20
111	104	94	20
111	106	98	20
111	107	89	20
111	109	5	20
111	113	96	20
111	116	97	20
111	117	23	20
111	118	48	20
111	121	100	20
111	123	100	20
111	124	73	20
111	125	7	20
111	126	100	20
111	130	100	20
111	133	100	20
111	138	100	20
111	144	97	20
111	148	5	20
112	104	100	20
112	108	31	20
112	109	95	20
112	110	100	20
112	113	91	20
112	114	100	20
112	115	100	20
112	116	97	20
112	117	100	20
112	118	42	20
112	119	100	20
112	125	95	20
112	126	100	20
112	130	96	20
112	131	95	20
112	135	98	20
112	137	100	20
112	138	98	20
112	139	99	20
112	143	95	20
112	144	4	20
112	146	100	20
112	148	85	20
112	149	93	20
113	102	95	20
113	103	98	20
113	104	28	20
113	105	93	20
113	110	100	20
113	111	70	20
113	112	100	20
113	114	48	20
113	115	100	20
113	116	98	20
113	117	100	20
113	118	27	20
113	119	100	20
113	121	6	20
113	125	99	20
113	126	98	20
113	127	69	20
113	130	99	20
113	131	100	20
113	133	93	20
113	137	6	20
113	138	93	20
113	139	92	20
113	143	88	20
113	144	92	20
113	146	98	20
113	148	92	20
113	149	100	20
114	110	99	20
114	112	98	20
114	113	80	20
114	115	100	20
114	117	99	20
114	119	100	20
114	120	100	20
114	125	7	20
114	128	100	20
114	130	100	20
114	131	78	20
114	135	100	20
114	136	100	20
114	137	100	20
115	110	99	20
115	112	98	20
115	113	100	20
115	114	98	20
115	117	96	20
115	119	100	20
115	125	100	20
115	130	96	20
115	131	97	20
115	135	100	20
115	136	20	20
115	137	100	20
115	138	57	20
115	139	30	20
115	144	0	20
115	149	100	20
116	100	100	20
116	101	97	20
116	102	100	20
116	103	97	20
116	104	95	20
116	106	98	20
116	107	66	20
116	108	99	20
116	109	100	20
116	111	95	20
116	112	99	20
116	113	97	20
116	117	99	20
116	118	97	20
116	121	100	20
116	122	100	20
116	123	23	20
116	124	72	20
116	125	100	20
116	126	92	20
116	130	98	20
116	133	100	20
116	138	95	20
116	144	100	20
116	146	18	20
116	148	94	20
117	103	91	20
117	108	0	20
117	109	35	20
117	110	99	20
117	111	0	20
117	112	100	20
117	113	94	20
117	114	97	20
117	115	93	20
117	116	100	20
117	118	84	20
117	119	100	20
117	120	5	20
117	125	100	20
117	126	94	20
117	130	98	20
117	131	95	20
117	133	100	20
117	137	65	20
117	138	97	20
117	143	2	20
117	144	96	20
117	146	93	20
117	148	100	20
117	149	96	20
118	100	96	20
118	101	99	20
118	102	98	20
118	103	100	20
118	104	0	20
118	105	91	20
118	106	92	20
118	107	100	20
118	108	99	20
118	111	12	20
118	112	5	20
118	116	97	20
118	117	100	20
118	121	95	20
118	122	70	20
118	123	99	20
118	124	98	20
118	125	99	20
118	126	0	20
118	127	98	20
118	130	89	20
118	131	94	20
118	133	100	20
118	144	97	20
118	148	100	20
119	110	97	20
119	112	95	20
119	113	96	20
119	114	99	20
119	115	100	20
119	117	100	20
119	120	99	20
119	125	90	20
119	128	100	20
119	131	100	20
119	135	100	20
119	136	96	20
119	137	91	20
119	144	95	20
119	148	98	20
119	149	100	20
120	110	96	20
120	114	100	20
120	117	22	20
120	119	94	20
120	128	96	20
120	129	99	20
120	135	66	20
120	136	98	20
120	142	51	20
121	100	82	20
121	101	100	20
121	102	93	20
121	103	98	20
121	104	100	20
121	106	94	20
121	107	100	20
121	108	100	20
121	111	100	20
121	113	40	20
121	116	98	20
121	118	100	20
121	122	98	20
121	123	100	20
121	124	97	20
121	126	99	20
121	127	0	20
121	130	100	20
121	133	100	20
121	138	100	20
122	100	97	20
122	101	94	20
122	102	100	20
122	103	92	20
122	105	93	20
122	107	100	20
122	108	98	20
122	109	96	20
122	116	95	20
122	117	65	20
122	118	92	20
122	121	93	20
122	123	35	20
122	125	100	20
122	127	98	20
122	131	9	20
122	133	50	20
122	139	43	20
122	143	100	20
122	144	99	20
122	146	97	20
123	101	90	20
123	103	100	20
123	104	100	20
123	106	100	20
123	107	97	20
123	108	91	20
123	111	95	20
123	116	41	20
123	118	92	20
123	121	100	20
123	124	96	20
123	125	97	20
123	126	100	20
123	130	75	20
123	138	100	20
123	148	92	20
124	102	100	20
124	103	97	20
124	104	34	20
124	106	100	20
124	107	97	20
124	108	91	20
124	111	96	20
124	116	98	20
124	118	100	20
124	121	100	20
124	123	99	20
124	125	16	20
124	126	95	20
124	133	94	20
124	138	86	20
125	102	100	20
125	104	100	20
125	105	72	20
125	106	19	20
125	108	59	20
125	109	96	20
125	110	94	20
125	112	100	20
125	113	100	20
125	114	22	20
125	115	100	20
125	116	100	20
125	117	100	20
125	118	91	20
125	119	21	20
125	123	97	20
125	124	9	20
125	126	97	20
125	130	96	20
125	131	100	20
125	133	100	20
125	138	97	20
125	139	96	20
125	144	98	20
125	146	99	20
125	148	98	20
126	102	93	20
126	104	99	20
126	106	96	20
126	108	93	20
126	111	100	20
126	112	100	20
126	113	100	20
126	116	100	20
126	117	99	20
126	121	100	20
126	123	96	20
126	124	100	20
126	125	97	20
126	130	100	20
126	138	100	20
126	146	100	20
126	148	95	20
127	100	97	20
127	101	98	20
127	102	100	20
127	105	100	20
127	107	98	20
127	108	100	20
127	109	98	20
127	112	2	20
127	113	100	20
127	116	0	20
127	118	100	20
127	121	6	20
127	122	98	20
127	125	77	20
127	133	99	20
127	138	26	20
127	139	96	20
127	143	54	20
127	144	99	20
128	110	99	20
128	114	99	20
128	119	94	20
128	120	100	20
128	129	100	20
128	131	100	20
128	135	14	20
128	136	22	20
128	142	97	20
128	149	100	20
129	114	96	20
129	120	92	20
129	128	99	20
129	131	2	20
129	136	99	20
129	139	55	20
129	140	97	20
129	141	95	20
129	142	99	20
129	143	24	20
129	147	60	20
130	102	96	20
130	103	93	20
130	105	49	20
130	106	41	20
130	107	0	20
130	108	100	20
130	110	100	20
130	111	92	20
130	112	93	20
130	113	100	20
130	114	85	20
130	115	100	20
130	116	96	20
130	117	100	20
130	118	52	20
130	121	93	20
130	123	28	20
130	125	96	20
130	126	100	20
130	131	95	20
130	133	98	20
130	135	33	20
130	138	96	20
130	139	100	20
130	144	99	20
130	146	96	20
130	148	99	20
130	149	96	20
131	103	88	20
131	110	100	20
131	112	98	20
131	113	100	20
131	114	94	20
131	115	91	20
131	117	99	20
131	118	73	20
131	119	96	20
131	125	100	20
131	128	99	20
131	130	100	20
131	133	61	20
131	135	100	20
131	138	26	20
131	139	97	20
131	140	100	20
131	141	97	20
131	143	16	20
131	144	7	20
131	146	0	20
131	147	96	20
131	149	100	20
132	114	98	20
132	115	94	20
132	119	99	20
132	120	100	20
132	128	96	20
132	129	97	20
132	135	100	20
132	136	100	20
132	137	100	20
132	142	10	20
132	149	99	20
133	100	93	20
133	101	40	20
133	102	100	20
133	103	96	20
133	104	3	20
133	106	97	20
133	107	72	20
133	108	93	20
133	109	97	20
133	111	99	20
133	113	94	20
133	116	100	20
133	117	98	20
133	118	99	20
133	121	94	20
133	124	100	20
133	125	95	20
133	127	100	20
133	130	93	20
133	131	100	20
133	138	97	20
133	144	96	20
133	146	87	20
133	148	100	20
135	110	98	20
135	112	100	20
135	114	100	20
135	115	98	20
135	119	92	20
135	120	13	20
135	130	80	20
135	131	100	20
135	136	98	20
135	137	93	20
135	149	10	20
136	114	100	20
136	115	3	20
136	119	93	20
136	120	97	20
136	128	14	20
136	129	100	20
136	135	100	20
136	137	94	20
137	110	100	20
137	112	100	20
137	113	78	20
137	114	99	20
137	115	96	20
137	117	39	20
137	119	97	20
137	135	97	20
137	136	99	20
138	102	98	20
138	103	99	20
138	105	0	20
138	106	5	20
138	108	92	20
138	109	93	20
138	110	95	20
138	111	96	20
138	112	100	20
138	113	92	20
138	115	25	20
138	116	99	20
138	117	99	20
138	121	98	20
138	123	99	20
138	124	66	20
138	125	100	20
138	126	100	20
138	130	100	20
138	131	0	20
138	133	99	20
138	144	100	20
138	146	5	20
138	148	100	20
138	149	83	20
139	102	72	20
139	105	8	20
139	108	94	20
139	109	92	20
139	112	100	20
139	113	99	20
139	114	3	20
139	115	84	20
139	116	52	20
139	125	100	20
139	127	93	20
139	129	49	20
139	130	94	20
139	131	100	20
139	140	99	20
139	141	95	20
139	142	99	20
139	143	100	20
139	144	99	20
139	146	100	20
139	147	95	20
139	148	96	20
139	149	99	20
140	129	100	20
140	131	100	20
140	139	95	20
140	141	100	20
140	142	96	20
140	143	97	20
140	147	96	20
140	149	97	20
141	105	84	20
141	109	100	20
141	113	20	20
141	119	2	20
141	129	99	20
141	131	100	20
141	139	99	20
141	140	98	20
141	142	99	20
141	143	100	20
141	144	100	20
141	146	96	20
141	147	95	20
141	148	100	20
141	149	100	20
142	114	0	20
142	120	69	20
142	128	97	20
142	129	92	20
142	139	100	20
142	140	98	20
142	141	97	20
142	143	100	20
142	146	27	20
142	147	100	20
143	105	99	20
143	109	100	20
143	112	94	20
143	113	100	20
143	117	7	20
143	122	84	20
143	129	99	20
143	130	19	20
143	131	54	20
143	139	96	20
143	140	100	20
143	141	99	20
143	142	96	20
143	144	99	20
143	146	99	20
143	147	100	20
143	148	100	20
144	100	99	20
144	101	43	20
144	102	24	20
144	105	93	20
144	108	97	20
144	109	94	20
144	111	83	20
144	113	94	20
144	116	99	20
144	117	100	20
144	118	96	20
144	119	8	20
144	122	96	20
144	125	100	20
144	126	5	20
144	127	97	20
144	130	100	20
144	133	95	20
144	138	95	20
144	139	96	20
144	141	99	20
144	143	94	20
144	146	98	20
144	148	97	20
144	149	66	20
146	101	66	20
146	102	92	20
146	105	96	20
146	108	95	20
146	109	69	20
146	110	96	20
146	112	100	20
146	113	97	20
146	116	43	20
146	117	89	20
146	122	44	20
146	125	97	20
146	126	96	20
146	130	99	20
146	138	56	20
146	139	94	20
146	141	100	20
146	142	36	20
146	143	96	20
146	144	97	20
146	148	100	20
146	149	100	20
147	131	97	20
147	139	97	20
147	140	98	20
147	141	100	20
147	142	100	20
147	143	100	20
148	102	100	20
148	103	92	20
148	105	100	20
148	107	4	20
148	108	84	20
148	109	99	20
148	112	51	20
148	113	100	20
148	116	96	20
148	117	100	20
148	118	92	20
148	119	88	20
148	123	97	20
148	125	100	20
148	126	100	20
148	130	100	20
148	133	91	20
148	138	98	20
148	139	99	20
148	140	2	20
148	141	27	20
148	143	100	20
148	144	100	20
148	146	100	20
148	149	94	20
149	110	97	20
149	112	100	20
149	113	96	20
149	115	97	20
149	117	97	20
149	119	100	20
149	128	100	20
149	130	95	20
149	131	96	20
149	135	71	20
149	138	96	20
149	139	96	20
149	140	94	20
149	141	100	20
149	144	63	20
149	146	99	20
149	148	98	20
100	101	100	15
100	102	15	15
100	105	62	15
100	107	94	15
100	109	72	15
100	118	82	15
100	121	76	15
100	122	94	15
100	124	0	15
100	127	90	15
100	133	2	15
101	100	94	15
101	102	89	15
101	103	86	15
101	105	96	15
101	106	67	15
101	107	87	15
101	108	83	15
101	109	94	15
101	116	92	15
101	118	83	15
101	121	55	15
101	122	100	15
101	123	93	15
101	124	51	15
101	127	95	15
101	133	8	15
101	144	70	15
102	100	4	15
102	101	82	15
102	103	75	15
102	105	96	15
102	107	91	15
102	108	98	15
102	109	96	15
102	112	100	15
102	113	88	15
102	116	84	15
102	117	97	15
102	118	97	15
102	122	77	15
102	125	90	15
102	127	86	15
102	130	97	15
102	131	4	15
102	133	82	15
102	138	98	15
102	139	92	15
102	144	99	15
102	146	97	15
102	148	30	15
103	100	4	15
103	101	76	15
103	102	13	15
103	104	72	15
103	106	74	15
103	108	91	15
103	109	78	15
103	111	97	15
103	113	41	15
103	116	88	15
103	118	80	15
103	121	92	15
103	123	82	15
103	124	81	15
103	125	97	15
103	126	100	15
103	127	68	15
103	130	100	15
103	131	100	15
103	133	84	15
103	138	97	15
103	144	79	15
103	148	90	15
104	103	86	15
104	106	88	15
104	111	100	15
104	116	59	15
104	118	81	15
104	121	89	15
104	123	100	15
104	125	95	15
104	126	95	15
104	138	100	15
105	100	66	15
105	101	92	15
105	102	100	15
105	107	22	15
105	108	69	15
105	109	93	15
105	113	96	15
105	116	72	15
105	118	58	15
105	121	0	15
105	122	99	15
105	126	35	15
105	127	97	15
105	133	69	15
105	138	16	15
105	139	4	15
105	141	3	15
105	143	78	15
105	144	96	15
105	146	97	15
105	148	56	15
106	101	90	15
106	103	88	15
106	104	97	15
106	107	9	15
106	108	78	15
106	111	96	15
106	116	82	15
106	117	22	15
106	118	85	15
106	121	100	15
106	123	97	15
106	124	86	15
106	126	90	15
106	133	23	15
106	138	100	15
107	100	96	15
107	101	90	15
107	102	92	15
107	105	7	15
107	108	86	15
107	109	89	15
107	111	4	15
107	116	5	15
107	118	83	15
107	121	84	15
107	122	88	15
107	124	85	15
107	127	89	15
107	133	80	15
107	144	88	15
108	100	5	15
108	101	98	15
108	102	98	15
108	103	94	15
108	105	100	15
108	106	90	15
108	107	82	15
108	109	91	15
108	111	80	15
108	112	70	15
108	113	51	15
108	116	100	15
108	117	17	15
108	118	100	15
108	121	89	15
108	122	95	15
108	124	7	15
108	125	82	15
108	126	59	15
108	127	86	15
108	130	65	15
108	133	90	15
108	138	36	15
108	139	2	15
108	144	100	15
108	146	100	15
108	148	94	15
109	100	85	15
109	101	83	15
109	102	94	15
109	103	75	15
109	105	98	15
109	107	81	15
109	108	97	15
109	113	97	15
109	116	92	15
109	117	72	15
109	118	11	15
109	122	95	15
109	125	87	15
109	127	100	15
109	130	85	15
109	133	90	15
109	138	74	15
109	139	84	15
109	143	90	15
109	144	100	15
109	146	95	15
109	147	2	15
109	148	5	15
110	112	100	15
110	113	100	15
110	114	100	15
110	115	100	15
110	117	100	15
110	119	96	15
110	125	99	15
110	128	97	15
110	130	85	15
110	131	93	15
110	135	99	15
110	137	100	15
110	146	42	15
110	149	100	15
111	103	97	15
111	104	96	15
111	106	90	15
111	107	62	15
111	108	51	15
111	113	88	15
111	116	86	15
111	118	73	15
111	121	95	15
111	123	94	15
111	124	91	15
111	125	84	15
111	126	99	15
111	130	69	15
111	138	97	15
111	144	27	15
111	148	94	15
112	102	76	15
112	108	80	15
112	109	21	15
112	110	100	15
112	113	97	15
112	114	13	15
112	115	100	15
112	116	84	15
112	117	100	15
112	125	90	15
112	126	58	15
112	130	98	15
112	131	96	15
112	133	49	15
112	135	100	15
112	138	95	15
112	139	32	15
112	143	86	15
112	144	91	15
112	146	1	15
112	148	96	15
113	102	80	15
113	105	87	15
113	108	48	15
113	109	94	15
113	110	100	15
113	111	38	15
113	112	100	15
113	116	60	15
113	117	100	15
113	118	63	15
113	121	21	15
113	125	100	15
113	126	71	15
113	127	69	15
113	130	97	15
113	131	95	15
113	133	7	15
113	138	97	15
113	139	93	15
113	143	68	15
113	144	53	15
113	146	100	15
113	148	85	15
113	149	89	15
114	110	94	15
114	113	14	15
114	115	92	15
114	117	100	15
114	119	99	15
114	120	99	15
114	128	100	15
114	130	90	15
114	131	91	15
114	135	100	15
114	136	97	15
114	137	100	15
114	139	13	15
114	148	1	15
114	149	100	15
115	110	96	15
115	112	100	15
115	114	98	15
115	117	100	15
115	119	100	15
115	125	90	15
115	130	98	15
115	131	92	15
115	135	96	15
115	144	81	15
115	146	87	15
115	149	93	15
116	101	78	15
116	102	84	15
116	103	100	15
116	104	67	15
116	105	89	15
116	106	51	15
116	107	74	15
116	108	84	15
116	109	91	15
116	111	55	15
116	112	98	15
116	113	99	15
116	117	100	15
116	118	84	15
116	121	57	15
116	122	90	15
116	123	88	15
116	124	82	15
116	125	100	15
116	126	87	15
116	127	45	15
116	130	100	15
116	131	91	15
116	133	100	15
116	138	100	15
116	139	93	15
116	144	83	15
116	146	89	15
116	148	99	15
117	102	88	15
117	108	42	15
117	109	83	15
117	110	98	15
117	112	99	15
117	113	97	15
117	114	97	15
117	115	99	15
117	116	88	15
117	119	100	15
117	121	59	15
117	122	15	15
117	125	98	15
117	126	11	15
117	128	0	15
117	130	98	15
117	131	90	15
117	133	81	15
117	138	99	15
117	139	21	15
117	144	46	15
117	146	96	15
117	148	99	15
117	149	99	15
118	100	86	15
118	101	84	15
118	102	89	15
118	103	79	15
118	104	73	15
118	106	76	15
118	107	95	15
118	108	97	15
118	109	4	15
118	111	65	15
118	113	69	15
118	116	85	15
118	121	99	15
118	122	100	15
118	123	11	15
118	124	85	15
118	125	100	15
118	126	65	15
118	127	94	15
118	131	11	15
118	133	94	15
118	146	20	15
118	148	88	15
119	110	93	15
119	114	98	15
119	115	92	15
119	117	95	15
119	120	54	15
119	125	88	15
119	128	98	15
119	129	63	15
119	130	90	15
119	135	100	15
119	136	93	15
119	137	90	15
119	139	21	15
119	144	0	15
119	148	14	15
119	149	97	15
120	114	31	15
120	119	84	15
120	128	0	15
120	129	60	15
120	135	3	15
120	136	96	15
120	142	0	15
121	100	87	15
121	101	16	15
121	103	100	15
121	104	97	15
121	106	88	15
121	107	83	15
121	108	99	15
121	111	92	15
121	113	18	15
121	116	67	15
121	117	26	15
121	118	89	15
121	122	93	15
121	123	100	15
121	124	91	15
121	125	64	15
121	126	94	15
121	133	91	15
121	138	100	15
122	100	96	15
122	101	92	15
122	102	95	15
122	105	97	15
122	107	93	15
122	108	99	15
122	109	100	15
122	113	0	15
122	116	82	15
122	117	46	15
122	118	85	15
122	121	90	15
122	127	100	15
122	130	8	15
122	133	92	15
122	138	19	15
122	139	0	15
122	143	84	15
122	144	99	15
122	148	6	15
123	101	77	15
123	103	88	15
123	104	99	15
123	106	99	15
123	107	18	15
123	111	100	15
123	116	89	15
123	118	32	15
123	121	85	15
123	124	79	15
123	125	9	15
123	126	97	15
123	138	89	15
123	148	72	15
124	100	1	15
124	101	77	15
124	103	77	15
124	106	91	15
124	107	69	15
124	111	84	15
124	116	9	15
124	118	78	15
124	121	100	15
124	123	97	15
124	126	37	15
124	133	61	15
125	102	78	15
125	103	91	15
125	104	98	15
125	108	77	15
125	109	51	15
125	110	100	15
125	111	80	15
125	112	54	15
125	113	90	15
125	115	99	15
125	116	94	15
125	117	98	15
125	118	87	15
125	119	100	15
125	123	4	15
125	126	94	15
125	127	34	15
125	130	96	15
125	131	92	15
125	133	84	15
125	138	96	15
125	144	95	15
125	146	97	15
125	148	92	15
125	149	69	15
126	103	88	15
126	104	94	15
126	106	87	15
126	111	95	15
126	112	14	15
126	113	94	15
126	116	91	15
126	118	32	15
126	121	91	15
126	123	86	15
126	125	96	15
126	130	68	15
126	138	100	15
126	144	91	15
126	146	89	15
127	100	100	15
127	101	100	15
127	102	87	15
127	103	89	15
127	105	98	15
127	107	96	15
127	109	96	15
127	113	79	15
127	116	5	15
127	118	87	15
127	122	96	15
127	125	82	15
127	133	85	15
127	143	54	15
127	144	100	15
127	148	100	15
128	110	96	15
128	113	6	15
128	114	96	15
128	117	5	15
128	119	99	15
128	129	98	15
128	131	89	15
128	135	94	15
128	136	95	15
128	141	3	15
128	142	97	15
128	149	92	15
129	119	93	15
129	120	14	15
129	128	100	15
129	131	23	15
129	136	100	15
129	140	23	15
129	141	86	15
129	142	99	15
129	143	0	15
129	147	8	15
129	149	100	15
130	102	93	15
130	103	86	15
130	105	31	15
130	108	30	15
130	109	94	15
130	110	99	15
130	111	58	15
130	112	96	15
130	113	100	15
130	114	94	15
130	115	100	15
130	116	87	15
130	117	98	15
130	119	96	15
130	125	100	15
130	126	91	15
130	131	98	15
130	133	89	15
130	138	97	15
130	139	94	15
130	141	22	15
130	146	91	15
130	148	100	15
130	149	93	15
131	103	79	15
131	110	97	15
131	112	100	15
131	113	96	15
131	114	94	15
131	115	96	15
131	116	77	15
131	117	94	15
131	125	92	15
131	128	90	15
131	129	20	15
131	130	95	15
131	139	90	15
131	140	89	15
131	141	94	15
131	142	92	15
131	143	91	15
131	147	93	15
131	149	100	15
132	110	82	15
132	114	100	15
132	115	2	15
132	119	100	15
132	120	98	15
132	128	94	15
132	135	100	15
132	136	93	15
132	142	14	15
132	149	66	15
133	100	75	15
133	101	84	15
133	102	99	15
133	103	88	15
133	105	98	15
133	106	3	15
133	107	82	15
133	108	94	15
133	109	98	15
133	111	17	15
133	112	0	15
133	113	30	15
133	116	100	15
133	117	100	15
133	118	100	15
133	121	86	15
133	122	97	15
133	123	25	15
133	124	70	15
133	125	93	15
133	127	85	15
133	130	96	15
133	138	2	15
133	139	72	15
133	144	95	15
133	146	21	15
133	148	95	15
135	110	100	15
135	112	96	15
135	114	100	15
135	115	100	15
135	119	100	15
135	128	98	15
135	136	87	15
135	137	95	15
136	114	92	15
136	119	100	15
136	120	100	15
136	128	100	15
136	129	100	15
136	135	96	15
136	142	5	15
137	110	97	15
137	112	35	15
137	114	92	15
137	115	41	15
137	117	87	15
137	119	96	15
137	120	24	15
137	135	97	15
137	136	91	15
137	149	50	15
138	102	78	15
138	103	85	15
138	104	79	15
138	105	0	15
138	106	86	15
138	109	16	15
138	111	96	15
138	112	99	15
138	113	90	15
138	116	89	15
138	117	100	15
138	121	78	15
138	123	79	15
138	125	98	15
138	126	94	15
138	130	95	15
138	133	19	15
138	139	11	15
138	144	70	15
138	146	8	15
138	148	84	15
138	149	100	15
139	102	81	15
139	109	87	15
139	112	88	15
139	113	92	15
139	114	1	15
139	116	80	15
139	117	53	15
139	119	7	15
139	122	2	15
139	130	95	15
139	131	90	15
139	133	38	15
139	138	72	15
139	140	83	15
139	141	90	15
139	142	87	15
139	143	97	15
139	144	100	15
139	146	100	15
139	147	72	15
139	148	90	15
139	149	94	15
140	129	0	15
140	131	100	15
140	139	83	15
140	141	97	15
140	142	96	15
140	143	100	15
140	147	70	15
140	149	3	15
141	109	28	15
141	112	87	15
141	128	63	15
141	129	91	15
141	130	83	15
141	131	91	15
141	139	100	15
141	140	88	15
141	142	97	15
141	143	82	15
141	144	96	15
141	146	98	15
141	147	82	15
141	148	99	15
141	149	60	15
142	128	100	15
142	129	51	15
142	131	92	15
142	136	14	15
142	139	98	15
142	140	90	15
142	141	90	15
142	143	90	15
142	147	100	15
143	105	98	15
143	109	97	15
143	112	88	15
143	113	77	15
143	122	86	15
143	125	26	15
143	127	52	15
143	129	13	15
143	131	100	15
143	139	99	15
143	140	100	15
143	141	27	15
143	142	85	15
143	144	92	15
143	146	75	15
143	147	97	15
143	149	90	15
144	101	78	15
144	102	74	15
144	103	51	15
144	105	100	15
144	107	82	15
144	108	79	15
144	109	95	15
144	110	7	15
144	112	91	15
144	113	97	15
144	115	83	15
144	116	78	15
144	117	13	15
144	118	0	15
144	122	100	15
144	125	97	15
144	126	79	15
144	127	90	15
144	131	48	15
144	133	64	15
144	138	73	15
144	139	93	15
144	141	90	15
144	143	81	15
144	146	99	15
144	148	97	15
144	149	94	15
146	101	12	15
146	102	96	15
146	103	3	15
146	105	76	15
146	107	45	15
146	108	100	15
146	109	96	15
146	110	100	15
146	111	45	15
146	113	94	15
146	115	99	15
146	116	82	15
146	117	99	15
146	118	85	15
146	121	10	15
146	125	91	15
146	126	82	15
146	130	93	15
146	131	96	15
146	133	70	15
146	138	93	15
146	139	91	15
146	141	99	15
146	142	3	15
146	143	93	15
146	144	98	15
146	147	3	15
146	148	98	15
146	149	92	15
147	128	45	15
147	129	17	15
147	131	69	15
147	139	84	15
147	140	68	15
147	141	69	15
147	142	95	15
147	143	97	15
148	103	86	15
148	105	53	15
148	108	94	15
148	109	21	15
148	111	98	15
148	112	96	15
148	113	100	15
148	114	19	15
148	115	3	15
148	116	86	15
148	117	100	15
148	118	81	15
148	119	11	15
148	123	79	15
148	125	95	15
148	127	95	15
148	130	99	15
148	131	4	15
148	133	91	15
148	138	95	15
148	139	94	15
148	141	86	15
148	143	3	15
148	144	100	15
148	146	100	15
148	149	92	15
149	110	100	15
149	113	84	15
149	114	99	15
149	115	95	15
149	117	91	15
149	119	98	15
149	125	40	15
149	128	97	15
149	129	37	15
149	130	97	15
149	131	96	15
149	138	92	15
149	139	81	15
149	144	85	15
149	146	87	15
149	147	0	15
149	148	89	15
