100	101	100	26
100	102	98	26
100	105	95	26
100	106	49	26
100	107	93	26
100	108	91	26
100	109	95	26
100	118	92	26
100	122	92	26
100	127	94	26
100	133	69	26
101	100	100	26
101	102	99	26
101	105	100	26
101	106	100	26
101	107	92	26
101	108	94	26
101	109	97	26
101	116	100	26
101	121	98	26
101	122	95	26
101	127	93	26
101	133	92	26
101	148	7	26
102	100	96	26
102	101	99	26
102	103	96	26
102	105	97	26
102	107	94	26
102	108	96	26
102	109	97	26
102	112	96	26
102	113	98	26
102	115	3	26
102	116	100	26
102	118	95	26
102	122	95	26
102	125	18	26
102	126	86	26
102	127	96	26
102	133	97	26
102	138	95	26
102	139	96	26
102	144	94	26
102	146	56	26
102	148	99	26
103	102	97	26
103	104	100	26
103	106	100	26
103	107	92	26
103	108	89	26
103	111	100	26
103	113	100	26
103	116	94	26
103	117	5	26
103	118	94	26
103	121	96	26
103	123	100	26
103	124	99	26
103	125	100	26
103	126	100	26
103	130	99	26
103	131	100	26
103	133	91	26
103	138	100	26
103	146	55	26
103	148	98	26
104	103	100	26
104	106	90	26
104	108	14	26
104	111	98	26
104	112	79	26
104	118	84	26
104	121	89	26
104	123	98	26
104	124	90	26
104	126	93	26
104	138	99	26
105	100	93	26
105	101	100	26
105	102	96	26
105	108	100	26
105	109	100	26
105	113	95	26
105	116	23	26
105	118	91	26
105	122	97	26
105	127	100	26
105	130	100	26
105	133	73	26
105	138	10	26
105	139	96	26
105	141	100	26
105	143	95	26
105	144	100	26
105	146	97	26
106	100	7	26
106	101	11	26
106	103	94	26
106	104	99	26
106	108	58	26
106	109	4	26
106	111	97	26
106	116	12	26
106	118	97	26
106	121	98	26
106	122	6	26
106	123	100	26
106	124	98	26
106	125	76	26
106	126	100	26
106	133	93	26
106	138	96	26
107	100	100	26
107	101	100	26
107	102	95	26
107	103	99	26
107	108	97	26
107	109	81	26
107	116	85	26
107	118	92	26
107	121	93	26
107	122	100	26
107	124	91	26
107	125	4	26
107	127	92	26
107	144	95	26
108	100	100	26
108	101	94	26
108	102	96	26
108	103	97	26
108	104	61	26
108	105	94	26
108	106	88	26
108	107	100	26
108	109	97	26
108	111	22	26
108	113	15	26
108	116	98	26
108	117	70	26
108	118	100	26
108	121	96	26
108	122	97	26
108	123	98	26
108	125	89	26
108	127	100	26
108	130	5	26
108	133	100	26
108	138	97	26
108	139	96	26
108	144	97	26
108	148	100	26
109	100	94	26
109	101	94	26
109	102	99	26
109	105	100	26
109	106	59	26
109	107	100	26
109	108	97	26
109	112	93	26
109	116	100	26
109	117	98	26
109	122	96	26
109	125	100	26
109	126	96	26
109	127	100	26
109	130	100	26
109	131	44	26
109	133	95	26
109	138	93	26
109	139	38	26
109	143	74	26
109	144	100	26
109	147	1	26
109	148	96	26
110	112	100	26
110	113	100	26
110	114	96	26
110	115	97	26
110	119	97	26
110	125	96	26
110	128	100	26
110	130	98	26
110	131	100	26
110	135	97	26
110	136	1	26
110	137	97	26
110	139	15	26
110	146	97	26
110	149	96	26
111	103	100	26
111	104	100	26
111	106	97	26
111	113	96	26
111	116	88	26
111	117	93	26
111	118	91	26
111	121	96	26
111	123	95	26
111	124	97	26
111	125	51	26
111	126	96	26
111	133	94	26
111	138	100	26
111	148	88	26
112	102	91	26
112	104	50	26
112	109	87	26
112	110	96	26
112	113	97	26
112	115	82	26
112	116	100	26
112	117	97	26
112	119	100	26
112	125	100	26
112	128	100	26
112	130	100	26
112	131	99	26
112	133	93	26
112	138	100	26
112	139	10	26
112	144	8	26
112	146	58	26
112	148	96	26
112	149	93	26
113	102	98	26
113	103	92	26
113	105	16	26
113	110	98	26
113	111	85	26
113	112	98	26
113	115	100	26
113	116	100	26
113	117	100	26
113	118	100	26
113	119	100	26
113	121	96	26
113	122	99	26
113	125	98	26
113	130	100	26
113	131	97	26
113	133	91	26
113	138	100	26
113	139	97	26
113	143	24	26
113	144	100	26
113	146	100	26
113	148	100	26
113	149	100	26
114	110	100	26
114	115	24	26
114	117	32	26
114	119	97	26
114	120	100	26
114	125	58	26
114	128	100	26
114	129	34	26
114	130	33	26
114	135	97	26
114	136	95	26
114	137	100	26
114	146	27	26
115	110	95	26
115	112	38	26
115	113	100	26
115	114	7	26
115	117	100	26
115	119	98	26
115	125	100	26
115	128	5	26
115	130	93	26
115	131	99	26
115	138	98	26
115	141	3	26
115	146	96	26
115	149	100	26
116	101	95	26
116	102	100	26
116	103	98	26
116	104	0	26
116	107	86	26
116	108	88	26
116	109	97	26
116	111	100	26
116	112	99	26
116	113	97	26
116	115	10	26
116	117	99	26
116	118	100	26
116	122	96	26
116	123	70	26
116	125	99	26
116	126	100	26
116	127	89	26
116	130	99	26
116	133	81	26
116	138	96	26
116	139	98	26
116	144	93	26
116	146	97	26
116	148	92	26
116	149	24	26
117	108	48	26
117	109	100	26
117	110	21	26
117	111	97	26
117	112	96	26
117	113	99	26
117	115	99	26
117	116	100	26
117	118	7	26
117	119	100	26
117	120	0	26
117	125	100	26
117	126	90	26
117	130	95	26
117	131	100	26
117	133	95	26
117	135	78	26
117	137	93	26
117	138	100	26
117	139	38	26
117	144	96	26
117	146	100	26
117	148	99	26
117	149	96	26
118	100	91	26
118	102	95	26
118	103	97	26
118	104	100	26
118	105	6	26
118	106	94	26
118	107	98	26
118	108	97	26
118	111	95	26
118	112	8	26
118	113	95	26
118	116	100	26
118	117	7	26
118	121	95	26
118	122	100	26
118	123	100	26
118	124	92	26
118	125	98	26
118	126	85	26
118	127	13	26
118	130	93	26
118	131	2	26
118	133	97	26
118	138	97	26
118	144	99	26
118	146	92	26
119	110	98	26
119	112	99	26
119	113	100	26
119	114	100	26
119	115	100	26
119	117	92	26
119	120	100	26
119	128	100	26
119	129	97	26
119	130	45	26
119	131	100	26
119	135	96	26
119	136	94	26
119	137	94	26
119	139	4	26
119	144	27	26
119	146	100	26
119	148	100	26
119	149	96	26
120	114	97	26
120	119	87	26
120	128	94	26
120	129	96	26
120	135	94	26
120	136	100	26
120	142	100	26
121	101	100	26
121	103	97	26
121	104	100	26
121	106	100	26
121	107	99	26
121	108	98	26
121	111	93	26
121	113	97	26
121	118	99	26
121	123	98	26
121	124	96	26
121	125	17	26
121	126	99	26
121	133	93	26
121	138	100	26
121	148	9	26
122	100	97	26
122	101	91	26
122	102	100	26
122	105	100	26
122	106	96	26
122	107	99	26
122	108	100	26
122	109	99	26
122	113	100	26
122	116	93	26
122	117	89	26
122	118	100	26
122	121	3	26
122	123	89	26
122	124	96	26
122	125	95	26
122	127	100	26
122	130	5	26
122	133	93	26
122	139	50	26
122	143	89	26
122	144	94	26
122	148	90	26
123	103	100	26
123	104	98	26
123	106	98	26
123	108	100	26
123	111	96	26
123	112	5	26
123	116	56	26
123	118	90	26
123	121	100	26
123	122	0	26
123	124	93	26
123	126	96	26
123	130	42	26
123	133	31	26
123	138	100	26
123	148	57	26
124	103	100	26
124	104	99	26
124	106	97	26
124	107	99	26
124	111	96	26
124	118	98	26
124	121	100	26
124	123	100	26
124	126	77	26
124	138	36	26
125	102	58	26
125	103	97	26
125	106	19	26
125	108	76	26
125	109	98	26
125	110	100	26
125	111	49	26
125	112	100	26
125	113	97	26
125	114	8	26
125	115	94	26
125	116	98	26
125	117	98	26
125	118	95	26
125	121	22	26
125	122	67	26
125	126	100	26
125	127	3	26
125	130	100	26
125	131	97	26
125	133	95	26
125	138	100	26
125	139	7	26
125	144	20	26
125	148	89	26
125	149	98	26
126	102	93	26
126	103	96	26
126	104	100	26
126	106	97	26
126	109	59	26
126	110	4	26
126	111	97	26
126	113	85	26
126	116	96	26
126	117	100	26
126	118	92	26
126	121	95	26
126	123	100	26
126	124	97	26
126	125	98	26
126	133	5	26
126	138	100	26
126	144	92	26
126	146	100	26
126	148	94	26
127	100	100	26
127	101	96	26
127	102	99	26
127	105	96	26
127	107	98	26
127	108	97	26
127	109	96	26
127	113	100	26
127	116	100	26
127	118	92	26
127	122	100	26
127	125	72	26
127	133	63	26
127	143	18	26
127	144	100	26
127	146	91	26
127	148	100	26
128	110	59	26
128	112	88	26
128	114	95	26
128	115	0	26
128	119	95	26
128	120	93	26
128	129	99	26
128	135	94	26
128	136	0	26
128	142	92	26
128	149	95	26
129	114	61	26
129	119	100	26
129	120	99	26
129	128	100	26
129	131	90	26
129	135	0	26
129	136	100	26
129	140	78	26
129	142	100	26
129	147	100	26
130	103	95	26
130	105	52	26
130	109	92	26
130	110	97	26
130	112	100	26
130	113	100	26
130	114	3	26
130	115	98	26
130	116	98	26
130	117	100	26
130	118	91	26
130	119	23	26
130	123	34	26
130	125	100	26
130	131	100	26
130	138	96	26
130	139	95	26
130	141	39	26
130	143	91	26
130	144	100	26
130	146	95	26
130	148	92	26
130	149	80	26
131	103	89	26
131	110	100	26
131	112	99	26
131	113	99	26
131	115	100	26
131	117	96	26
131	119	100	26
131	125	100	26
131	128	1	26
131	129	28	26
131	130	100	26
131	138	29	26
131	139	100	26
131	140	100	26
131	141	96	26
131	142	98	26
131	143	98	26
131	144	82	26
131	146	100	26
131	147	17	26
131	148	100	26
131	149	97	26
132	110	82	26
132	112	6	26
132	114	100	26
132	115	100	26
132	119	99	26
132	120	94	26
132	129	99	26
132	135	97	26
132	136	100	26
132	137	100	26
133	100	15	26
133	101	100	26
133	102	95	26
133	103	92	26
133	106	98	26
133	108	95	26
133	109	67	26
133	111	100	26
133	112	95	26
133	113	100	26
133	116	66	26
133	117	96	26
133	118	100	26
133	121	98	26
133	122	100	26
133	123	62	26
133	125	94	26
133	127	4	26
133	138	99	26
133	144	97	26
133	146	99	26
133	148	100	26
135	110	96	26
135	114	100	26
135	117	99	26
135	119	99	26
135	120	100	26
135	128	92	26
135	136	100	26
135	137	100	26
135	149	97	26
136	114	96	26
136	119	100	26
136	120	100	26
136	128	73	26
136	129	98	26
136	135	99	26
136	137	0	26
136	142	10	26
137	110	100	26
137	112	0	26
137	114	98	26
137	115	87	26
137	117	98	26
137	119	94	26
137	135	95	26
137	136	7	26
138	102	59	26
138	103	96	26
138	104	100	26
138	106	100	26
138	108	90	26
138	109	100	26
138	111	100	26
138	112	100	26
138	113	95	26
138	115	96	26
138	116	96	26
138	117	100	26
138	118	90	26
138	121	94	26
138	123	96	26
138	124	11	26
138	125	100	26
138	126	100	26
138	130	96	26
138	131	31	26
138	133	96	26
138	146	83	26
138	148	97	26
139	102	56	26
139	105	100	26
139	108	63	26
139	112	0	26
139	113	100	26
139	116	94	26
139	117	36	26
139	130	100	26
139	131	98	26
139	140	99	26
139	141	94	26
139	142	97	26
139	143	98	26
139	144	96	26
139	147	98	26
139	148	99	26
139	149	86	26
140	129	7	26
140	131	100	26
140	139	100	26
140	141	100	26
140	143	98	26
140	147	97	26
141	105	47	26
141	112	9	26
141	115	84	26
141	120	12	26
141	125	5	26
141	130	47	26
141	131	100	26
141	139	100	26
141	140	98	26
141	142	100	26
141	143	95	26
141	146	98	26
141	147	87	26
141	148	95	26
141	149	98	26
142	120	100	26
142	128	96	26
142	129	100	26
142	131	94	26
142	136	89	26
142	139	92	26
142	140	6	26
142	141	99	26
142	143	94	26
142	147	94	26
143	105	96	26
143	113	84	26
143	130	70	26
143	131	97	26
143	139	100	26
143	140	97	26
143	141	98	26
143	142	97	26
143	144	78	26
143	146	100	26
143	147	96	26
144	102	92	26
144	105	100	26
144	107	93	26
144	108	100	26
144	109	100	26
144	111	0	26
144	112	72	26
144	113	99	26
144	116	94	26
144	117	98	26
144	118	97	26
144	119	84	26
144	122	94	26
144	125	60	26
144	126	71	26
144	127	94	26
144	130	100	26
144	131	95	26
144	133	100	26
144	139	99	26
144	143	83	26
144	146	92	26
144	148	100	26
146	102	96	26
146	103	92	26
146	105	97	26
146	110	100	26
146	112	98	26
146	113	99	26
146	114	80	26
146	115	99	26
146	116	97	26
146	117	96	26
146	118	95	26
146	119	100	26
146	126	91	26
146	127	92	26
146	128	100	26
146	130	97	26
146	131	100	26
146	133	95	26
146	138	92	26
146	141	94	26
146	143	94	26
146	144	95	26
146	148	100	26
146	149	99	26
147	129	90	26
147	131	82	26
147	139	100	26
147	140	100	26
147	141	93	26
147	142	96	26
147	143	94	26
148	102	99	26
148	103	78	26
148	108	96	26
148	109	97	26
148	111	86	26
148	112	100	26
148	113	99	26
148	116	97	26
148	117	97	26
148	119	96	26
148	122	74	26
148	125	96	26
148	126	93	26
148	127	100	26
148	130	100	26
148	131	97	26
148	133	100	26
148	138	100	26
148	139	96	26
148	141	95	26
148	144	95	26
148	146	98	26
148	149	92	26
149	110	95	26
149	112	100	26
149	113	100	26
149	115	100	26
149	116	9	26
149	117	96	26
149	119	95	26
149	125	100	26
149	128	100	26
149	130	96	26
149	131	100	26
149	135	95	26
149	139	95	26
149	141	95	26
149	146	100	26
149	148	100	26
100	101	59	25
100	102	100	25
100	105	54	25
100	107	98	25
100	108	96	25
100	109	100	25
100	116	76	25
100	118	98	25
100	121	96	25
100	122	95	25
100	127	100	25
100	133	4	25
100	144	14	25
101	100	37	25
101	102	95	25
101	103	73	25
101	105	98	25
101	106	94	25
101	107	100	25
101	108	100	25
101	109	99	25
101	116	100	25
101	118	96	25
101	121	100	25
101	122	99	25
101	123	0	25
101	124	13	25
101	127	100	25
101	133	100	25
101	144	18	25
102	100	98	25
102	101	100	25
102	103	100	25
102	105	100	25
102	107	96	25
102	108	100	25
102	109	100	25
102	112	54	25
102	113	92	25
102	116	97	25
102	118	97	25
102	122	97	25
102	124	98	25
102	125	100	25
102	126	76	25
102	127	100	25
102	133	98	25
102	138	96	25
102	139	97	25
102	144	93	25
102	146	100	25
102	148	70	25
103	101	89	25
103	102	97	25
103	104	97	25
103	106	100	25
103	108	100	25
103	109	97	25
103	111	100	25
103	113	100	25
103	116	96	25
103	118	96	25
103	121	99	25
103	123	100	25
103	124	97	25
103	125	34	25
103	126	100	25
103	130	100	25
103	131	5	25
103	133	100	25
103	138	99	25
103	139	100	25
103	144	31	25
103	146	85	25
104	103	100	25
104	106	100	25
104	108	9	25
104	111	99	25
104	118	51	25
104	121	99	25
104	123	92	25
104	124	100	25
104	125	71	25
104	126	100	25
104	138	99	25
105	100	100	25
105	101	100	25
105	102	100	25
105	103	43	25
105	107	100	25
105	108	99	25
105	109	100	25
105	113	94	25
105	116	90	25
105	117	2	25
105	122	96	25
105	125	92	25
105	127	99	25
105	130	100	25
105	133	100	25
105	138	90	25
105	139	99	25
105	143	100	25
105	144	100	25
105	146	100	25
105	148	13	25
106	101	100	25
106	103	100	25
106	104	100	25
106	107	6	25
106	111	98	25
106	116	16	25
106	118	94	25
106	121	98	25
106	123	97	25
106	124	100	25
106	125	97	25
106	126	13	25
106	130	32	25
106	133	98	25
106	138	96	25
107	100	96	25
107	101	99	25
107	102	99	25
107	105	98	25
107	108	100	25
107	109	100	25
107	116	99	25
107	118	100	25
107	121	98	25
107	122	100	25
107	124	97	25
107	127	99	25
107	133	100	25
107	144	99	25
107	146	86	25
108	100	97	25
108	101	100	25
108	102	100	25
108	103	100	25
108	105	100	25
108	107	97	25
108	109	100	25
108	113	99	25
108	116	99	25
108	118	98	25
108	121	98	25
108	122	99	25
108	123	77	25
108	124	100	25
108	125	100	25
108	127	15	25
108	130	100	25
108	133	100	25
108	138	100	25
108	139	66	25
108	144	100	25
108	148	97	25
109	100	94	25
109	101	96	25
109	102	98	25
109	103	94	25
109	105	99	25
109	107	100	25
109	108	99	25
109	113	100	25
109	116	96	25
109	117	100	25
109	118	98	25
109	122	97	25
109	124	8	25
109	125	93	25
109	127	94	25
109	130	100	25
109	131	0	25
109	133	96	25
109	138	99	25
109	139	96	25
109	141	0	25
109	143	96	25
109	144	100	25
109	146	97	25
109	148	100	25
110	112	99	25
110	113	97	25
110	114	96	25
110	115	100	25
110	117	100	25
110	119	100	25
110	128	96	25
110	130	100	25
110	131	98	25
110	135	94	25
110	137	97	25
110	138	73	25
110	139	71	25
110	143	21	25
110	146	100	25
110	149	100	25
111	103	100	25
111	104	98	25
111	108	5	25
111	113	98	25
111	116	97	25
111	118	100	25
111	125	98	25
111	126	98	25
111	130	20	25
111	133	99	25
111	138	93	25
111	148	100	25
112	102	92	25
112	110	94	25
112	113	94	25
112	115	100	25
112	116	98	25
112	117	99	25
112	119	95	25
112	125	100	25
112	126	0	25
112	128	89	25
112	131	100	25
112	137	95	25
112	138	100	25
112	141	96	25
112	146	98	25
112	148	99	25
112	149	98	25
113	102	92	25
113	103	100	25
113	108	92	25
113	109	5	25
113	110	97	25
113	111	95	25
113	112	99	25
113	115	98	25
113	116	99	25
113	117	97	25
113	118	68	25
113	119	100	25
113	121	3	25
113	125	99	25
113	127	100	25
113	130	98	25
113	131	99	25
113	133	12	25
113	137	86	25
113	138	14	25
113	139	100	25
113	144	100	25
113	146	100	25
113	148	100	25
113	149	100	25
114	110	100	25
114	115	79	25
114	119	98	25
114	120	99	25
114	128	100	25
114	129	18	25
114	130	62	25
114	131	57	25
114	135	100	25
114	136	99	25
114	137	100	25
114	148	2	25
115	110	97	25
115	112	99	25
115	113	96	25
115	114	100	25
115	117	97	25
115	119	97	25
115	125	97	25
115	130	100	25
115	131	98	25
115	146	0	25
115	149	100	25
116	100	75	25
116	101	100	25
116	102	100	25
116	103	100	25
116	105	48	25
116	106	80	25
116	107	96	25
116	108	99	25
116	109	99	25
116	111	92	25
116	112	100	25
116	113	100	25
116	117	100	25
116	118	99	25
116	121	94	25
116	122	89	25
116	123	2	25
116	125	98	25
116	126	83	25
116	127	18	25
116	130	93	25
116	131	89	25
116	133	100	25
116	138	98	25
116	139	9	25
116	144	2	25
116	146	100	25
116	148	99	25
117	109	98	25
117	110	97	25
117	111	7	25
117	112	93	25
117	113	96	25
117	114	92	25
117	115	99	25
117	116	93	25
117	119	98	25
117	125	100	25
117	126	97	25
117	130	66	25
117	131	98	25
117	133	100	25
117	135	100	25
117	137	90	25
117	138	100	25
117	146	98	25
117	148	100	25
117	149	100	25
118	100	100	25
118	101	96	25
118	102	100	25
118	103	100	25
118	104	30	25
118	106	6	25
118	107	100	25
118	108	99	25
118	109	98	25
118	111	100	25
118	113	97	25
118	116	100	25
118	121	100	25
118	122	96	25
118	123	9	25
118	124	99	25
118	125	97	25
118	126	95	25
118	127	95	25
118	130	92	25
118	133	100	25
118	138	100	25
118	146	85	25
118	148	100	25
119	110	100	25
119	112	95	25
119	113	100	25
119	114	100	25
119	115	94	25
119	117	98	25
119	120	99	25
119	125	91	25
119	128	100	25
119	129	97	25
119	130	98	25
119	131	0	25
119	135	100	25
119	136	98	25
119	137	99	25
119	146	100	25
119	148	100	25
119	149	98	25
120	114	100	25
120	119	97	25
120	128	100	25
120	129	98	25
120	131	31	25
120	136	97	25
120	142	97	25
121	100	90	25
121	101	96	25
121	102	3	25
121	103	100	25
121	104	98	25
121	106	99	25
121	107	97	25
121	108	100	25
121	111	41	25
121	113	96	25
121	116	80	25
121	118	96	25
121	122	97	25
121	123	91	25
121	124	100	25
121	125	0	25
121	126	99	25
121	133	98	25
121	138	100	25
121	148	6	25
122	100	99	25
122	101	97	25
122	102	98	25
122	103	89	25
122	105	93	25
122	106	0	25
122	107	96	25
122	108	97	25
122	109	92	25
122	111	97	25
122	113	43	25
122	116	100	25
122	118	98	25
122	121	93	25
122	123	17	25
122	124	47	25
122	125	100	25
122	126	8	25
122	127	100	25
122	130	97	25
122	133	97	25
122	144	100	25
122	148	93	25
123	101	13	25
123	103	100	25
123	104	100	25
123	106	94	25
123	108	98	25
123	118	83	25
123	121	100	25
123	124	100	25
123	126	97	25
123	130	100	25
123	133	88	25
123	138	97	25
123	148	90	25
124	101	64	25
124	102	97	25
124	103	100	25
124	104	100	25
124	106	97	25
124	107	98	25
124	108	100	25
124	111	14	25
124	118	97	25
124	121	97	25
124	123	100	25
125	102	100	25
125	103	88	25
125	104	37	25
125	105	25	25
125	106	98	25
125	108	99	25
125	109	38	25
125	111	97	25
125	112	100	25
125	113	97	25
125	115	96	25
125	116	99	25
125	117	93	25
125	118	100	25
125	119	99	25
125	122	97	25
125	126	98	25
125	130	100	25
125	131	100	25
125	133	100	25
125	138	100	25
125	144	96	25
125	146	100	25
125	148	96	25
126	102	81	25
126	103	98	25
126	104	99	25
126	111	100	25
126	117	100	25
126	118	89	25
126	121	100	25
126	123	94	25
126	125	97	25
126	130	95	25
126	138	93	25
126	144	96	25
126	146	99	25
127	100	100	25
127	101	100	25
127	102	98	25
127	105	99	25
127	107	95	25
127	108	84	25
127	109	93	25
127	113	100	25
127	116	14	25
127	122	99	25
127	125	4	25
127	130	4	25
127	133	100	25
127	138	11	25
127	143	90	25
127	144	100	25
127	146	99	25
127	148	98	25
128	110	95	25
128	114	98	25
128	119	99	25
128	120	94	25
128	129	96	25
128	135	96	25
128	142	99	25
128	149	97	25
129	114	61	25
129	119	93	25
129	120	98	25
129	128	100	25
129	131	66	25
129	136	100	25
129	140	100	25
129	142	100	25
129	143	75	25
129	147	98	25
130	103	98	25
130	105	66	25
130	106	0	25
130	108	100	25
130	109	100	25
130	110	99	25
130	113	97	25
130	114	39	25
130	115	97	25
130	116	100	25
130	118	100	25
130	119	100	25
130	122	18	25
130	123	98	25
130	125	100	25
130	126	96	25
130	131	100	25
130	133	99	25
130	138	97	25
130	139	96	25
130	141	7	25
130	143	100	25
130	144	100	25
130	146	96	25
130	148	100	25
130	149	53	25
131	103	5	25
131	110	96	25
131	112	99	25
131	113	96	25
131	114	76	25
131	115	100	25
131	116	6	25
131	117	95	25
131	120	22	25
131	125	93	25
131	129	51	25
131	130	96	25
131	138	11	25
131	139	100	25
131	141	100	25
131	142	92	25
131	143	98	25
131	144	97	25
131	147	19	25
131	148	94	25
131	149	100	25
132	114	95	25
132	115	100	25
132	119	98	25
132	120	99	25
132	128	27	25
132	129	100	25
132	135	100	25
132	136	98	25
132	137	63	25
133	101	99	25
133	102	100	25
133	103	100	25
133	105	97	25
133	106	100	25
133	107	100	25
133	108	100	25
133	109	100	25
133	111	98	25
133	113	69	25
133	116	100	25
133	117	99	25
133	118	100	25
133	121	99	25
133	122	95	25
133	123	5	25
133	125	93	25
133	127	100	25
133	130	96	25
133	138	98	25
133	144	96	25
133	146	100	25
133	148	100	25
134	102	99	25
134	110	100	25
134	112	100	25
134	113	100	25
134	114	100	25
134	115	100	25
134	116	38	25
134	117	95	25
134	119	100	25
134	120	8	25
134	125	99	25
134	128	94	25
134	130	100	25
134	131	100	25
134	133	87	25
134	137	97	25
134	138	100	25
134	139	49	25
134	141	12	25
134	143	95	25
134	144	100	25
134	146	98	25
134	148	97	25
134	149	61	25
135	110	100	25
135	114	100	25
135	117	98	25
135	119	100	25
135	128	94	25
135	136	94	25
135	137	100	25
135	149	100	25
136	114	100	25
136	119	100	25
136	120	100	25
136	128	14	25
136	129	100	25
136	135	100	25
136	137	33	25
136	142	100	25
137	110	100	25
137	112	91	25
137	113	97	25
137	114	95	25
137	115	21	25
137	117	100	25
137	119	95	25
137	128	7	25
137	135	98	25
137	136	70	25
138	102	96	25
138	103	96	25
138	104	94	25
138	105	2	25
138	106	97	25
138	108	94	25
138	109	4	25
138	110	16	25
138	111	100	25
138	112	100	25
138	116	89	25
138	117	100	25
138	118	96	25
138	121	94	25
138	123	99	25
138	125	96	25
138	126	96	25
138	130	100	25
138	131	0	25
138	133	80	25
138	144	0	25
138	146	96	25
138	148	100	25
138	149	22	25
139	102	100	25
139	103	95	25
139	105	98	25
139	108	85	25
139	109	94	25
139	110	78	25
139	113	97	25
139	128	16	25
139	130	99	25
139	131	100	25
139	140	100	25
139	141	100	25
139	143	96	25
139	144	98	25
139	146	99	25
139	147	94	25
139	149	82	25
140	129	97	25
140	139	100	25
140	141	98	25
140	142	100	25
140	143	98	25
140	147	100	25
141	112	100	25
141	128	2	25
141	130	90	25
141	131	100	25
141	139	100	25
141	140	95	25
141	142	95	25
141	143	94	25
141	144	98	25
141	147	7	25
141	148	96	25
141	149	100	25
142	120	100	25
142	128	100	25
142	129	98	25
142	131	96	25
142	136	100	25
142	139	17	25
142	140	100	25
142	141	100	25
142	143	100	25
142	146	15	25
142	147	100	25
143	105	95	25
143	109	100	25
143	110	26	25
143	129	20	25
143	130	100	25
143	131	100	25
143	139	100	25
143	140	100	25
143	141	99	25
143	142	99	25
143	144	96	25
143	147	97	25
143	148	95	25
144	100	17	25
144	101	100	25
144	102	100	25
144	103	99	25
144	105	96	25
144	107	100	25
144	108	94	25
144	109	100	25
144	113	99	25
144	116	7	25
144	122	98	25
144	125	97	25
144	126	94	25
144	127	100	25
144	130	98	25
144	131	100	25
144	133	100	25
144	138	100	25
144	139	100	25
144	141	96	25
144	143	97	25
144	146	98	25
144	148	99	25
144	149	22	25
146	102	100	25
146	103	99	25
146	105	96	25
146	107	95	25
146	108	4	25
146	109	96	25
146	110	99	25
146	112	100	25
146	113	99	25
146	116	100	25
146	117	100	25
146	118	100	25
146	119	98	25
146	125	97	25
146	126	99	25
146	127	95	25
146	128	55	25
146	130	94	25
146	133	99	25
146	138	97	25
146	139	97	25
146	142	46	25
146	144	97	25
146	148	96	25
146	149	100	25
147	129	100	25
147	131	33	25
147	139	100	25
147	140	100	25
147	142	97	25
147	143	96	25
148	102	97	25
148	108	100	25
148	109	99	25
148	110	4	25
148	111	97	25
148	112	100	25
148	113	100	25
148	114	71	25
148	116	100	25
148	117	100	25
148	118	97	25
148	119	99	25
148	123	96	25
148	125	100	25
148	126	46	25
148	127	100	25
148	130	100	25
148	131	96	25
148	133	100	25
148	138	95	25
148	141	97	25
148	143	93	25
148	144	97	25
148	146	98	25
148	149	100	25
149	108	0	25
149	110	98	25
149	112	99	25
149	113	98	25
149	115	100	25
149	117	100	25
149	119	100	25
149	128	95	25
149	130	94	25
149	131	94	25
149	135	96	25
149	138	100	25
149	139	91	25
149	141	99	25
149	143	11	25
149	144	22	25
149	146	100	25
149	148	100	25
100	101	76	24
100	102	100	24
100	105	89	24
100	107	100	24
100	108	100	24
100	109	37	24
100	116	4	24
100	118	96	24
100	122	73	24
100	127	99	24
100	133	84	24
100	144	22	24
101	102	95	24
101	103	100	24
101	105	93	24
101	107	98	24
101	108	100	24
101	109	94	24
101	116	97	24
101	118	96	24
101	121	100	24
101	122	97	24
101	123	79	24
101	124	59	24
101	127	95	24
101	133	99	24
102	100	95	24
102	101	92	24
102	103	100	24
102	107	96	24
102	108	100	24
102	109	100	24
102	112	51	24
102	113	98	24
102	116	98	24
102	117	86	24
102	118	100	24
102	122	96	24
102	123	12	24
102	124	96	24
102	125	100	24
102	126	83	24
102	127	92	24
102	130	0	24
102	133	97	24
102	138	100	24
102	139	2	24
102	144	100	24
102	146	97	24
102	148	100	24
103	101	62	24
103	102	99	24
103	104	98	24
103	106	96	24
103	107	100	24
103	108	96	24
103	111	100	24
103	113	99	24
103	116	97	24
103	118	98	24
103	121	92	24
103	122	74	24
103	123	100	24
103	124	13	24
103	125	94	24
103	126	96	24
103	130	95	24
103	131	81	24
103	133	100	24
103	138	100	24
103	139	97	24
103	144	100	24
103	146	7	24
103	148	100	24
104	103	100	24
104	106	93	24
104	111	96	24
104	113	89	24
104	116	100	24
104	117	50	24
104	118	91	24
104	121	98	24
104	123	98	24
104	124	100	24
104	125	38	24
104	126	100	24
104	133	8	24
104	138	100	24
104	148	47	24
105	100	100	24
105	101	99	24
105	103	19	24
105	108	96	24
105	109	100	24
105	112	41	24
105	116	99	24
105	117	61	24
105	118	8	24
105	122	98	24
105	125	100	24
105	126	9	24
105	127	94	24
105	130	100	24
105	133	96	24
105	138	96	24
105	139	99	24
105	141	100	24
105	143	100	24
105	144	100	24
105	146	100	24
105	148	100	24
105	149	6	24
106	101	22	24
106	102	5	24
106	103	100	24
106	104	63	24
106	107	11	24
106	108	7	24
106	111	100	24
106	113	64	24
106	116	47	24
106	117	66	24
106	118	26	24
106	121	97	24
106	123	100	24
106	124	100	24
106	125	60	24
106	126	100	24
106	130	47	24
106	133	97	24
106	138	96	24
107	100	90	24
107	101	95	24
107	102	97	24
107	103	94	24
107	108	96	24
107	109	100	24
107	116	96	24
107	118	100	24
107	121	96	24
107	122	95	24
107	123	26	24
107	124	98	24
107	127	95	24
107	133	100	24
107	144	97	24
107	146	21	24
107	148	58	24
108	100	71	24
108	101	90	24
108	102	100	24
108	103	100	24
108	105	61	24
108	106	14	24
108	107	93	24
108	109	93	24
108	113	10	24
108	116	98	24
108	117	30	24
108	118	97	24
108	121	97	24
108	122	100	24
108	123	6	24
108	124	99	24
108	125	97	24
108	126	99	24
108	127	0	24
108	130	96	24
108	133	98	24
108	144	92	24
108	146	72	24
108	148	99	24
109	100	92	24
109	101	98	24
109	102	100	24
109	103	46	24
109	105	100	24
109	107	100	24
109	108	99	24
109	111	6	24
109	112	100	24
109	113	93	24
109	115	3	24
109	116	98	24
109	117	100	24
109	118	92	24
109	119	29	24
109	122	96	24
109	124	17	24
109	125	93	24
109	127	99	24
109	130	97	24
109	131	55	24
109	133	98	24
109	138	98	24
109	139	91	24
109	140	17	24
109	143	98	24
109	144	99	24
109	146	94	24
109	148	100	24
109	149	89	24
110	112	96	24
110	113	100	24
110	114	100	24
110	115	100	24
110	117	95	24
110	119	94	24
110	120	100	24
110	125	100	24
110	128	66	24
110	130	100	24
110	131	97	24
110	135	97	24
110	137	100	24
110	139	52	24
110	146	94	24
110	148	94	24
110	149	98	24
111	102	1	24
111	103	100	24
111	104	96	24
111	106	94	24
111	108	9	24
111	112	77	24
111	117	91	24
111	118	58	24
111	121	100	24
111	123	92	24
111	124	47	24
111	125	97	24
111	126	98	24
111	130	92	24
111	133	95	24
111	138	100	24
111	144	8	24
111	146	19	24
111	148	93	24
112	102	47	24
112	109	57	24
112	110	100	24
112	111	56	24
112	113	100	24
112	115	100	24
112	116	91	24
112	117	100	24
112	118	58	24
112	119	100	24
112	125	94	24
112	130	100	24
112	131	100	24
112	135	63	24
112	137	94	24
112	138	96	24
112	139	93	24
112	141	73	24
112	146	100	24
112	148	98	24
112	149	95	24
113	102	100	24
113	103	98	24
113	104	96	24
113	106	0	24
113	108	8	24
113	109	92	24
113	110	92	24
113	112	100	24
113	115	96	24
113	116	98	24
113	117	100	24
113	118	98	24
113	119	100	24
113	121	5	24
113	125	100	24
113	127	100	24
113	130	95	24
113	131	100	24
113	133	86	24
113	135	60	24
113	137	91	24
113	138	98	24
113	139	100	24
113	143	75	24
113	144	98	24
113	146	100	24
113	148	100	24
113	149	100	24
114	110	100	24
114	112	14	24
114	115	99	24
114	117	94	24
114	119	95	24
114	120	100	24
114	125	1	24
114	128	97	24
114	129	100	24
114	130	75	24
114	131	3	24
114	135	96	24
114	136	98	24
114	137	96	24
114	148	85	24
114	149	100	24
115	110	100	24
115	112	93	24
115	113	98	24
115	114	96	24
115	116	23	24
115	117	100	24
115	119	100	24
115	125	97	24
115	130	100	24
115	131	25	24
115	135	40	24
115	137	99	24
115	139	99	24
115	146	93	24
115	148	36	24
115	149	99	24
116	100	11	24
116	101	93	24
116	102	100	24
116	103	94	24
116	104	100	24
116	105	68	24
116	106	46	24
116	107	100	24
116	108	100	24
116	109	84	24
116	112	97	24
116	113	97	24
116	115	55	24
116	117	96	24
116	118	100	24
116	121	17	24
116	122	100	24
116	123	74	24
116	124	77	24
116	125	98	24
116	126	94	24
116	127	83	24
116	130	97	24
116	131	88	24
116	133	100	24
116	138	97	24
116	144	66	24
116	146	98	24
116	148	100	24
116	149	95	24
117	102	69	24
117	104	27	24
117	106	13	24
117	108	9	24
117	109	96	24
117	110	100	24
117	111	81	24
117	112	99	24
117	113	100	24
117	114	96	24
117	115	98	24
117	116	96	24
117	119	98	24
117	125	100	24
117	126	100	24
117	128	9	24
117	130	93	24
117	131	99	24
117	133	99	24
117	135	93	24
117	137	95	24
117	138	100	24
117	144	97	24
117	146	100	24
117	148	97	24
117	149	100	24
118	100	94	24
118	101	100	24
118	102	100	24
118	103	94	24
118	104	99	24
118	106	87	24
118	107	94	24
118	108	100	24
118	109	99	24
118	111	35	24
118	112	67	24
118	113	96	24
118	116	96	24
118	121	96	24
118	122	80	24
118	123	95	24
118	124	75	24
118	125	100	24
118	126	10	24
118	130	100	24
118	131	15	24
118	133	98	24
118	138	80	24
118	144	65	24
118	146	0	24
118	148	100	24
119	110	100	24
119	112	96	24
119	113	95	24
119	114	100	24
119	115	100	24
119	117	100	24
119	120	95	24
119	125	97	24
119	128	97	24
119	129	100	24
119	130	100	24
119	131	99	24
119	135	100	24
119	139	8	24
119	144	0	24
119	146	100	24
119	148	99	24
119	149	97	24
120	110	98	24
120	114	97	24
120	119	96	24
120	128	97	24
120	129	96	24
120	135	100	24
120	136	99	24
120	137	100	24
121	101	94	24
121	103	100	24
121	104	96	24
121	106	99	24
121	107	100	24
121	108	100	24
121	111	100	24
121	113	10	24
121	118	100	24
121	122	98	24
121	123	100	24
121	124	98	24
121	125	97	24
121	126	99	24
121	130	17	24
121	133	99	24
121	138	100	24
122	100	85	24
122	101	95	24
122	102	98	24
122	103	94	24
122	105	100	24
122	107	100	24
122	108	100	24
122	109	92	24
122	111	12	24
122	113	100	24
122	116	45	24
122	118	95	24
122	121	100	24
122	124	19	24
122	125	100	24
122	126	18	24
122	127	98	24
122	130	42	24
122	133	98	24
122	138	99	24
122	143	100	24
122	144	100	24
122	146	23	24
122	148	85	24
123	101	96	24
123	102	43	24
123	103	95	24
123	104	95	24
123	106	100	24
123	107	6	24
123	108	19	24
123	111	99	24
123	116	66	24
123	118	100	24
123	121	100	24
123	124	88	24
123	125	97	24
123	126	100	24
123	130	98	24
123	133	96	24
123	138	100	24
124	101	92	24
124	102	98	24
124	103	65	24
124	104	100	24
124	106	100	24
124	107	96	24
124	108	94	24
124	118	63	24
124	121	100	24
124	123	95	24
124	125	98	24
124	126	19	24
124	133	85	24
125	102	96	24
125	103	93	24
125	104	9	24
125	105	85	24
125	106	62	24
125	108	92	24
125	109	7	24
125	110	93	24
125	111	100	24
125	112	98	24
125	113	100	24
125	115	100	24
125	116	100	24
125	117	94	24
125	118	96	24
125	119	100	24
125	121	96	24
125	122	34	24
125	123	70	24
125	124	93	24
125	126	100	24
125	130	95	24
125	133	96	24
125	138	97	24
125	144	19	24
125	146	100	24
125	148	98	24
126	102	79	24
126	103	100	24
126	104	99	24
126	106	96	24
126	108	95	24
126	111	97	24
126	116	100	24
126	117	99	24
126	118	22	24
126	121	100	24
126	123	100	24
126	125	100	24
126	130	99	24
126	138	99	24
126	144	94	24
126	146	100	24
126	148	97	24
127	100	100	24
127	101	72	24
127	102	95	24
127	105	89	24
127	107	98	24
127	108	71	24
127	109	94	24
127	113	97	24
127	116	100	24
127	122	99	24
127	130	32	24
127	133	99	24
127	143	92	24
127	144	98	24
127	146	100	24
127	148	99	24
128	114	96	24
128	119	100	24
128	120	97	24
128	129	19	24
128	135	100	24
128	137	1	24
128	140	5	24
128	142	98	24
128	149	95	24
129	114	93	24
129	119	100	24
129	120	100	24
129	128	94	24
129	131	98	24
129	136	96	24
129	140	95	24
129	143	68	24
129	147	81	24
129	149	67	24
130	102	0	24
130	103	91	24
130	105	4	24
130	106	9	24
130	108	83	24
130	109	100	24
130	110	92	24
130	111	94	24
130	112	96	24
130	113	100	24
130	114	96	24
130	115	100	24
130	116	95	24
130	117	99	24
130	118	94	24
130	119	97	24
130	121	4	24
130	123	100	24
130	125	100	24
130	126	100	24
130	131	100	24
130	133	91	24
130	138	100	24
130	139	96	24
130	141	25	24
130	143	2	24
130	144	97	24
130	146	100	24
130	148	96	24
130	149	59	24
131	103	91	24
131	110	95	24
131	112	100	24
131	113	100	24
131	114	24	24
131	115	40	24
131	116	93	24
131	117	98	24
131	118	33	24
131	119	93	24
131	125	2	24
131	129	100	24
131	130	100	24
131	138	92	24
131	139	94	24
131	140	94	24
131	141	97	24
131	142	89	24
131	143	94	24
131	144	100	24
131	146	96	24
131	147	88	24
131	148	97	24
131	149	99	24
132	110	84	24
132	112	100	24
132	114	100	24
132	115	98	24
132	119	100	24
132	120	100	24
132	128	95	24
132	129	100	24
132	135	95	24
132	136	98	24
132	137	100	24
132	149	94	24
133	100	94	24
133	101	100	24
133	102	99	24
133	103	91	24
133	105	98	24
133	106	100	24
133	107	100	24
133	108	100	24
133	109	100	24
133	111	99	24
133	113	99	24
133	116	98	24
133	117	93	24
133	118	98	24
133	121	97	24
133	122	96	24
133	123	58	24
133	124	91	24
133	125	100	24
133	127	91	24
133	130	99	24
133	138	99	24
133	144	100	24
133	146	99	24
133	148	100	24
135	110	100	24
135	112	80	24
135	113	72	24
135	114	100	24
135	117	88	24
135	119	95	24
135	120	100	24
135	128	96	24
135	136	96	24
135	137	95	24
135	149	97	24
136	114	97	24
136	120	100	24
136	129	97	24
136	135	97	24
137	110	100	24
137	112	100	24
137	113	93	24
137	114	100	24
137	115	97	24
137	117	100	24
137	120	86	24
137	125	3	24
137	128	29	24
137	135	100	24
137	136	7	24
137	149	100	24
138	102	89	24
138	103	92	24
138	104	100	24
138	105	64	24
138	106	96	24
138	108	0	24
138	109	53	24
138	111	98	24
138	112	95	24
138	113	97	24
138	116	93	24
138	117	93	24
138	118	94	24
138	121	22	24
138	123	85	24
138	125	100	24
138	126	100	24
138	130	95	24
138	131	59	24
138	133	51	24
138	144	98	24
138	146	100	24
138	148	94	24
139	102	36	24
139	103	93	24
139	105	63	24
139	109	98	24
139	110	60	24
139	112	100	24
139	113	100	24
139	115	100	24
139	119	3	24
139	130	100	24
139	131	98	24
139	140	100	24
139	141	100	24
139	142	100	24
139	143	96	24
139	144	100	24
139	146	100	24
139	147	100	24
139	148	29	24
139	149	96	24
140	128	58	24
140	129	94	24
140	131	97	24
140	139	100	24
140	141	99	24
140	142	100	24
140	143	99	24
140	146	81	24
140	147	96	24
141	105	68	24
141	110	38	24
141	112	98	24
141	113	6	24
141	130	100	24
141	131	100	24
141	139	100	24
141	140	96	24
141	142	95	24
141	143	97	24
141	144	96	24
141	146	100	24
141	147	100	24
141	148	98	24
141	149	97	24
142	114	2	24
142	128	100	24
142	131	100	24
142	139	100	24
142	140	95	24
142	141	99	24
142	143	100	24
142	147	100	24
143	105	90	24
143	109	95	24
143	113	90	24
143	122	2	24
143	127	0	24
143	129	73	24
143	130	19	24
143	131	100	24
143	139	92	24
143	140	100	24
143	141	100	24
143	142	95	24
143	144	97	24
143	146	56	24
143	147	98	24
143	148	3	24
143	149	45	24
144	100	6	24
144	102	98	24
144	103	97	24
144	105	98	24
144	107	91	24
144	108	98	24
144	109	100	24
144	111	0	24
144	113	97	24
144	116	54	24
144	117	100	24
144	118	4	24
144	122	62	24
144	125	6	24
144	126	100	24
144	127	79	24
144	130	100	24
144	131	97	24
144	133	100	24
144	138	95	24
144	139	98	24
144	141	95	24
144	143	90	24
144	146	100	24
144	148	100	24
144	149	95	24
146	102	96	24
146	103	14	24
146	105	76	24
146	107	66	24
146	108	100	24
146	109	95	24
146	110	95	24
146	111	8	24
146	112	98	24
146	113	98	24
146	115	100	24
146	116	93	24
146	117	100	24
146	118	12	24
146	119	98	24
146	125	100	24
146	126	100	24
146	127	90	24
146	130	96	24
146	131	100	24
146	133	99	24
146	138	100	24
146	139	89	24
146	140	73	24
146	141	96	24
146	143	48	24
146	144	96	24
146	148	100	24
146	149	100	24
147	129	89	24
147	131	87	24
147	139	89	24
147	140	99	24
147	141	100	24
147	142	97	24
147	143	94	24
148	102	88	24
148	103	85	24
148	104	14	24
148	105	20	24
148	107	61	24
148	108	83	24
148	109	84	24
148	110	88	24
148	111	84	24
148	112	83	24
148	113	85	24
148	114	95	24
148	115	58	24
148	116	94	24
148	117	89	24
148	118	83	24
148	119	90	24
148	125	79	24
148	126	80	24
148	127	90	24
148	130	86	24
148	131	86	24
148	133	88	24
148	138	83	24
148	139	0	24
148	141	85	24
148	144	87	24
148	146	85	24
148	149	89	24
149	110	100	24
149	112	96	24
149	113	100	24
149	114	93	24
149	115	99	24
149	116	85	24
149	117	100	24
149	119	97	24
149	128	95	24
149	129	59	24
149	130	76	24
149	131	98	24
149	135	98	24
149	137	97	24
149	139	92	24
149	141	100	24
149	143	35	24
149	144	91	24
149	146	99	24
149	148	95	24
100	101	97	23
100	102	6	23
100	105	93	23
100	107	37	23
100	108	93	23
100	109	98	23
100	118	89	23
100	122	100	23
100	124	0	23
100	127	94	23
101	100	98	23
101	102	95	23
101	105	98	23
101	107	91	23
101	108	97	23
101	109	95	23
101	116	98	23
101	118	96	23
101	121	99	23
101	122	96	23
101	123	86	23
101	124	96	23
101	127	94	23
101	133	98	23
101	144	1	23
102	101	92	23
102	103	100	23
102	105	96	23
102	107	99	23
102	108	95	23
102	109	90	23
102	111	94	23
102	113	98	23
102	116	100	23
102	117	93	23
102	118	100	23
102	122	90	23
102	125	98	23
102	127	98	23
102	133	100	23
102	138	99	23
102	144	100	23
102	146	97	23
102	148	96	23
103	101	4	23
103	102	96	23
103	104	96	23
103	105	8	23
103	106	100	23
103	107	96	23
103	108	99	23
103	111	97	23
103	113	100	23
103	116	100	23
103	118	64	23
103	121	100	23
103	122	77	23
103	123	98	23
103	124	77	23
103	125	90	23
103	126	97	23
103	127	6	23
103	130	95	23
103	131	59	23
103	133	98	23
103	138	79	23
103	146	48	23
103	148	71	23
104	103	90	23
104	106	95	23
104	111	97	23
104	113	2	23
104	116	78	23
104	118	29	23
104	123	100	23
104	124	58	23
104	125	93	23
104	126	100	23
104	138	100	23
105	100	90	23
105	101	97	23
105	102	90	23
105	103	87	23
105	107	42	23
105	108	72	23
105	109	100	23
105	113	94	23
105	116	82	23
105	122	100	23
105	125	97	23
105	127	100	23
105	133	89	23
105	138	91	23
105	139	82	23
105	141	100	23
105	143	92	23
105	144	100	23
105	148	100	23
106	103	92	23
106	104	95	23
106	107	74	23
106	108	75	23
106	111	99	23
106	116	100	23
106	117	36	23
106	118	12	23
106	121	95	23
106	123	100	23
106	124	96	23
106	126	96	23
106	133	32	23
106	138	99	23
107	101	93	23
107	102	99	23
107	103	100	23
107	106	83	23
107	108	99	23
107	109	87	23
107	116	100	23
107	118	100	23
107	121	100	23
107	122	94	23
107	124	66	23
107	127	88	23
107	133	79	23
108	100	96	23
108	101	96	23
108	102	99	23
108	103	93	23
108	105	68	23
108	106	82	23
108	107	100	23
108	109	100	23
108	111	14	23
108	116	99	23
108	117	83	23
108	118	100	23
108	121	98	23
108	122	96	23
108	123	100	23
108	126	96	23
108	127	94	23
108	133	96	23
108	138	91	23
108	144	99	23
108	146	78	23
108	148	11	23
109	100	94	23
109	101	95	23
109	102	95	23
109	103	89	23
109	105	94	23
109	107	90	23
109	108	100	23
109	112	100	23
109	113	99	23
109	115	41	23
109	116	93	23
109	117	97	23
109	118	85	23
109	121	15	23
109	122	91	23
109	126	62	23
109	127	100	23
109	130	100	23
109	133	93	23
109	138	92	23
109	139	90	23
109	141	93	23
109	143	98	23
109	144	99	23
109	146	94	23
109	148	100	23
110	112	97	23
110	113	100	23
110	114	88	23
110	115	100	23
110	117	100	23
110	119	99	23
110	120	9	23
110	125	81	23
110	128	9	23
110	130	99	23
110	131	98	23
110	135	92	23
110	137	95	23
110	138	54	23
110	139	28	23
110	146	92	23
110	149	99	23
111	102	69	23
111	103	98	23
111	104	100	23
111	106	95	23
111	108	78	23
111	116	68	23
111	117	96	23
111	118	60	23
111	121	96	23
111	123	99	23
111	124	0	23
111	125	93	23
111	126	100	23
111	130	19	23
111	133	71	23
111	138	97	23
111	148	62	23
112	109	71	23
112	110	100	23
112	113	100	23
112	114	94	23
112	115	100	23
112	117	100	23
112	118	12	23
112	119	96	23
112	125	100	23
112	130	92	23
112	131	96	23
112	138	94	23
112	139	100	23
112	146	84	23
112	148	95	23
112	149	100	23
113	102	84	23
113	103	91	23
113	104	66	23
113	105	66	23
113	109	95	23
113	110	90	23
113	112	100	23
113	115	92	23
113	116	4	23
113	117	96	23
113	118	72	23
113	119	98	23
113	125	100	23
113	130	96	23
113	131	80	23
113	135	82	23
113	138	97	23
113	139	95	23
113	143	96	23
113	144	92	23
113	146	96	23
113	148	97	23
113	149	93	23
114	112	10	23
114	115	95	23
114	117	94	23
114	119	100	23
114	120	95	23
114	128	99	23
114	129	94	23
114	135	97	23
114	136	100	23
114	142	0	23
114	149	19	23
115	110	92	23
115	112	95	23
115	113	96	23
115	114	89	23
115	117	98	23
115	119	99	23
115	125	94	23
115	130	100	23
115	131	6	23
115	135	84	23
115	137	19	23
115	138	57	23
115	139	4	23
115	141	11	23
115	143	12	23
115	146	93	23
115	149	100	23
116	101	95	23
116	102	100	23
116	103	100	23
116	104	91	23
116	105	94	23
116	106	97	23
116	107	92	23
116	108	100	23
116	109	95	23
116	111	99	23
116	113	42	23
116	117	98	23
116	118	100	23
116	122	97	23
116	123	87	23
116	125	100	23
116	126	99	23
116	127	94	23
116	130	100	23
116	133	97	23
116	138	98	23
116	144	97	23
116	146	97	23
116	148	96	23
117	101	0	23
117	102	92	23
117	106	15	23
117	108	83	23
117	109	99	23
117	110	92	23
117	111	86	23
117	112	96	23
117	113	100	23
117	114	98	23
117	115	100	23
117	116	100	23
117	119	100	23
117	125	100	23
117	126	89	23
117	130	98	23
117	131	100	23
117	133	93	23
117	138	100	23
117	141	0	23
117	144	34	23
117	146	100	23
117	148	9	23
117	149	98	23
118	100	75	23
118	101	94	23
118	102	96	23
118	103	84	23
118	104	1	23
118	106	4	23
118	107	97	23
118	108	100	23
118	109	83	23
118	111	42	23
118	113	97	23
118	116	98	23
118	121	94	23
118	122	30	23
118	123	96	23
118	124	95	23
118	125	95	23
118	127	0	23
118	130	88	23
118	133	94	23
118	138	95	23
118	144	85	23
118	146	83	23
119	110	94	23
119	112	93	23
119	113	100	23
119	114	100	23
119	115	99	23
119	117	99	23
119	120	100	23
119	125	89	23
119	128	100	23
119	129	95	23
119	130	97	23
119	131	96	23
119	135	58	23
119	137	88	23
119	144	9	23
119	148	88	23
119	149	99	23
120	114	100	23
120	119	98	23
120	128	98	23
120	129	100	23
120	135	100	23
120	136	98	23
121	100	19	23
121	101	97	23
121	103	91	23
121	104	27	23
121	106	99	23
121	107	95	23
121	108	96	23
121	109	75	23
121	111	100	23
121	113	11	23
121	116	83	23
121	117	10	23
121	118	96	23
121	122	98	23
121	123	98	23
121	124	100	23
121	125	93	23
121	126	100	23
121	133	92	23
121	138	68	23
122	100	92	23
122	101	99	23
122	102	100	23
122	103	90	23
122	105	97	23
122	106	63	23
122	107	100	23
122	108	100	23
122	109	95	23
122	113	61	23
122	116	92	23
122	121	94	23
122	123	7	23
122	124	58	23
122	127	100	23
122	133	100	23
122	138	30	23
122	144	100	23
122	146	90	23
123	101	93	23
123	103	91	23
123	104	100	23
123	106	98	23
123	108	79	23
123	111	100	23
123	118	84	23
123	121	92	23
123	124	100	23
123	126	95	23
123	133	93	23
123	138	87	23
124	101	89	23
124	103	92	23
124	104	89	23
124	106	100	23
124	107	85	23
124	118	96	23
124	121	99	23
124	122	50	23
124	123	93	23
124	126	29	23
124	133	84	23
125	102	100	23
125	103	100	23
125	104	96	23
125	105	73	23
125	106	4	23
125	108	80	23
125	110	46	23
125	111	98	23
125	112	98	23
125	113	97	23
125	115	100	23
125	116	94	23
125	117	100	23
125	118	94	23
125	119	87	23
125	121	6	23
125	126	96	23
125	130	99	23
125	133	94	23
125	138	100	23
125	144	95	23
125	146	100	23
125	148	100	23
126	103	91	23
126	104	94	23
126	106	100	23
126	108	82	23
126	111	93	23
126	116	100	23
126	117	100	23
126	121	92	23
126	123	87	23
126	124	14	23
126	125	100	23
126	130	100	23
126	138	98	23
126	144	1	23
126	146	90	23
126	148	4	23
127	100	100	23
127	101	90	23
127	102	100	23
127	103	86	23
127	105	100	23
127	107	94	23
127	108	86	23
127	109	90	23
127	113	1	23
127	116	70	23
127	118	40	23
127	122	100	23
127	130	94	23
127	133	81	23
127	139	7	23
127	143	100	23
127	144	93	23
127	148	100	23
128	114	74	23
128	119	100	23
128	120	73	23
128	129	100	23
128	135	67	23
128	142	100	23
129	114	99	23
129	119	100	23
129	120	100	23
129	128	100	23
129	131	99	23
129	136	100	23
129	140	92	23
129	142	100	23
129	143	16	23
130	103	99	23
130	109	96	23
130	110	93	23
130	111	7	23
130	112	100	23
130	113	94	23
130	114	9	23
130	115	100	23
130	116	97	23
130	117	100	23
130	118	70	23
130	119	100	23
130	125	100	23
130	126	100	23
130	127	53	23
130	131	100	23
130	133	96	23
130	139	14	23
130	141	87	23
130	144	99	23
130	146	96	23
130	148	99	23
131	103	88	23
131	110	97	23
131	112	96	23
131	113	84	23
131	115	89	23
131	117	100	23
131	119	94	23
131	128	33	23
131	129	100	23
131	130	94	23
131	140	100	23
131	141	94	23
131	142	100	23
131	144	100	23
131	146	99	23
131	147	99	23
131	149	99	23
132	110	96	23
132	112	0	23
132	114	100	23
132	119	100	23
132	120	99	23
132	128	97	23
132	135	94	23
132	136	97	23
133	101	91	23
133	102	93	23
133	103	97	23
133	104	14	23
133	105	86	23
133	107	87	23
133	108	100	23
133	109	94	23
133	111	86	23
133	116	93	23
133	117	99	23
133	118	100	23
133	121	96	23
133	122	89	23
133	123	87	23
133	124	67	23
133	125	96	23
133	127	86	23
133	130	99	23
133	138	4	23
133	139	16	23
133	144	5	23
133	146	92	23
135	110	71	23
135	113	5	23
135	114	94	23
135	115	68	23
135	119	78	23
135	120	85	23
135	128	67	23
135	136	98	23
135	137	100	23
135	149	79	23
136	114	100	23
136	120	94	23
136	129	100	23
136	135	98	23
136	142	98	23
137	110	97	23
137	112	36	23
137	114	92	23
137	115	97	23
137	119	100	23
137	120	18	23
137	128	4	23
137	135	97	23
137	136	7	23
138	102	99	23
138	103	60	23
138	104	100	23
138	105	62	23
138	106	91	23
138	108	96	23
138	109	2	23
138	111	100	23
138	112	100	23
138	113	99	23
138	115	59	23
138	116	100	23
138	117	100	23
138	118	93	23
138	123	89	23
138	125	100	23
138	126	92	23
138	144	93	23
138	148	35	23
139	105	12	23
139	112	97	23
139	113	98	23
139	115	15	23
139	130	30	23
139	133	36	23
139	138	0	23
139	140	100	23
139	141	100	23
139	142	66	23
139	143	100	23
139	144	100	23
139	146	96	23
139	147	94	23
139	148	100	23
139	149	95	23
140	129	100	23
140	131	100	23
140	139	54	23
140	141	100	23
140	142	97	23
140	143	92	23
140	146	1	23
140	147	99	23
141	105	100	23
141	109	78	23
141	115	29	23
141	117	15	23
141	130	89	23
141	131	99	23
141	139	96	23
141	140	96	23
141	142	100	23
141	143	97	23
141	144	97	23
141	146	100	23
141	147	97	23
141	149	96	23
142	114	48	23
142	128	100	23
142	129	100	23
142	131	97	23
142	136	91	23
142	139	93	23
142	140	100	23
142	141	92	23
142	143	97	23
142	146	0	23
142	147	98	23
143	105	94	23
143	109	97	23
143	113	90	23
143	115	33	23
143	127	94	23
143	139	99	23
143	140	100	23
143	141	96	23
143	142	98	23
143	147	96	23
144	101	83	23
144	102	100	23
144	103	23	23
144	105	96	23
144	108	100	23
144	109	93	23
144	113	96	23
144	116	98	23
144	117	84	23
144	118	76	23
144	119	38	23
144	122	94	23
144	125	98	23
144	126	90	23
144	127	100	23
144	130	100	23
144	131	93	23
144	133	52	23
144	138	99	23
144	139	90	23
144	141	93	23
144	143	54	23
144	146	98	23
144	148	96	23
146	101	0	23
146	102	98	23
146	103	42	23
146	108	45	23
146	109	90	23
146	110	19	23
146	112	84	23
146	113	100	23
146	115	99	23
146	116	95	23
146	117	95	23
146	118	20	23
146	122	45	23
146	125	100	23
146	126	89	23
146	128	23	23
146	130	98	23
146	131	100	23
146	133	78	23
146	138	5	23
146	139	94	23
146	141	94	23
146	144	97	23
146	148	94	23
146	149	46	23
147	131	94	23
147	139	93	23
147	140	95	23
147	141	98	23
147	142	95	23
147	143	100	23
148	102	91	23
148	103	87	23
148	105	95	23
148	108	78	23
148	109	89	23
148	111	85	23
148	112	100	23
148	113	98	23
148	116	90	23
148	117	91	23
148	118	57	23
148	119	84	23
148	122	2	23
148	123	32	23
148	125	96	23
148	126	87	23
148	127	87	23
148	130	94	23
148	138	90	23
148	139	94	23
148	143	0	23
148	144	94	23
148	146	93	23
148	149	18	23
149	110	100	23
149	112	98	23
149	113	96	23
149	114	96	23
149	115	100	23
149	117	97	23
149	119	97	23
149	131	91	23
149	135	100	23
149	139	96	23
149	141	95	23
149	146	91	23
100	101	90	22
100	102	95	22
100	105	75	22
100	107	99	22
100	108	57	22
100	109	92	22
100	116	27	22
100	118	19	22
100	121	84	22
100	122	94	22
100	127	95	22
101	100	94	22
101	102	98	22
101	103	85	22
101	105	93	22
101	107	96	22
101	108	100	22
101	109	100	22
101	116	94	22
101	118	98	22
101	121	99	22
101	122	92	22
101	123	64	22
101	124	57	22
101	127	94	22
101	133	74	22
101	144	14	22
102	100	83	22
102	101	100	22
102	103	95	22
102	105	92	22
102	106	29	22
102	107	100	22
102	108	99	22
102	109	91	22
102	111	13	22
102	113	93	22
102	116	93	22
102	117	94	22
102	118	96	22
102	121	88	22
102	122	95	22
102	124	91	22
102	125	100	22
102	126	57	22
102	127	99	22
102	130	100	22
102	138	100	22
102	146	99	22
102	148	96	22
103	101	13	22
103	102	100	22
103	104	91	22
103	106	100	22
103	107	96	22
103	108	93	22
103	109	96	22
103	111	100	22
103	113	95	22
103	116	96	22
103	118	97	22
103	121	98	22
103	122	97	22
103	123	100	22
103	124	100	22
103	125	16	22
103	126	92	22
103	127	2	22
103	131	52	22
103	133	100	22
103	138	90	22
103	146	10	22
103	148	12	22
104	103	96	22
104	106	99	22
104	111	100	22
104	113	50	22
104	121	92	22
104	123	94	22
104	124	43	22
104	125	95	22
104	126	0	22
104	138	100	22
105	100	90	22
105	101	92	22
105	102	97	22
105	103	65	22
105	107	82	22
105	108	94	22
105	109	97	22
105	113	94	22
105	122	87	22
105	124	29	22
105	125	56	22
105	127	100	22
105	130	67	22
105	133	12	22
105	138	64	22
105	139	65	22
105	141	50	22
105	143	84	22
105	144	100	22
105	146	98	22
105	148	97	22
106	102	83	22
106	103	97	22
106	104	100	22
106	107	77	22
106	108	91	22
106	111	95	22
106	116	94	22
106	118	25	22
106	121	64	22
106	122	9	22
106	123	96	22
106	124	93	22
106	125	91	22
106	126	98	22
106	133	18	22
106	138	97	22
107	100	95	22
107	101	100	22
107	102	100	22
107	103	95	22
107	105	57	22
107	108	99	22
107	109	90	22
107	116	94	22
107	118	91	22
107	122	95	22
107	124	96	22
107	127	83	22
107	130	72	22
107	133	8	22
108	100	1	22
108	101	97	22
108	102	91	22
108	103	67	22
108	105	93	22
108	106	87	22
108	107	99	22
108	109	88	22
108	111	87	22
108	116	89	22
108	117	78	22
108	118	99	22
108	121	97	22
108	122	100	22
108	124	81	22
108	125	25	22
108	127	92	22
108	130	27	22
108	133	100	22
108	144	99	22
108	148	85	22
109	100	87	22
109	101	95	22
109	102	100	22
109	103	100	22
109	105	99	22
109	107	100	22
109	108	94	22
109	112	100	22
109	113	96	22
109	116	96	22
109	117	97	22
109	118	95	22
109	121	93	22
109	122	100	22
109	125	93	22
109	126	100	22
109	127	95	22
109	130	97	22
109	133	94	22
109	138	97	22
109	139	90	22
109	143	100	22
109	144	100	22
109	148	94	22
109	149	12	22
110	112	96	22
110	113	98	22
110	114	100	22
110	115	100	22
110	117	93	22
110	119	100	22
110	120	0	22
110	128	98	22
110	130	94	22
110	131	98	22
110	135	95	22
110	137	98	22
110	138	0	22
110	139	99	22
110	146	100	22
110	149	98	22
111	102	95	22
111	103	99	22
111	104	97	22
111	106	96	22
111	107	12	22
111	108	92	22
111	113	92	22
111	116	100	22
111	117	97	22
111	118	95	22
111	121	100	22
111	122	8	22
111	123	98	22
111	124	98	22
111	125	95	22
111	126	100	22
111	130	100	22
111	133	89	22
111	138	99	22
111	146	7	22
112	102	82	22
112	109	93	22
112	110	100	22
112	113	99	22
112	114	100	22
112	115	97	22
112	117	98	22
112	119	100	22
112	125	98	22
112	126	98	22
112	130	59	22
112	131	96	22
112	133	91	22
112	135	100	22
112	137	100	22
112	138	99	22
112	139	97	22
112	144	93	22
112	146	100	22
112	148	94	22
112	149	100	22
113	102	100	22
113	103	89	22
113	104	0	22
113	105	63	22
113	109	96	22
113	110	99	22
113	111	73	22
113	112	94	22
113	115	52	22
113	117	100	22
113	119	97	22
113	121	3	22
113	122	8	22
113	125	100	22
113	126	93	22
113	130	100	22
113	131	90	22
113	133	35	22
113	135	94	22
113	138	100	22
113	139	27	22
113	143	98	22
113	144	96	22
113	146	97	22
113	149	97	22
114	110	98	22
114	112	99	22
114	115	97	22
114	117	91	22
114	119	100	22
114	120	100	22
114	128	97	22
114	129	100	22
114	130	7	22
114	131	50	22
114	135	100	22
114	136	97	22
114	137	100	22
114	142	0	22
115	102	14	22
115	110	92	22
115	112	94	22
115	113	87	22
115	114	95	22
115	117	94	22
115	119	97	22
115	125	96	22
115	130	69	22
115	131	98	22
115	135	96	22
115	137	98	22
115	138	91	22
115	139	98	22
115	146	86	22
115	149	95	22
116	100	72	22
116	101	94	22
116	102	100	22
116	103	97	22
116	106	98	22
116	107	89	22
116	108	92	22
116	109	99	22
116	111	93	22
116	117	97	22
116	118	100	22
116	121	100	22
116	122	89	22
116	124	87	22
116	125	100	22
116	126	94	22
116	130	96	22
116	133	94	22
116	138	96	22
116	144	100	22
116	146	96	22
116	148	100	22
117	102	84	22
117	108	75	22
117	109	70	22
117	110	94	22
117	111	87	22
117	112	100	22
117	113	97	22
117	114	99	22
117	115	100	22
117	116	87	22
117	118	74	22
117	119	88	22
117	125	94	22
117	126	88	22
117	130	96	22
117	131	95	22
117	133	90	22
117	135	24	22
117	137	58	22
117	138	100	22
117	144	94	22
117	146	99	22
117	148	96	22
117	149	99	22
118	100	0	22
118	101	90	22
118	102	100	22
118	103	98	22
118	106	7	22
118	107	93	22
118	108	95	22
118	109	94	22
118	111	89	22
118	116	88	22
118	117	81	22
118	121	99	22
118	122	87	22
118	123	87	22
118	124	100	22
118	125	96	22
118	133	95	22
118	138	95	22
118	139	1	22
118	144	31	22
118	146	16	22
119	110	100	22
119	112	100	22
119	113	95	22
119	114	95	22
119	115	100	22
119	117	99	22
119	120	97	22
119	128	100	22
119	129	100	22
119	130	93	22
119	131	95	22
119	135	100	22
119	136	50	22
119	137	97	22
119	144	54	22
119	146	58	22
119	149	100	22
120	110	95	22
120	114	58	22
120	119	100	22
120	128	100	22
120	129	98	22
120	135	96	22
120	136	96	22
120	142	97	22
121	100	71	22
121	101	93	22
121	102	95	22
121	103	96	22
121	104	98	22
121	106	24	22
121	107	92	22
121	108	100	22
121	109	91	22
121	111	96	22
121	113	74	22
121	116	98	22
121	118	96	22
121	122	94	22
121	123	91	22
121	124	93	22
121	125	92	22
121	126	89	22
121	130	93	22
121	133	96	22
121	138	95	22
121	148	100	22
122	100	100	22
122	101	94	22
122	102	100	22
122	103	91	22
122	105	96	22
122	106	32	22
122	107	96	22
122	108	98	22
122	109	98	22
122	111	18	22
122	113	82	22
122	116	96	22
122	118	85	22
122	121	87	22
122	123	62	22
122	124	91	22
122	125	97	22
122	127	94	22
122	130	97	22
122	133	93	22
122	143	100	22
122	144	100	22
122	148	3	22
123	101	44	22
123	102	1	22
123	103	93	22
123	104	96	22
123	106	97	22
123	111	98	22
123	118	45	22
123	121	90	22
123	122	20	22
123	124	88	22
123	126	85	22
123	133	49	22
124	101	87	22
124	102	82	22
124	103	89	22
124	104	67	22
124	106	99	22
124	107	77	22
124	108	92	22
124	111	89	22
124	116	73	22
124	118	84	22
124	121	93	22
124	122	87	22
124	123	93	22
124	126	89	22
124	133	97	22
125	102	100	22
125	103	87	22
125	104	95	22
125	105	4	22
125	106	87	22
125	108	77	22
125	109	88	22
125	111	97	22
125	112	100	22
125	113	98	22
125	114	16	22
125	115	100	22
125	116	89	22
125	117	100	22
125	118	94	22
125	121	55	22
125	122	83	22
125	126	100	22
125	130	99	22
125	131	37	22
125	133	91	22
125	138	97	22
125	139	89	22
125	141	74	22
125	144	97	22
125	146	4	22
125	148	99	22
125	149	93	22
126	102	53	22
126	103	95	22
126	106	97	22
126	109	2	22
126	111	99	22
126	112	57	22
126	113	92	22
126	116	93	22
126	117	95	22
126	121	95	22
126	123	92	22
126	124	92	22
126	125	92	22
126	130	97	22
126	133	95	22
126	138	92	22
126	148	44	22
127	100	92	22
127	101	88	22
127	102	97	22
127	103	85	22
127	105	97	22
127	107	90	22
127	108	91	22
127	109	90	22
127	118	5	22
127	122	94	22
127	130	72	22
127	133	91	22
127	139	88	22
127	143	89	22
127	144	96	22
127	146	97	22
128	110	93	22
128	114	98	22
128	119	99	22
128	120	92	22
128	129	100	22
128	135	90	22
128	142	93	22
129	114	100	22
129	119	97	22
129	120	94	22
129	128	99	22
129	136	99	22
129	140	88	22
129	141	8	22
129	142	94	22
129	143	55	22
129	147	84	22
129	149	3	22
130	102	92	22
130	109	94	22
130	110	94	22
130	111	97	22
130	113	97	22
130	114	16	22
130	115	10	22
130	116	100	22
130	117	96	22
130	119	98	22
130	122	70	22
130	125	99	22
130	126	95	22
130	131	96	22
130	138	100	22
130	139	88	22
130	141	3	22
130	144	93	22
130	146	100	22
130	148	100	22
130	149	95	22
131	103	87	22
131	110	92	22
131	112	100	22
131	113	91	22
131	114	95	22
131	115	100	22
131	117	100	22
131	119	99	22
131	126	17	22
131	130	96	22
131	139	98	22
131	140	96	22
131	141	97	22
131	143	95	22
131	144	100	22
131	146	100	22
131	147	99	22
131	148	10	22
131	149	100	22
132	110	4	22
132	114	99	22
132	119	94	22
132	120	97	22
132	128	98	22
132	129	99	22
132	135	100	22
132	136	99	22
132	137	35	22
133	101	8	22
133	102	99	22
133	103	92	22
133	105	14	22
133	106	90	22
133	108	95	22
133	109	91	22
133	111	93	22
133	112	95	22
133	116	100	22
133	117	99	22
133	118	100	22
133	121	96	22
133	122	94	22
133	123	70	22
133	124	98	22
133	125	100	22
133	126	97	22
133	127	79	22
133	138	19	22
133	139	31	22
133	144	6	22
133	146	93	22
135	110	90	22
135	112	89	22
135	113	86	22
135	114	81	22
135	115	97	22
135	119	100	22
135	120	100	22
135	128	95	22
135	136	100	22
135	137	100	22
136	114	100	22
136	119	47	22
136	120	99	22
136	128	47	22
136	129	97	22
136	135	91	22
136	142	43	22
137	110	95	22
137	112	95	22
137	113	9	22
137	114	97	22
137	115	100	22
137	117	49	22
137	119	91	22
137	135	100	22
138	102	97	22
138	103	91	22
138	104	92	22
138	106	97	22
138	109	89	22
138	111	99	22
138	112	97	22
138	113	96	22
138	115	92	22
138	116	99	22
138	117	98	22
138	118	95	22
138	121	87	22
138	125	100	22
138	126	92	22
138	130	100	22
138	144	98	22
138	146	24	22
138	148	95	22
139	102	11	22
139	105	1	22
139	109	18	22
139	110	91	22
139	112	95	22
139	113	96	22
139	115	95	22
139	125	86	22
139	127	12	22
139	130	93	22
139	131	95	22
139	140	97	22
139	141	98	22
139	142	46	22
139	143	100	22
139	144	90	22
139	146	94	22
139	147	98	22
139	148	93	22
139	149	97	22
140	129	11	22
140	131	100	22
140	139	98	22
140	141	99	22
140	142	100	22
140	143	94	22
140	147	100	22
141	102	0	22
141	105	0	22
141	125	82	22
141	128	6	22
141	129	14	22
141	130	76	22
141	131	97	22
141	139	100	22
141	140	95	22
141	142	96	22
141	143	100	22
141	144	87	22
141	146	96	22
141	147	100	22
141	148	72	22
142	114	52	22
142	120	99	22
142	128	99	22
142	129	100	22
142	131	16	22
142	136	5	22
142	139	17	22
142	140	88	22
142	141	100	22
142	143	93	22
142	147	95	22
143	105	6	22
143	109	96	22
143	113	92	22
143	122	68	22
143	127	93	22
143	129	9	22
143	131	99	22
143	139	100	22
143	140	99	22
143	141	96	22
143	142	100	22
143	144	94	22
143	147	100	22
143	148	96	22
144	101	91	22
144	105	95	22
144	108	97	22
144	109	96	22
144	111	45	22
144	112	93	22
144	113	98	22
144	116	90	22
144	117	92	22
144	118	5	22
144	119	99	22
144	122	100	22
144	125	93	22
144	126	40	22
144	127	93	22
144	130	94	22
144	131	100	22
144	133	90	22
144	138	94	22
144	139	100	22
144	141	96	22
144	143	99	22
144	146	100	22
144	148	96	22
146	102	96	22
146	103	23	22
146	105	19	22
146	110	94	22
146	111	10	22
146	112	90	22
146	113	96	22
146	114	0	22
146	115	98	22
146	116	92	22
146	117	96	22
146	118	18	22
146	119	89	22
146	125	16	22
146	126	45	22
146	127	80	22
146	130	100	22
146	131	93	22
146	133	28	22
146	138	83	22
146	139	100	22
146	141	91	22
146	144	100	22
146	148	97	22
146	149	100	22
147	129	49	22
147	131	100	22
147	139	94	22
147	140	94	22
147	141	96	22
147	142	100	22
147	143	96	22
148	102	94	22
148	103	94	22
148	105	92	22
148	108	90	22
148	109	91	22
148	111	26	22
148	112	95	22
148	113	90	22
148	115	26	22
148	116	90	22
148	117	95	22
148	121	92	22
148	122	27	22
148	125	96	22
148	126	96	22
148	130	100	22
148	131	6	22
148	138	100	22
148	139	100	22
148	141	30	22
148	143	99	22
148	144	92	22
148	146	99	22
148	149	61	22
149	109	10	22
149	110	98	22
149	112	95	22
149	113	95	22
149	115	92	22
149	117	97	22
149	119	100	22
149	125	87	22
149	129	75	22
149	130	92	22
149	131	90	22
149	135	93	22
149	139	95	22
149	143	14	22
149	146	96	22
149	148	71	22
100	101	94	21
100	105	100	21
100	106	31	21
100	108	88	21
100	116	89	21
100	118	93	21
100	121	82	21
100	122	96	21
100	127	94	21
100	133	66	21
100	144	67	21
101	100	95	21
101	102	98	21
101	105	95	21
101	106	82	21
101	107	96	21
101	108	100	21
101	109	95	21
101	116	47	21
101	118	82	21
101	121	87	21
101	122	94	21
101	127	99	21
101	133	22	21
102	101	96	21
102	103	99	21
102	105	100	21
102	107	92	21
102	108	93	21
102	109	95	21
102	111	91	21
102	113	97	21
102	116	98	21
102	117	44	21
102	118	89	21
102	121	84	21
102	122	96	21
102	125	98	21
102	126	39	21
102	127	98	21
102	130	43	21
102	133	99	21
102	138	100	21
102	144	93	21
102	146	100	21
103	102	44	21
103	106	57	21
103	107	56	21
103	109	89	21
103	111	98	21
103	116	100	21
103	118	97	21
103	121	100	21
103	122	90	21
103	123	100	21
103	124	93	21
103	126	100	21
103	131	34	21
103	133	100	21
103	138	100	21
103	144	28	21
104	106	64	21
104	111	100	21
104	116	68	21
104	121	84	21
104	123	92	21
104	125	90	21
104	126	93	21
104	138	91	21
105	100	84	21
105	101	91	21
105	102	96	21
105	107	84	21
105	108	96	21
105	109	99	21
105	113	100	21
105	116	45	21
105	118	56	21
105	122	93	21
105	125	0	21
105	127	100	21
105	133	84	21
105	139	94	21
105	143	95	21
105	144	98	21
105	146	95	21
105	148	97	21
106	101	66	21
106	103	59	21
106	104	66	21
106	107	9	21
106	108	80	21
106	111	88	21
106	116	55	21
106	118	96	21
106	121	94	21
106	123	100	21
106	124	96	21
106	126	97	21
106	133	11	21
106	138	67	21
107	100	2	21
107	101	90	21
107	102	94	21
107	103	82	21
107	105	50	21
107	108	96	21
107	109	70	21
107	116	92	21
107	118	95	21
107	121	91	21
107	122	43	21
107	124	81	21
107	127	12	21
107	133	49	21
107	144	42	21
108	100	92	21
108	101	98	21
108	102	99	21
108	103	55	21
108	105	94	21
108	106	100	21
108	107	91	21
108	109	97	21
108	116	95	21
108	118	100	21
108	121	96	21
108	122	98	21
108	124	6	21
108	127	95	21
108	133	100	21
108	138	100	21
108	144	87	21
108	146	95	21
109	101	99	21
109	102	100	21
109	103	90	21
109	105	100	21
109	107	83	21
109	108	99	21
109	111	7	21
109	112	95	21
109	113	92	21
109	116	100	21
109	117	10	21
109	118	87	21
109	122	98	21
109	125	96	21
109	126	98	21
109	127	100	21
109	130	81	21
109	133	89	21
109	138	100	21
109	139	93	21
109	141	17	21
109	143	99	21
109	144	99	21
109	146	0	21
109	148	100	21
110	112	100	21
110	113	12	21
110	114	100	21
110	115	93	21
110	117	99	21
110	119	99	21
110	125	42	21
110	128	61	21
110	130	87	21
110	131	100	21
110	135	100	21
110	137	93	21
110	139	48	21
110	146	89	21
110	149	96	21
111	102	0	21
111	103	100	21
111	104	96	21
111	106	88	21
111	113	11	21
111	116	87	21
111	117	90	21
111	118	34	21
111	121	94	21
111	123	100	21
111	124	43	21
111	125	82	21
111	126	100	21
111	133	96	21
111	138	93	21
111	144	0	21
112	109	89	21
112	110	99	21
112	113	91	21
112	114	95	21
112	115	100	21
112	116	83	21
112	117	100	21
112	119	100	21
112	126	100	21
112	130	100	21
112	131	99	21
112	133	87	21
112	135	96	21
112	138	99	21
112	139	92	21
112	144	95	21
112	146	95	21
112	148	4	21
112	149	85	21
113	102	57	21
113	105	98	21
113	109	95	21
113	110	89	21
113	111	61	21
113	112	67	21
113	116	42	21
113	117	99	21
113	119	100	21
113	125	96	21
113	126	90	21
113	127	31	21
113	130	100	21
113	131	97	21
113	135	83	21
113	138	97	21
113	139	94	21
113	144	91	21
113	146	99	21
113	148	56	21
113	149	97	21
114	110	97	21
114	112	98	21
114	115	100	21
114	117	98	21
114	119	100	21
114	128	97	21
114	129	98	21
114	131	25	21
114	135	100	21
114	136	100	21
114	137	94	21
115	110	100	21
115	112	100	21
115	114	97	21
115	117	94	21
115	119	100	21
115	125	100	21
115	131	100	21
115	135	99	21
115	137	92	21
115	138	90	21
115	139	89	21
115	146	66	21
115	149	98	21
116	100	6	21
116	101	85	21
116	102	93	21
116	103	100	21
116	105	1	21
116	106	49	21
116	107	87	21
116	108	100	21
116	109	100	21
116	111	100	21
116	117	66	21
116	118	91	21
116	121	96	21
116	122	93	21
116	125	97	21
116	126	51	21
116	133	100	21
116	138	96	21
116	144	93	21
116	146	100	21
116	148	100	21
117	110	95	21
117	111	90	21
117	112	100	21
117	113	90	21
117	114	98	21
117	115	98	21
117	116	88	21
117	118	91	21
117	119	52	21
117	125	100	21
117	126	99	21
117	130	99	21
117	131	96	21
117	133	9	21
117	135	13	21
117	138	97	21
117	144	97	21
117	146	87	21
117	149	98	21
118	100	81	21
118	101	7	21
118	102	90	21
118	103	94	21
118	105	15	21
118	106	95	21
118	107	95	21
118	108	99	21
118	109	93	21
118	111	95	21
118	116	98	21
118	117	100	21
118	121	97	21
118	122	98	21
118	123	100	21
118	124	88	21
118	125	12	21
118	126	46	21
118	127	96	21
118	131	33	21
118	133	100	21
118	138	94	21
118	144	73	21
118	146	32	21
119	110	99	21
119	112	78	21
119	113	96	21
119	114	100	21
119	115	97	21
119	117	74	21
119	120	99	21
119	128	100	21
119	129	36	21
119	131	100	21
119	135	100	21
119	136	96	21
119	149	100	21
120	110	89	21
120	114	92	21
120	119	91	21
120	128	97	21
120	129	100	21
120	136	96	21
121	101	94	21
121	102	93	21
121	103	96	21
121	104	93	21
121	106	100	21
121	107	91	21
121	108	100	21
121	111	100	21
121	116	97	21
121	118	96	21
121	122	97	21
121	123	89	21
121	124	93	21
121	125	7	21
121	126	100	21
121	133	96	21
121	138	95	21
122	100	95	21
122	101	91	21
122	102	89	21
122	103	98	21
122	105	100	21
122	106	0	21
122	107	72	21
122	108	96	21
122	109	97	21
122	116	94	21
122	118	100	21
122	121	94	21
122	123	99	21
122	127	99	21
122	131	15	21
122	133	61	21
122	143	80	21
122	144	100	21
122	146	77	21
123	101	10	21
123	103	90	21
123	104	100	21
123	106	100	21
123	111	100	21
123	118	99	21
123	121	92	21
123	122	59	21
123	124	100	21
123	126	97	21
123	138	56	21
124	101	75	21
124	103	89	21
124	106	95	21
124	111	96	21
124	118	97	21
124	121	100	21
124	123	98	21
124	126	100	21
124	133	97	21
125	102	81	21
125	103	30	21
125	104	93	21
125	105	35	21
125	109	97	21
125	110	91	21
125	111	88	21
125	113	100	21
125	115	96	21
125	116	88	21
125	117	100	21
125	118	74	21
125	121	69	21
125	126	88	21
125	130	100	21
125	133	96	21
125	138	100	21
125	139	64	21
125	144	100	21
125	146	70	21
125	148	96	21
126	103	99	21
126	104	95	21
126	106	99	21
126	109	41	21
126	111	100	21
126	112	92	21
126	113	95	21
126	116	97	21
126	117	97	21
126	118	4	21
126	121	95	21
126	123	100	21
126	124	96	21
126	125	98	21
126	138	100	21
126	146	74	21
127	100	99	21
127	101	100	21
127	102	93	21
127	105	100	21
127	107	20	21
127	108	95	21
127	109	97	21
127	113	0	21
127	116	12	21
127	118	41	21
127	122	97	21
127	139	78	21
127	143	88	21
127	144	99	21
128	110	84	21
128	114	99	21
128	119	95	21
128	120	92	21
128	129	96	21
128	131	8	21
128	135	13	21
128	149	87	21
129	110	5	21
129	114	100	21
129	120	96	21
129	128	97	21
129	131	71	21
129	136	100	21
129	140	93	21
129	142	90	21
129	143	4	21
130	102	79	21
130	105	11	21
130	109	88	21
130	110	95	21
130	111	90	21
130	112	97	21
130	113	94	21
130	114	94	21
130	115	93	21
130	116	85	21
130	117	94	21
130	122	0	21
130	125	100	21
130	126	89	21
130	131	96	21
130	133	92	21
130	135	17	21
130	138	96	21
130	139	100	21
130	144	96	21
130	146	100	21
130	148	100	21
130	149	98	21
131	103	50	21
131	110	94	21
131	112	100	21
131	113	92	21
131	114	37	21
131	115	96	21
131	117	97	21
131	119	100	21
131	129	1	21
131	130	99	21
131	135	49	21
131	139	99	21
131	140	100	21
131	141	100	21
131	142	90	21
131	144	97	21
131	147	95	21
131	149	99	21
132	114	100	21
132	119	97	21
132	120	95	21
132	128	100	21
132	129	91	21
132	135	97	21
132	136	100	21
132	142	84	21
133	101	85	21
133	102	91	21
133	103	97	21
133	105	81	21
133	106	51	21
133	107	27	21
133	108	98	21
133	109	90	21
133	111	86	21
133	112	84	21
133	116	97	21
133	118	100	21
133	121	97	21
133	122	67	21
133	124	94	21
133	125	95	21
133	130	96	21
133	131	1	21
133	138	96	21
133	144	91	21
133	146	69	21
135	110	93	21
135	112	91	21
135	114	99	21
135	115	96	21
135	119	100	21
135	131	62	21
135	136	95	21
135	137	96	21
136	114	100	21
136	119	79	21
136	120	99	21
136	129	98	21
136	135	100	21
137	110	96	21
137	112	25	21
137	114	90	21
137	115	95	21
137	117	89	21
137	135	96	21
138	102	87	21
138	103	92	21
138	104	96	21
138	106	1	21
138	109	78	21
138	111	92	21
138	112	53	21
138	113	99	21
138	116	95	21
138	117	96	21
138	121	98	21
138	123	69	21
138	125	97	21
138	126	93	21
138	130	100	21
138	133	86	21
138	144	91	21
138	148	41	21
139	105	89	21
139	109	92	21
139	110	91	21
139	112	100	21
139	113	4	21
139	115	4	21
139	125	13	21
139	127	12	21
139	130	62	21
139	131	100	21
139	140	99	21
139	141	97	21
139	143	98	21
139	144	100	21
139	146	100	21
139	147	13	21
139	148	99	21
140	129	58	21
140	131	100	21
140	139	98	21
140	141	96	21
140	142	100	21
140	143	98	21
140	147	49	21
141	105	1	21
141	109	82	21
141	129	98	21
141	131	99	21
141	139	100	21
141	140	98	21
141	142	100	21
141	143	93	21
141	144	93	21
141	146	97	21
141	147	100	21
142	114	28	21
142	129	92	21
142	131	91	21
142	139	3	21
142	140	96	21
142	141	64	21
142	143	100	21
142	147	100	21
143	105	90	21
143	109	99	21
143	122	10	21
143	127	56	21
143	129	2	21
143	131	14	21
143	139	100	21
143	140	94	21
143	141	96	21
143	142	97	21
143	144	98	21
143	146	95	21
143	147	94	21
143	148	9	21
144	102	0	21
144	103	81	21
144	105	90	21
144	107	6	21
144	108	3	21
144	109	92	21
144	112	79	21
144	113	96	21
144	116	97	21
144	117	100	21
144	118	27	21
144	122	91	21
144	125	99	21
144	127	87	21
144	130	96	21
144	131	97	21
144	133	76	21
144	138	96	21
144	139	100	21
144	141	97	21
144	143	96	21
144	146	97	21
144	148	96	21
146	102	70	21
146	105	96	21
146	108	87	21
146	109	4	21
146	110	99	21
146	112	88	21
146	113	100	21
146	116	83	21
146	117	96	21
146	118	9	21
146	122	17	21
146	125	25	21
146	126	94	21
146	127	0	21
146	130	100	21
146	131	48	21
146	133	22	21
146	139	100	21
146	141	99	21
146	143	100	21
146	144	100	21
146	148	98	21
146	149	96	21
147	131	88	21
147	139	92	21
147	140	28	21
147	141	100	21
147	142	98	21
147	143	99	21
148	102	0	21
148	103	91	21
148	105	91	21
148	109	91	21
148	110	4	21
148	112	84	21
148	113	33	21
148	116	94	21
148	117	96	21
148	121	81	21
148	123	67	21
148	125	100	21
148	126	93	21
148	130	100	21
148	138	100	21
148	139	100	21
148	143	98	21
148	144	99	21
148	146	100	21
148	149	100	21
149	110	98	21
149	112	81	21
149	113	99	21
149	114	92	21
149	115	98	21
149	117	100	21
149	119	98	21
149	128	98	21
149	129	13	21
149	130	91	21
149	131	100	21
149	135	90	21
149	138	6	21
149	140	4	21
149	146	99	21
149	148	83	21
100	101	97	20
100	102	96	20
100	106	62	20
100	107	99	20
100	108	96	20
100	109	10	20
100	116	94	20
100	118	98	20
100	121	0	20
100	122	100	20
100	124	7	20
100	127	98	20
100	133	85	20
100	144	100	20
101	100	100	20
101	102	100	20
101	105	42	20
101	106	94	20
101	107	100	20
101	108	100	20
101	109	100	20
101	116	97	20
101	118	100	20
101	121	99	20
101	122	100	20
101	123	98	20
101	127	98	20
101	144	31	20
101	146	29	20
102	100	97	20
102	101	100	20
102	103	100	20
102	105	96	20
102	107	100	20
102	108	100	20
102	109	98	20
102	111	97	20
102	113	97	20
102	116	100	20
102	118	97	20
102	121	99	20
102	122	100	20
102	124	99	20
102	125	96	20
102	126	100	20
102	127	99	20
102	130	100	20
102	133	100	20
102	138	100	20
102	139	89	20
102	146	20	20
102	148	96	20
103	101	5	20
103	102	100	20
103	104	97	20
103	106	95	20
103	108	96	20
103	109	100	20
103	111	92	20
103	113	99	20
103	116	94	20
103	117	59	20
103	118	100	20
103	121	99	20
103	122	81	20
103	123	100	20
103	124	100	20
103	130	100	20
103	131	95	20
103	133	97	20
103	138	100	20
103	148	100	20
104	103	96	20
104	106	100	20
104	108	16	20
104	111	98	20
104	112	76	20
104	113	50	20
104	116	96	20
104	121	100	20
104	123	98	20
104	124	95	20
104	125	100	20
104	126	100	20
104	138	35	20
105	100	30	20
105	101	86	20
105	102	100	20
105	107	100	20
105	108	98	20
105	109	100	20
105	113	100	20
105	118	89	20
105	122	96	20
105	125	98	20
105	127	96	20
105	130	97	20
105	131	61	20
105	133	0	20
105	139	84	20
105	141	100	20
105	143	100	20
105	144	100	20
105	146	94	20
105	148	100	20
106	100	94	20
106	101	100	20
106	102	0	20
106	103	90	20
106	104	94	20
106	108	100	20
106	111	96	20
106	116	98	20
106	118	99	20
106	121	99	20
106	123	100	20
106	124	99	20
106	125	78	20
106	126	100	20
106	130	84	20
106	133	100	20
107	100	100	20
107	101	97	20
107	102	100	20
107	105	97	20
107	106	14	20
107	108	97	20
107	109	96	20
107	111	57	20
107	116	75	20
107	118	100	20
107	121	96	20
107	122	96	20
107	123	100	20
107	124	91	20
107	125	7	20
107	127	13	20
107	130	3	20
107	133	98	20
107	148	13	20
108	100	92	20
108	101	100	20
108	102	100	20
108	103	97	20
108	104	6	20
108	105	40	20
108	106	100	20
108	107	98	20
108	109	100	20
108	112	39	20
108	116	100	20
108	117	9	20
108	118	100	20
108	121	97	20
108	122	96	20
108	123	63	20
108	124	96	20
108	125	96	20
108	126	95	20
108	127	96	20
108	130	99	20
108	133	100	20
108	138	100	20
108	139	95	20
108	144	100	20
108	146	96	20
108	148	93	20
109	100	68	20
109	101	100	20
109	102	100	20
109	103	100	20
109	105	98	20
109	107	96	20
109	108	100	20
109	111	85	20
109	112	92	20
109	113	8	20
109	115	88	20
109	116	96	20
109	117	100	20
109	118	93	20
109	122	100	20
109	125	95	20
109	127	100	20
109	131	62	20
109	133	100	20
109	138	97	20
109	139	100	20
109	141	100	20
109	143	97	20
109	144	97	20
109	146	74	20
109	148	100	20
110	112	98	20
110	113	100	20
110	114	100	20
110	115	99	20
110	117	98	20
110	119	98	20
110	120	100	20
110	125	99	20
110	128	93	20
110	130	100	20
110	131	100	20
110	135	97	20
110	137	100	20
110	138	94	20
110	146	97	20
110	149	100	20
111	102	100	20
111	103	100	20
111	104	93	20
111	106	97	20
111	107	86	20
111	109	1	20
111	113	95	20
111	116	96	20
111	117	15	20
111	118	40	20
111	121	99	20
111	123	97	20
111	124	76	20
111	125	1	20
111	126	97	20
111	130	96	20
111	133	99	20
111	138	98	20
111	144	100	20
111	148	7	20
112	104	97	20
112	108	33	20
112	109	96	20
112	110	95	20
112	113	100	20
112	114	100	20
112	115	96	20
112	116	91	20
112	117	100	20
112	118	42	20
112	119	99	20
112	125	100	20
112	126	99	20
112	130	100	20
112	131	98	20
112	135	96	20
112	137	96	20
112	138	91	20
112	139	100	20
112	143	97	20
112	144	2	20
112	146	99	20
112	148	91	20
112	149	100	20
113	102	97	20
113	103	91	20
113	104	30	20
113	105	86	20
113	110	98	20
113	111	76	20
113	112	98	20
113	114	49	20
113	115	99	20
113	116	99	20
113	117	100	20
113	118	19	20
113	119	92	20
113	121	7	20
113	125	93	20
113	126	97	20
113	127	57	20
113	130	100	20
113	131	97	20
113	133	97	20
113	137	6	20
113	138	95	20
113	139	100	20
113	143	89	20
113	144	96	20
113	146	100	20
113	148	93	20
113	149	98	20
114	110	100	20
114	112	97	20
114	113	80	20
114	115	98	20
114	117	100	20
114	119	97	20
114	120	100	20
114	125	0	20
114	128	96	20
114	130	100	20
114	131	72	20
114	135	100	20
114	136	95	20
114	137	100	20
115	110	97	20
115	112	99	20
115	113	95	20
115	114	96	20
115	117	100	20
115	119	98	20
115	125	97	20
115	130	100	20
115	131	95	20
115	135	99	20
115	136	20	20
115	137	100	20
115	138	59	20
115	139	34	20
115	144	0	20
115	149	92	20
116	100	97	20
116	101	96	20
116	102	100	20
116	103	98	20
116	104	90	20
116	106	100	20
116	107	71	20
116	108	98	20
116	109	96	20
116	111	100	20
116	112	93	20
116	113	98	20
116	117	100	20
116	118	100	20
116	121	100	20
116	122	95	20
116	123	27	20
116	124	72	20
116	125	100	20
116	126	89	20
116	130	97	20
116	133	100	20
116	138	100	20
116	144	100	20
116	146	19	20
116	148	100	20
117	103	89	20
117	108	4	20
117	109	30	20
117	110	100	20
117	111	0	20
117	112	100	20
117	113	100	20
117	114	100	20
117	115	98	20
117	116	98	20
117	118	94	20
117	119	98	20
117	120	6	20
117	125	94	20
117	126	100	20
117	130	99	20
117	131	93	20
117	133	96	20
117	137	61	20
117	138	100	20
117	143	0	20
117	144	98	20
117	146	99	20
117	148	100	20
117	149	97	20
118	100	98	20
118	101	100	20
118	102	100	20
118	103	92	20
118	104	0	20
118	105	94	20
118	106	87	20
118	107	98	20
118	108	100	20
118	111	12	20
118	112	0	20
118	116	100	20
118	117	98	20
118	121	100	20
118	122	60	20
118	123	97	20
118	124	99	20
118	125	98	20
118	126	0	20
118	127	100	20
118	130	91	20
118	131	90	20
118	133	98	20
118	144	100	20
118	148	100	20
119	110	100	20
119	112	97	20
119	113	95	20
119	114	99	20
119	115	100	20
119	117	100	20
119	120	96	20
119	125	96	20
119	128	100	20
119	131	97	20
119	135	96	20
119	136	91	20
119	137	98	20
119	144	94	20
119	148	97	20
119	149	96	20
120	110	100	20
120	114	99	20
120	117	16	20
120	119	98	20
120	128	96	20
120	129	98	20
120	135	61	20
120	136	95	20
120	142	56	20
121	100	87	20
121	101	98	20
121	102	96	20
121	103	100	20
121	104	98	20
121	106	100	20
121	107	96	20
121	108	100	20
121	111	98	20
121	113	45	20
121	116	100	20
121	118	100	20
121	122	100	20
121	123	92	20
121	124	98	20
121	126	99	20
121	127	0	20
121	130	95	20
121	133	95	20
121	138	99	20
122	100	96	20
122	101	100	20
122	102	97	20
122	103	87	20
122	105	97	20
122	107	96	20
122	108	100	20
122	109	100	20
122	116	100	20
122	117	69	20
122	118	95	20
122	121	97	20
122	123	32	20
122	125	100	20
122	127	100	20
122	131	6	20
122	133	60	20
122	139	51	20
122	143	95	20
122	144	99	20
122	146	99	20
123	101	92	20
123	103	99	20
123	104	96	20
123	106	100	20
123	107	98	20
123	108	90	20
123	111	97	20
123	116	48	20
123	118	96	20
123	121	97	20
123	124	96	20
123	125	99	20
123	126	94	20
123	130	73	20
123	138	100	20
123	148	96	20
124	102	98	20
124	103	100	20
124	104	34	20
124	106	97	20
124	107	94	20
124	108	91	20
124	111	94	20
124	116	100	20
124	118	100	20
124	121	97	20
124	123	96	20
124	125	20	20
124	126	100	20
124	133	98	20
124	138	78	20
125	102	100	20
125	104	100	20
125	105	73	20
125	106	24	20
125	108	64	20
125	109	99	20
125	110	99	20
125	112	100	20
125	113	99	20
125	114	18	20
125	115	100	20
125	116	100	20
125	117	99	20
125	118	92	20
125	119	14	20
125	123	100	20
125	124	15	20
125	126	98	20
125	130	100	20
125	131	100	20
125	133	100	20
125	138	96	20
125	139	98	20
125	144	98	20
125	146	100	20
125	148	94	20
126	102	100	20
126	104	100	20
126	106	96	20
126	108	100	20
126	111	100	20
126	112	100	20
126	113	100	20
126	116	94	20
126	117	96	20
126	121	100	20
126	123	97	20
126	124	100	20
126	125	97	20
126	130	100	20
126	138	92	20
126	146	96	20
126	148	99	20
127	100	100	20
127	101	99	20
127	102	100	20
127	105	98	20
127	107	98	20
127	108	100	20
127	109	95	20
127	112	5	20
127	113	97	20
127	116	5	20
127	118	100	20
127	121	12	20
127	122	100	20
127	125	77	20
127	133	100	20
127	138	21	20
127	139	96	20
127	143	53	20
127	144	98	20
128	110	99	20
128	114	100	20
128	119	98	20
128	120	96	20
128	129	98	20
128	131	98	20
128	135	8	20
128	136	25	20
128	142	99	20
128	149	100	20
129	114	95	20
129	120	100	20
129	128	100	20
129	131	8	20
129	136	98	20
129	139	61	20
129	140	97	20
129	141	95	20
129	142	100	20
129	143	22	20
129	147	67	20
130	102	98	20
130	103	93	20
130	105	53	20
130	106	42	20
130	107	3	20
130	108	100	20
130	110	99	20
130	111	94	20
130	112	97	20
130	113	100	20
130	114	83	20
130	115	100	20
130	116	97	20
130	117	100	20
130	118	44	20
130	121	95	20
130	123	28	20
130	125	100	20
130	126	96	20
130	131	100	20
130	133	96	20
130	135	31	20
130	138	97	20
130	139	100	20
130	144	100	20
130	146	99	20
130	148	98	20
130	149	98	20
131	103	87	20
131	110	100	20
131	112	100	20
131	113	100	20
131	114	96	20
131	115	95	20
131	117	100	20
131	118	73	20
131	119	98	20
131	125	94	20
131	128	95	20
131	130	100	20
131	133	63	20
131	135	100	20
131	138	12	20
131	139	95	20
131	140	93	20
131	141	98	20
131	143	17	20
131	144	6	20
131	146	4	20
131	147	100	20
131	149	100	20
132	114	98	20
132	115	100	20
132	119	100	20
132	120	100	20
132	128	100	20
132	129	98	20
132	135	99	20
132	136	98	20
132	137	99	20
132	142	8	20
132	149	92	20
133	100	92	20
133	101	37	20
133	102	97	20
133	103	100	20
133	104	8	20
133	106	100	20
133	107	83	20
133	108	97	20
133	109	95	20
133	111	97	20
133	113	96	20
133	116	100	20
133	117	94	20
133	118	97	20
133	121	100	20
133	124	97	20
133	125	99	20
133	127	100	20
133	130	98	20
133	131	100	20
133	138	97	20
133	144	97	20
133	146	98	20
133	148	97	20
135	110	96	20
135	112	99	20
135	114	96	20
135	115	95	20
135	119	100	20
135	120	13	20
135	130	83	20
135	131	96	20
135	136	100	20
135	137	100	20
135	149	4	20
136	114	100	20
136	115	11	20
136	119	100	20
136	120	97	20
136	128	13	20
136	129	98	20
136	135	97	20
136	137	100	20
137	110	96	20
137	112	94	20
137	113	73	20
137	114	94	20
137	115	100	20
137	117	42	20
137	119	97	20
137	135	100	20
137	136	100	20
138	102	100	20
138	103	100	20
138	105	0	20
138	106	4	20
138	108	93	20
138	109	88	20
138	110	89	20
138	111	100	20
138	112	99	20
138	113	95	20
138	115	16	20
138	116	95	20
138	117	100	20
138	121	100	20
138	123	97	20
138	124	60	20
138	125	99	20
138	126	98	20
138	130	100	20
138	131	0	20
138	133	99	20
138	144	99	20
138	146	5	20
138	148	98	20
138	149	91	20
139	102	65	20
139	105	9	20
139	108	87	20
139	109	98	20
139	112	100	20
139	113	100	20
139	114	8	20
139	115	90	20
139	116	53	20
139	125	94	20
139	127	95	20
139	129	37	20
139	130	97	20
139	131	99	20
139	140	100	20
139	141	100	20
139	142	100	20
139	143	100	20
139	144	98	20
139	146	98	20
139	147	98	20
139	148	100	20
139	149	96	20
140	129	91	20
140	131	94	20
140	139	95	20
140	141	94	20
140	142	100	20
140	143	99	20
140	147	96	20
140	149	100	20
141	105	84	20
141	109	100	20
141	113	20	20
141	119	9	20
141	129	95	20
141	131	99	20
141	139	100	20
141	140	100	20
141	142	100	20
141	143	100	20
141	144	100	20
141	146	100	20
141	147	97	20
141	148	99	20
141	149	97	20
142	114	0	20
142	120	70	20
142	128	100	20
142	129	100	20
142	139	100	20
142	140	100	20
142	141	99	20
142	143	100	20
142	146	29	20
142	147	100	20
143	105	98	20
143	109	94	20
143	112	97	20
143	113	93	20
143	117	0	20
143	122	93	20
143	129	94	20
143	130	9	20
143	131	50	20
143	139	100	20
143	140	100	20
143	141	96	20
143	142	98	20
143	144	100	20
143	146	99	20
143	147	100	20
143	148	100	20
144	100	98	20
144	101	38	20
144	102	26	20
144	105	100	20
144	108	94	20
144	109	100	20
144	111	88	20
144	113	100	20
144	116	98	20
144	117	92	20
144	118	93	20
144	119	0	20
144	122	94	20
144	125	100	20
144	126	6	20
144	127	98	20
144	130	93	20
144	133	92	20
144	138	96	20
144	139	100	20
144	141	98	20
144	143	100	20
144	146	97	20
144	148	94	20
144	149	62	20
146	101	67	20
146	102	84	20
146	105	97	20
146	108	100	20
146	109	73	20
146	110	100	20
146	112	100	20
146	113	100	20
146	116	35	20
146	117	94	20
146	122	49	20
146	125	100	20
146	126	95	20
146	130	100	20
146	138	57	20
146	139	98	20
146	141	97	20
146	142	30	20
146	143	96	20
146	144	100	20
146	148	98	20
146	149	100	20
147	131	88	20
147	139	97	20
147	140	100	20
147	141	100	20
147	142	100	20
147	143	97	20
148	102	100	20
148	103	99	20
148	105	93	20
148	107	2	20
148	108	84	20
148	109	98	20
148	112	48	20
148	113	100	20
148	116	100	20
148	117	99	20
148	118	91	20
148	119	85	20
148	123	100	20
148	125	96	20
148	126	97	20
148	130	100	20
148	133	91	20
148	138	95	20
148	139	98	20
148	140	5	20
148	141	33	20
148	143	100	20
148	144	100	20
148	146	100	20
148	149	99	20
149	110	94	20
149	112	97	20
149	113	97	20
149	115	100	20
149	117	100	20
149	119	98	20
149	128	100	20
149	130	100	20
149	131	100	20
149	135	61	20
149	138	95	20
149	139	98	20
149	140	97	20
149	141	100	20
149	144	64	20
149	146	100	20
149	148	92	20
100	101	94	15
100	102	12	15
100	105	63	15
100	107	88	15
100	109	73	15
100	118	87	15
100	121	84	15
100	122	94	15
100	124	3	15
100	127	95	15
100	133	0	15
101	100	95	15
101	102	90	15
101	103	95	15
101	105	94	15
101	106	74	15
101	107	99	15
101	108	88	15
101	109	94	15
101	116	87	15
101	118	73	15
101	121	50	15
101	122	95	15
101	123	85	15
101	124	59	15
101	127	98	15
101	133	13	15
101	144	79	15
102	100	4	15
102	101	86	15
102	103	78	15
102	105	85	15
102	107	93	15
102	108	100	15
102	109	84	15
102	112	91	15
102	113	95	15
102	116	84	15
102	117	97	15
102	118	92	15
102	122	88	15
102	125	90	15
102	127	78	15
102	130	89	15
102	131	7	15
102	133	89	15
102	138	86	15
102	139	92	15
102	144	95	15
102	146	97	15
102	148	26	15
103	100	6	15
103	101	76	15
103	102	12	15
103	104	75	15
103	106	80	15
103	108	100	15
103	109	89	15
103	111	91	15
103	113	42	15
103	116	84	15
103	118	78	15
103	121	84	15
103	123	77	15
103	124	81	15
103	125	95	15
103	126	96	15
103	127	71	15
103	130	88	15
103	131	95	15
103	133	85	15
103	138	91	15
103	144	80	15
103	148	86	15
104	103	80	15
104	106	90	15
104	111	94	15
104	116	57	15
104	118	77	15
104	121	92	15
104	123	96	15
104	125	99	15
104	126	95	15
104	138	97	15
105	100	67	15
105	101	92	15
105	102	93	15
105	107	22	15
105	108	74	15
105	109	97	15
105	113	97	15
105	116	77	15
105	118	61	15
105	121	8	15
105	122	95	15
105	126	30	15
105	127	100	15
105	133	70	15
105	138	18	15
105	139	6	15
105	141	8	15
105	143	69	15
105	144	92	15
105	146	88	15
105	148	69	15
106	101	84	15
106	103	88	15
106	104	100	15
106	107	12	15
106	108	82	15
106	111	100	15
106	116	78	15
106	117	20	15
106	118	92	15
106	121	93	15
106	123	98	15
106	124	86	15
106	126	86	15
106	133	28	15
106	138	94	15
107	100	95	15
107	101	92	15
107	102	98	15
107	105	2	15
107	108	77	15
107	109	98	15
107	111	12	15
107	116	6	15
107	118	93	15
107	121	90	15
107	122	96	15
107	124	84	15
107	127	96	15
107	133	82	15
107	144	91	15
108	100	0	15
108	101	96	15
108	102	93	15
108	103	94	15
108	105	98	15
108	106	92	15
108	107	83	15
108	109	99	15
108	111	79	15
108	112	65	15
108	113	56	15
108	116	94	15
108	117	19	15
108	118	98	15
108	121	87	15
108	122	100	15
108	124	1	15
108	125	83	15
108	126	59	15
108	127	79	15
108	130	60	15
108	133	88	15
108	138	36	15
108	139	5	15
108	144	100	15
108	146	94	15
108	148	92	15
109	100	87	15
109	101	89	15
109	102	91	15
109	103	73	15
109	105	94	15
109	107	81	15
109	108	88	15
109	113	99	15
109	116	93	15
109	117	76	15
109	118	13	15
109	122	95	15
109	125	87	15
109	127	100	15
109	130	84	15
109	133	83	15
109	138	77	15
109	139	90	15
109	143	96	15
109	144	100	15
109	146	100	15
109	147	0	15
109	148	5	15
110	112	100	15
110	113	96	15
110	114	92	15
110	115	95	15
110	117	97	15
110	119	96	15
110	125	91	15
110	128	94	15
110	130	84	15
110	131	88	15
110	135	98	15
110	137	100	15
110	146	37	15
110	149	100	15
111	103	85	15
111	104	98	15
111	106	91	15
111	107	57	15
111	108	55	15
111	113	86	15
111	116	91	15
111	118	73	15
111	121	91	15
111	123	100	15
111	124	93	15
111	125	89	15
111	126	96	15
111	130	64	15
111	138	100	15
111	144	36	15
111	148	94	15
112	102	82	15
112	108	74	15
112	109	16	15
112	110	100	15
112	113	99	15
112	114	4	15
112	115	100	15
112	116	86	15
112	117	100	15
112	125	84	15
112	126	63	15
112	130	100	15
112	131	100	15
112	133	53	15
112	135	100	15
112	138	92	15
112	139	30	15
112	143	80	15
112	144	92	15
112	146	3	15
112	148	100	15
113	102	82	15
113	105	90	15
113	108	55	15
113	109	96	15
113	110	92	15
113	111	33	15
113	112	100	15
113	116	63	15
113	117	97	15
113	118	60	15
113	121	18	15
113	125	100	15
113	126	75	15
113	127	69	15
113	130	100	15
113	131	89	15
113	133	1	15
113	138	91	15
113	139	86	15
113	143	69	15
113	144	43	15
113	146	99	15
113	148	91	15
113	149	87	15
114	110	95	15
114	113	18	15
114	115	97	15
114	117	98	15
114	119	94	15
114	120	97	15
114	128	100	15
114	130	94	15
114	131	99	15
114	135	98	15
114	136	100	15
114	137	94	15
114	139	13	15
114	148	0	15
114	149	99	15
115	110	98	15
115	112	100	15
115	114	98	15
115	117	96	15
115	119	100	15
115	125	98	15
115	130	97	15
115	131	94	15
115	135	100	15
115	144	86	15
115	146	90	15
115	149	100	15
116	101	77	15
116	102	90	15
116	103	97	15
116	104	61	15
116	105	96	15
116	106	55	15
116	107	74	15
116	108	90	15
116	109	90	15
116	111	50	15
116	112	98	15
116	113	87	15
116	117	100	15
116	118	77	15
116	121	55	15
116	122	91	15
116	123	80	15
116	124	86	15
116	125	95	15
116	126	85	15
116	127	47	15
116	130	96	15
116	131	87	15
116	133	99	15
116	138	100	15
116	139	93	15
116	144	91	15
116	146	85	15
116	148	100	15
117	102	85	15
117	108	41	15
117	109	80	15
117	110	93	15
117	112	96	15
117	113	98	15
117	114	99	15
117	115	96	15
117	116	80	15
117	119	98	15
117	121	61	15
117	122	19	15
117	125	100	15
117	126	7	15
117	128	2	15
117	130	96	15
117	131	94	15
117	133	81	15
117	138	97	15
117	139	20	15
117	144	53	15
117	146	97	15
117	148	96	15
117	149	100	15
118	100	85	15
118	101	87	15
118	102	88	15
118	103	81	15
118	104	71	15
118	106	80	15
118	107	100	15
118	108	95	15
118	109	0	15
118	111	61	15
118	113	72	15
118	116	87	15
118	121	94	15
118	122	99	15
118	123	10	15
118	124	81	15
118	125	100	15
118	126	63	15
118	127	90	15
118	131	9	15
118	133	98	15
118	146	22	15
118	148	85	15
119	110	100	15
119	114	94	15
119	115	99	15
119	117	98	15
119	120	51	15
119	125	98	15
119	128	92	15
119	129	68	15
119	130	90	15
119	135	93	15
119	136	93	15
119	137	95	15
119	139	30	15
119	144	4	15
119	148	7	15
119	149	94	15
120	114	32	15
120	119	77	15
120	128	2	15
120	129	61	15
120	135	10	15
120	136	97	15
120	142	8	15
121	100	82	15
121	101	18	15
121	103	100	15
121	104	97	15
121	106	88	15
121	107	90	15
121	108	100	15
121	111	80	15
121	113	14	15
121	116	73	15
121	117	27	15
121	118	84	15
121	122	94	15
121	123	94	15
121	124	99	15
121	125	61	15
121	126	94	15
121	133	82	15
121	138	96	15
122	100	96	15
122	101	100	15
122	102	89	15
122	105	97	15
122	107	89	15
122	108	100	15
122	109	98	15
122	113	3	15
122	116	90	15
122	117	48	15
122	118	81	15
122	121	87	15
122	127	94	15
122	130	12	15
122	133	89	15
122	138	29	15
122	139	3	15
122	143	86	15
122	144	100	15
122	148	9	15
123	101	83	15
123	103	86	15
123	104	100	15
123	106	96	15
123	107	15	15
123	111	100	15
123	116	88	15
123	118	27	15
123	121	79	15
123	124	85	15
123	125	8	15
123	126	96	15
123	138	90	15
123	148	81	15
124	100	2	15
124	101	75	15
124	103	74	15
124	106	99	15
124	107	72	15
124	111	91	15
124	116	3	15
124	118	85	15
124	121	96	15
124	123	93	15
124	126	36	15
124	133	67	15
125	102	80	15
125	103	92	15
125	104	93	15
125	108	84	15
125	109	53	15
125	110	97	15
125	111	86	15
125	112	47	15
125	113	96	15
125	115	100	15
125	116	87	15
125	117	100	15
125	118	84	15
125	119	94	15
125	123	0	15
125	126	95	15
125	127	25	15
125	130	100	15
125	131	91	15
125	133	92	15
125	138	100	15
125	144	94	15
125	146	100	15
125	148	97	15
125	149	62	15
126	103	91	15
126	104	94	15
126	106	90	15
126	111	95	15
126	112	14	15
126	113	94	15
126	116	95	15
126	118	35	15
126	121	90	15
126	123	95	15
126	125	98	15
126	130	73	15
126	138	100	15
126	144	93	15
126	146	94	15
127	100	98	15
127	101	99	15
127	102	100	15
127	103	84	15
127	105	100	15
127	107	94	15
127	109	100	15
127	113	80	15
127	116	3	15
127	118	81	15
127	122	100	15
127	125	89	15
127	133	86	15
127	143	54	15
127	144	97	15
127	148	96	15
128	110	97	15
128	113	8	15
128	114	100	15
128	117	4	15
128	119	96	15
128	129	96	15
128	131	92	15
128	135	99	15
128	136	90	15
128	141	0	15
128	142	97	15
128	149	97	15
129	119	94	15
129	120	13	15
129	128	99	15
129	131	25	15
129	136	100	15
129	140	23	15
129	141	86	15
129	142	88	15
129	143	3	15
129	147	12	15
129	149	93	15
130	102	85	15
130	103	90	15
130	105	24	15
130	108	37	15
130	109	97	15
130	110	100	15
130	111	67	15
130	112	98	15
130	113	100	15
130	114	97	15
130	115	100	15
130	116	90	15
130	117	100	15
130	119	100	15
130	125	94	15
130	126	87	15
130	131	99	15
130	133	83	15
130	138	96	15
130	139	100	15
130	141	12	15
130	146	100	15
130	148	94	15
130	149	93	15
131	103	83	15
131	110	96	15
131	112	98	15
131	113	96	15
131	114	91	15
131	115	98	15
131	116	79	15
131	117	100	15
131	125	100	15
131	128	90	15
131	129	21	15
131	130	100	15
131	139	95	15
131	140	88	15
131	141	99	15
131	142	83	15
131	143	84	15
131	147	91	15
131	149	95	15
132	110	76	15
132	114	95	15
132	115	4	15
132	119	100	15
132	120	100	15
132	128	96	15
132	135	93	15
132	136	100	15
132	142	5	15
132	149	65	15
133	100	74	15
133	101	83	15
133	102	100	15
133	103	85	15
133	105	97	15
133	106	5	15
133	107	73	15
133	108	94	15
133	109	93	15
133	111	22	15
133	112	1	15
133	113	33	15
133	116	99	15
133	117	100	15
133	118	100	15
133	121	92	15
133	122	98	15
133	123	24	15
133	124	79	15
133	125	92	15
133	127	86	15
133	130	99	15
133	138	2	15
133	139	68	15
133	144	96	15
133	146	20	15
133	148	91	15
135	110	97	15
135	112	99	15
135	114	99	15
135	115	100	15
135	119	100	15
135	128	96	15
135	136	95	15
135	137	98	15
136	114	98	15
136	119	100	15
136	120	96	15
136	128	97	15
136	129	100	15
136	135	97	15
136	142	7	15
137	110	99	15
137	112	31	15
137	114	95	15
137	115	42	15
137	117	87	15
137	119	100	15
137	120	27	15
137	135	100	15
137	136	87	15
137	149	41	15
138	102	82	15
138	103	92	15
138	104	82	15
138	105	1	15
138	106	81	15
138	109	15	15
138	111	89	15
138	112	98	15
138	113	99	15
138	116	86	15
138	117	94	15
138	121	82	15
138	123	84	15
138	125	100	15
138	126	100	15
138	130	96	15
138	133	20	15
138	139	17	15
138	144	66	15
138	146	2	15
138	148	84	15
138	149	95	15
139	102	78	15
139	109	82	15
139	112	83	15
139	113	94	15
139	114	0	15
139	116	81	15
139	117	53	15
139	119	16	15
139	122	0	15
139	130	87	15
139	131	95	15
139	133	46	15
139	138	69	15
139	140	73	15
139	141	100	15
139	142	78	15
139	143	96	15
139	144	98	15
139	146	100	15
139	147	67	15
139	148	97	15
139	149	94	15
140	129	11	15
140	131	98	15
140	139	79	15
140	141	94	15
140	142	98	15
140	143	94	15
140	147	70	15
140	149	0	15
141	109	23	15
141	112	88	15
141	128	64	15
141	129	85	15
141	130	84	15
141	131	98	15
141	139	98	15
141	140	96	15
141	142	92	15
141	143	84	15
141	144	92	15
141	146	97	15
141	147	82	15
141	148	99	15
141	149	65	15
142	128	95	15
142	129	50	15
142	131	87	15
142	136	17	15
142	139	90	15
142	140	89	15
142	141	98	15
142	143	92	15
142	147	99	15
143	105	94	15
143	109	96	15
143	112	98	15
143	113	86	15
143	122	83	15
143	125	25	15
143	127	51	15
143	129	11	15
143	131	100	15
143	139	99	15
143	140	100	15
143	141	28	15
143	142	87	15
143	144	93	15
143	146	67	15
143	147	89	15
143	149	88	15
144	101	79	15
144	102	81	15
144	103	52	15
144	105	95	15
144	107	83	15
144	108	78	15
144	109	97	15
144	110	0	15
144	112	85	15
144	113	94	15
144	115	81	15
144	116	72	15
144	117	12	15
144	118	1	15
144	122	96	15
144	125	98	15
144	126	84	15
144	127	93	15
144	131	52	15
144	133	68	15
144	138	78	15
144	139	91	15
144	141	84	15
144	143	85	15
144	146	100	15
144	148	100	15
144	149	89	15
146	101	10	15
146	102	87	15
146	103	5	15
146	105	72	15
146	107	44	15
146	108	98	15
146	109	92	15
146	110	94	15
146	111	44	15
146	113	95	15
146	115	94	15
146	116	77	15
146	117	96	15
146	118	79	15
146	121	12	15
146	125	98	15
146	126	83	15
146	130	98	15
146	131	92	15
146	133	63	15
146	138	92	15
146	139	94	15
146	141	97	15
146	142	8	15
146	143	90	15
146	144	100	15
146	147	8	15
146	148	96	15
146	149	96	15
147	128	43	15
147	129	16	15
147	131	64	15
147	139	84	15
147	140	69	15
147	141	71	15
147	142	98	15
147	143	95	15
148	103	91	15
148	105	43	15
148	108	88	15
148	109	22	15
148	111	89	15
148	112	99	15
148	113	96	15
148	114	24	15
148	115	8	15
148	116	86	15
148	117	100	15
148	118	83	15
148	119	14	15
148	123	82	15
148	125	100	15
148	127	87	15
148	130	97	15
148	131	7	15
148	133	93	15
148	138	98	15
148	139	98	15
148	141	91	15
148	143	4	15
148	144	98	15
148	146	100	15
148	149	96	15
149	110	98	15
149	113	85	15
149	114	99	15
149	115	93	15
149	117	94	15
149	119	96	15
149	125	48	15
149	128	100	15
149	129	28	15
149	130	98	15
149	131	100	15
149	138	85	15
149	139	89	15
149	144	87	15
149	146	90	15
149	147	7	15
149	148	87	15
