100	101	89	26
100	102	92	26
100	105	93	26
100	106	53	26
100	107	93	26
100	108	100	26
100	109	97	26
100	118	94	26
100	122	91	26
100	127	97	26
100	133	63	26
101	100	97	26
101	102	97	26
101	105	92	26
101	106	88	26
101	107	96	26
101	108	97	26
101	109	100	26
101	116	100	26
101	121	88	26
101	122	95	26
101	127	100	26
101	133	92	26
101	148	9	26
102	100	98	26
102	101	86	26
102	103	93	26
102	105	96	26
102	107	96	26
102	108	91	26
102	109	100	26
102	112	99	26
102	113	100	26
102	115	0	26
102	116	96	26
102	118	99	26
102	122	100	26
102	125	21	26
102	126	88	26
102	127	100	26
102	133	98	26
102	138	93	26
102	139	87	26
102	144	92	26
102	146	63	26
102	148	97	26
103	102	90	26
103	104	95	26
103	106	92	26
103	107	86	26
103	108	94	26
103	111	100	26
103	113	99	26
103	116	99	26
103	117	11	26
103	118	100	26
103	121	98	26
103	123	95	26
103	124	96	26
103	125	99	26
103	126	100	26
103	130	97	26
103	131	100	26
103	133	87	26
103	138	96	26
103	146	48	26
103	148	97	26
104	103	90	26
104	106	89	26
104	108	18	26
104	111	92	26
104	112	79	26
104	118	82	26
104	121	89	26
104	123	96	26
104	124	91	26
104	126	100	26
104	138	98	26
105	100	100	26
105	101	96	26
105	102	100	26
105	108	99	26
105	109	96	26
105	113	96	26
105	116	21	26
105	118	97	26
105	122	97	26
105	127	98	26
105	130	93	26
105	133	75	26
105	138	14	26
105	139	95	26
105	141	91	26
105	143	96	26
105	144	98	26
105	146	100	26
106	100	0	26
106	101	5	26
106	103	91	26
106	104	100	26
106	108	54	26
106	109	1	26
106	111	100	26
106	116	0	26
106	118	93	26
106	121	94	26
106	122	13	26
106	123	98	26
106	124	99	26
106	125	84	26
106	126	96	26
106	133	96	26
106	138	96	26
107	100	95	26
107	101	96	26
107	102	96	26
107	103	98	26
107	108	100	26
107	109	84	26
107	116	90	26
107	118	94	26
107	121	96	26
107	122	97	26
107	124	94	26
107	125	0	26
107	127	95	26
107	144	93	26
108	100	98	26
108	101	100	26
108	102	91	26
108	103	96	26
108	104	70	26
108	105	97	26
108	106	90	26
108	107	98	26
108	109	97	26
108	111	25	26
108	113	5	26
108	116	98	26
108	117	61	26
108	118	100	26
108	121	91	26
108	122	100	26
108	123	100	26
108	125	83	26
108	127	100	26
108	130	2	26
108	133	98	26
108	138	96	26
108	139	92	26
108	144	96	26
108	148	93	26
109	100	99	26
109	101	94	26
109	102	97	26
109	105	97	26
109	106	68	26
109	107	91	26
109	108	100	26
109	112	98	26
109	116	94	26
109	117	99	26
109	122	100	26
109	125	100	26
109	126	95	26
109	127	100	26
109	130	100	26
109	131	51	26
109	133	94	26
109	138	100	26
109	139	35	26
109	143	72	26
109	144	96	26
109	147	7	26
109	148	95	26
110	112	96	26
110	113	100	26
110	114	97	26
110	115	100	26
110	119	100	26
110	125	95	26
110	128	100	26
110	130	99	26
110	131	99	26
110	135	100	26
110	136	1	26
110	137	98	26
110	139	15	26
110	146	98	26
110	149	100	26
111	103	100	26
111	104	100	26
111	106	100	26
111	113	98	26
111	116	91	26
111	117	93	26
111	118	88	26
111	121	97	26
111	123	95	26
111	124	96	26
111	125	53	26
111	126	97	26
111	133	100	26
111	138	100	26
111	148	87	26
112	102	97	26
112	104	45	26
112	109	90	26
112	110	98	26
112	113	100	26
112	115	95	26
112	116	93	26
112	117	96	26
112	119	93	26
112	125	100	26
112	128	96	26
112	130	98	26
112	131	100	26
112	133	91	26
112	138	97	26
112	139	14	26
112	144	7	26
112	146	62	26
112	148	98	26
112	149	98	26
113	102	94	26
113	103	99	26
113	105	22	26
113	110	97	26
113	111	83	26
113	112	99	26
113	115	100	26
113	116	97	26
113	117	96	26
113	118	96	26
113	119	97	26
113	121	93	26
113	122	98	26
113	125	100	26
113	130	97	26
113	131	98	26
113	133	89	26
113	138	98	26
113	139	100	26
113	143	10	26
113	144	100	26
113	146	98	26
113	148	94	26
113	149	100	26
114	110	100	26
114	115	24	26
114	117	40	26
114	119	99	26
114	120	100	26
114	125	57	26
114	128	100	26
114	129	30	26
114	130	35	26
114	135	92	26
114	136	100	26
114	137	100	26
114	146	17	26
115	110	98	26
115	112	30	26
115	113	100	26
115	114	6	26
115	117	94	26
115	119	98	26
115	125	100	26
115	128	1	26
115	130	97	26
115	131	96	26
115	138	95	26
115	141	11	26
115	146	95	26
115	149	97	26
116	101	94	26
116	102	99	26
116	103	92	26
116	104	0	26
116	107	82	26
116	108	99	26
116	109	99	26
116	111	100	26
116	112	91	26
116	113	97	26
116	115	4	26
116	117	98	26
116	118	96	26
116	122	97	26
116	123	76	26
116	125	100	26
116	126	89	26
116	127	90	26
116	130	97	26
116	133	82	26
116	138	100	26
116	139	95	26
116	144	100	26
116	146	91	26
116	148	99	26
116	149	21	26
117	108	46	26
117	109	93	26
117	110	8	26
117	111	94	26
117	112	100	26
117	113	100	26
117	115	100	26
117	116	94	26
117	118	10	26
117	119	100	26
117	120	7	26
117	125	100	26
117	126	87	26
117	130	99	26
117	131	92	26
117	133	93	26
117	135	75	26
117	137	98	26
117	138	100	26
117	139	30	26
117	144	100	26
117	146	94	26
117	148	96	26
117	149	94	26
118	100	97	26
118	102	100	26
118	103	94	26
118	104	97	26
118	105	8	26
118	106	91	26
118	107	91	26
118	108	95	26
118	111	100	26
118	112	3	26
118	113	100	26
118	116	100	26
118	117	10	26
118	121	92	26
118	122	99	26
118	123	100	26
118	124	94	26
118	125	98	26
118	126	84	26
118	127	16	26
118	130	99	26
118	131	0	26
118	133	94	26
118	138	98	26
118	144	100	26
118	146	96	26
119	110	96	26
119	112	100	26
119	113	93	26
119	114	93	26
119	115	100	26
119	117	91	26
119	120	100	26
119	128	93	26
119	129	100	26
119	130	49	26
119	131	100	26
119	135	100	26
119	136	96	26
119	137	100	26
119	139	0	26
119	144	26	26
119	146	99	26
119	148	100	26
119	149	96	26
120	114	93	26
120	119	86	26
120	128	95	26
120	129	96	26
120	135	100	26
120	136	100	26
120	142	94	26
121	101	94	26
121	103	100	26
121	104	98	26
121	106	99	26
121	107	99	26
121	108	92	26
121	111	97	26
121	113	95	26
121	118	94	26
121	123	93	26
121	124	97	26
121	125	8	26
121	126	98	26
121	133	92	26
121	138	100	26
121	148	4	26
122	100	100	26
122	101	100	26
122	102	100	26
122	105	100	26
122	106	88	26
122	107	99	26
122	108	97	26
122	109	100	26
122	113	98	26
122	116	100	26
122	117	86	26
122	118	97	26
122	121	6	26
122	123	88	26
122	124	99	26
122	125	100	26
122	127	95	26
122	130	0	26
122	133	100	26
122	139	48	26
122	143	92	26
122	144	96	26
122	148	92	26
123	103	96	26
123	104	98	26
123	106	97	26
123	108	100	26
123	111	97	26
123	112	7	26
123	116	54	26
123	118	91	26
123	121	100	26
123	122	0	26
123	124	96	26
123	126	100	26
123	130	45	26
123	133	35	26
123	138	99	26
123	148	57	26
124	103	96	26
124	104	95	26
124	106	99	26
124	107	95	26
124	111	97	26
124	118	94	26
124	121	100	26
124	123	98	26
124	126	73	26
124	138	28	26
125	102	55	26
125	103	100	26
125	106	22	26
125	108	86	26
125	109	100	26
125	110	99	26
125	111	47	26
125	112	97	26
125	113	97	26
125	114	4	26
125	115	98	26
125	116	96	26
125	117	100	26
125	118	89	26
125	121	17	26
125	122	67	26
125	126	96	26
125	127	5	26
125	130	100	26
125	131	100	26
125	133	98	26
125	138	99	26
125	139	5	26
125	144	14	26
125	148	100	26
125	149	99	26
126	102	90	26
126	103	94	26
126	104	100	26
126	106	100	26
126	109	56	26
126	110	3	26
126	111	97	26
126	113	81	26
126	116	96	26
126	117	91	26
126	118	100	26
126	121	100	26
126	123	95	26
126	124	97	26
126	125	100	26
126	133	1	26
126	138	96	26
126	144	91	26
126	146	100	26
126	148	100	26
127	100	95	26
127	101	92	26
127	102	98	26
127	105	94	26
127	107	98	26
127	108	100	26
127	109	96	26
127	113	95	26
127	116	93	26
127	118	96	26
127	122	92	26
127	125	77	26
127	133	60	26
127	143	21	26
127	144	100	26
127	146	92	26
127	148	96	26
128	110	65	26
128	112	95	26
128	114	98	26
128	115	2	26
128	119	100	26
128	120	100	26
128	129	100	26
128	135	100	26
128	136	1	26
128	142	98	26
128	149	90	26
129	114	60	26
129	119	100	26
129	120	98	26
129	128	98	26
129	131	100	26
129	135	0	26
129	136	100	26
129	140	85	26
129	142	99	26
129	147	94	26
130	103	98	26
130	105	56	26
130	109	89	26
130	110	100	26
130	112	98	26
130	113	100	26
130	114	4	26
130	115	98	26
130	116	93	26
130	117	100	26
130	118	94	26
130	119	23	26
130	123	33	26
130	125	99	26
130	131	93	26
130	138	100	26
130	139	100	26
130	141	43	26
130	143	87	26
130	144	100	26
130	146	100	26
130	148	100	26
130	149	79	26
131	103	86	26
131	110	95	26
131	112	97	26
131	113	95	26
131	115	97	26
131	117	100	26
131	119	98	26
131	125	100	26
131	128	1	26
131	129	32	26
131	130	100	26
131	138	31	26
131	139	97	26
131	140	100	26
131	141	99	26
131	142	96	26
131	143	92	26
131	144	85	26
131	146	97	26
131	147	15	26
131	148	96	26
131	149	95	26
132	110	84	26
132	112	10	26
132	114	100	26
132	115	100	26
132	119	96	26
132	120	96	26
132	129	99	26
132	135	98	26
132	136	100	26
132	137	97	26
133	100	18	26
133	101	99	26
133	102	97	26
133	103	88	26
133	106	100	26
133	108	91	26
133	109	71	26
133	111	100	26
133	112	98	26
133	113	96	26
133	116	67	26
133	117	96	26
133	118	97	26
133	121	97	26
133	122	98	26
133	123	58	26
133	125	94	26
133	127	0	26
133	138	100	26
133	144	94	26
133	146	100	26
133	148	96	26
135	110	100	26
135	114	98	26
135	117	99	26
135	119	96	26
135	120	100	26
135	128	100	26
135	136	93	26
135	137	98	26
135	149	92	26
136	114	97	26
136	119	100	26
136	120	100	26
136	128	80	26
136	129	100	26
136	135	99	26
136	137	0	26
136	142	6	26
137	110	98	26
137	112	7	26
137	114	100	26
137	115	80	26
137	117	93	26
137	119	100	26
137	135	99	26
137	136	1	26
138	102	53	26
138	103	92	26
138	104	100	26
138	106	95	26
138	108	95	26
138	109	99	26
138	111	94	26
138	112	100	26
138	113	96	26
138	115	100	26
138	116	92	26
138	117	100	26
138	118	95	26
138	121	91	26
138	123	96	26
138	124	6	26
138	125	100	26
138	126	97	26
138	130	100	26
138	131	24	26
138	133	90	26
138	146	80	26
138	148	89	26
139	102	56	26
139	105	94	26
139	108	52	26
139	112	8	26
139	113	98	26
139	116	94	26
139	117	30	26
139	130	92	26
139	131	100	26
139	140	100	26
139	141	98	26
139	142	100	26
139	143	97	26
139	144	100	26
139	147	96	26
139	148	92	26
139	149	79	26
140	129	6	26
140	131	97	26
140	139	95	26
140	141	100	26
140	143	100	26
140	147	100	26
141	105	46	26
141	112	9	26
141	115	83	26
141	120	6	26
141	125	0	26
141	130	43	26
141	131	100	26
141	139	100	26
141	140	98	26
141	142	100	26
141	143	100	26
141	146	96	26
141	147	87	26
141	148	100	26
141	149	95	26
142	120	98	26
142	128	100	26
142	129	97	26
142	131	91	26
142	136	95	26
142	139	97	26
142	140	4	26
142	141	95	26
142	143	99	26
142	147	95	26
143	105	92	26
143	113	76	26
143	130	71	26
143	131	97	26
143	139	93	26
143	140	95	26
143	141	97	26
143	142	100	26
143	144	78	26
143	146	100	26
143	147	100	26
144	102	87	26
144	105	96	26
144	107	100	26
144	108	100	26
144	109	99	26
144	111	2	26
144	112	70	26
144	113	99	26
144	116	94	26
144	117	99	26
144	118	96	26
144	119	79	26
144	122	99	26
144	125	68	26
144	126	68	26
144	127	96	26
144	130	100	26
144	131	100	26
144	133	95	26
144	139	94	26
144	143	85	26
144	146	100	26
144	148	97	26
146	102	100	26
146	103	95	26
146	105	100	26
146	110	97	26
146	112	95	26
146	113	96	26
146	114	81	26
146	115	93	26
146	116	100	26
146	117	97	26
146	118	92	26
146	119	100	26
146	126	97	26
146	127	88	26
146	128	96	26
146	130	99	26
146	131	95	26
146	133	100	26
146	138	96	26
146	141	93	26
146	143	97	26
146	144	96	26
146	148	100	26
146	149	100	26
147	129	96	26
147	131	82	26
147	139	97	26
147	140	100	26
147	141	96	26
147	142	100	26
147	143	93	26
148	102	100	26
148	103	85	26
148	108	92	26
148	109	100	26
148	111	83	26
148	112	100	26
148	113	100	26
148	116	92	26
148	117	100	26
148	119	100	26
148	122	70	26
148	125	99	26
148	126	91	26
148	127	97	26
148	130	96	26
148	131	96	26
148	133	97	26
148	138	100	26
148	139	100	26
148	141	94	26
148	144	100	26
148	146	99	26
148	149	100	26
149	110	100	26
149	112	97	26
149	113	100	26
149	115	92	26
149	116	15	26
149	117	99	26
149	119	100	26
149	125	100	26
149	128	100	26
149	130	97	26
149	131	99	26
149	135	100	26
149	139	100	26
149	141	94	26
149	146	100	26
149	148	94	26
100	101	58	25
100	102	96	25
100	105	57	25
100	107	98	25
100	108	97	25
100	109	96	25
100	116	78	25
100	118	100	25
100	121	92	25
100	122	100	25
100	127	100	25
100	133	7	25
100	144	18	25
101	100	37	25
101	102	100	25
101	103	71	25
101	105	95	25
101	106	95	25
101	107	97	25
101	108	96	25
101	109	100	25
101	116	99	25
101	118	93	25
101	121	94	25
101	122	96	25
101	123	2	25
101	124	12	25
101	127	99	25
101	133	100	25
101	144	24	25
102	100	92	25
102	101	100	25
102	103	100	25
102	105	100	25
102	107	97	25
102	108	98	25
102	109	100	25
102	112	52	25
102	113	84	25
102	116	100	25
102	118	100	25
102	122	99	25
102	124	100	25
102	125	93	25
102	126	83	25
102	127	95	25
102	133	100	25
102	138	100	25
102	139	99	25
102	144	99	25
102	146	99	25
102	148	65	25
103	101	90	25
103	102	98	25
103	104	100	25
103	106	99	25
103	108	92	25
103	109	100	25
103	111	96	25
103	113	97	25
103	116	97	25
103	118	99	25
103	121	96	25
103	123	100	25
103	124	100	25
103	125	41	25
103	126	100	25
103	130	99	25
103	131	3	25
103	133	100	25
103	138	97	25
103	139	98	25
103	144	31	25
103	146	86	25
104	103	98	25
104	106	99	25
104	108	15	25
104	111	96	25
104	118	55	25
104	121	100	25
104	123	98	25
104	124	100	25
104	125	77	25
104	126	99	25
104	138	100	25
105	100	97	25
105	101	96	25
105	102	100	25
105	103	51	25
105	107	100	25
105	108	94	25
105	109	100	25
105	113	98	25
105	116	90	25
105	117	0	25
105	122	100	25
105	125	95	25
105	127	95	25
105	130	100	25
105	133	100	25
105	138	94	25
105	139	93	25
105	143	100	25
105	144	97	25
105	146	96	25
105	148	9	25
106	101	97	25
106	103	98	25
106	104	100	25
106	107	2	25
106	111	98	25
106	116	22	25
106	118	98	25
106	121	100	25
106	123	99	25
106	124	97	25
106	125	98	25
106	126	12	25
106	130	33	25
106	133	100	25
106	138	98	25
107	100	100	25
107	101	100	25
107	102	96	25
107	105	100	25
107	108	95	25
107	109	100	25
107	116	100	25
107	118	100	25
107	121	98	25
107	122	98	25
107	124	98	25
107	127	98	25
107	133	99	25
107	144	99	25
107	146	79	25
108	100	100	25
108	101	100	25
108	102	98	25
108	103	95	25
108	105	100	25
108	107	98	25
108	109	99	25
108	113	97	25
108	116	100	25
108	118	98	25
108	121	98	25
108	122	100	25
108	123	77	25
108	124	100	25
108	125	100	25
108	127	17	25
108	130	96	25
108	133	96	25
108	138	98	25
108	139	63	25
108	144	96	25
108	148	98	25
109	100	100	25
109	101	98	25
109	102	100	25
109	103	99	25
109	105	91	25
109	107	100	25
109	108	96	25
109	113	100	25
109	116	95	25
109	117	100	25
109	118	100	25
109	122	93	25
109	124	0	25
109	125	96	25
109	127	100	25
109	130	96	25
109	131	0	25
109	133	99	25
109	138	97	25
109	139	100	25
109	141	3	25
109	143	100	25
109	144	100	25
109	146	100	25
109	148	98	25
110	112	100	25
110	113	96	25
110	114	96	25
110	115	93	25
110	117	100	25
110	119	100	25
110	128	95	25
110	130	98	25
110	131	100	25
110	135	97	25
110	137	98	25
110	138	74	25
110	139	71	25
110	143	25	25
110	146	99	25
110	149	91	25
111	103	96	25
111	104	100	25
111	108	13	25
111	113	96	25
111	116	97	25
111	118	96	25
111	125	99	25
111	126	99	25
111	130	12	25
111	133	100	25
111	138	99	25
111	148	98	25
112	102	87	25
112	110	94	25
112	113	97	25
112	115	94	25
112	116	94	25
112	117	98	25
112	119	97	25
112	125	99	25
112	126	0	25
112	128	92	25
112	131	100	25
112	137	100	25
112	138	100	25
112	141	92	25
112	146	99	25
112	148	100	25
112	149	100	25
113	102	96	25
113	103	100	25
113	108	89	25
113	109	0	25
113	110	100	25
113	111	94	25
113	112	97	25
113	115	100	25
113	116	93	25
113	117	100	25
113	118	63	25
113	119	95	25
113	121	0	25
113	125	96	25
113	127	98	25
113	130	100	25
113	131	95	25
113	133	7	25
113	137	85	25
113	138	13	25
113	139	97	25
113	144	99	25
113	146	93	25
113	148	98	25
113	149	96	25
114	110	99	25
114	115	77	25
114	119	100	25
114	120	96	25
114	128	96	25
114	129	14	25
114	130	55	25
114	131	56	25
114	135	99	25
114	136	95	25
114	137	98	25
114	148	0	25
115	110	99	25
115	112	100	25
115	113	100	25
115	114	100	25
115	117	100	25
115	119	100	25
115	125	98	25
115	130	100	25
115	131	100	25
115	146	0	25
115	149	100	25
116	100	87	25
116	101	100	25
116	102	100	25
116	103	95	25
116	105	47	25
116	106	85	25
116	107	99	25
116	108	97	25
116	109	99	25
116	111	93	25
116	112	96	25
116	113	100	25
116	117	97	25
116	118	99	25
116	121	91	25
116	122	95	25
116	123	0	25
116	125	100	25
116	126	81	25
116	127	16	25
116	130	97	25
116	131	96	25
116	133	100	25
116	138	97	25
116	139	4	25
116	144	3	25
116	146	98	25
116	148	94	25
117	109	94	25
117	110	100	25
117	111	0	25
117	112	100	25
117	113	100	25
117	114	93	25
117	115	100	25
117	116	95	25
117	119	99	25
117	125	97	25
117	126	94	25
117	130	67	25
117	131	100	25
117	133	100	25
117	135	100	25
117	137	99	25
117	138	99	25
117	146	97	25
117	148	96	25
117	149	100	25
118	100	96	25
118	101	100	25
118	102	94	25
118	103	99	25
118	104	27	25
118	106	7	25
118	107	94	25
118	108	98	25
118	109	94	25
118	111	100	25
118	113	96	25
118	116	100	25
118	121	98	25
118	122	100	25
118	123	12	25
118	124	100	25
118	125	99	25
118	126	100	25
118	127	91	25
118	130	100	25
118	133	98	25
118	138	100	25
118	146	84	25
118	148	99	25
119	110	100	25
119	112	99	25
119	113	93	25
119	114	100	25
119	115	100	25
119	117	100	25
119	120	100	25
119	125	99	25
119	128	96	25
119	129	100	25
119	130	95	25
119	131	4	25
119	135	100	25
119	136	95	25
119	137	97	25
119	146	96	25
119	148	94	25
119	149	96	25
120	114	98	25
120	119	99	25
120	128	97	25
120	129	95	25
120	131	32	25
120	136	99	25
120	142	90	25
121	100	94	25
121	101	100	25
121	102	1	25
121	103	96	25
121	104	99	25
121	106	100	25
121	107	99	25
121	108	100	25
121	111	37	25
121	113	100	25
121	116	90	25
121	118	100	25
121	122	99	25
121	123	97	25
121	124	96	25
121	125	0	25
121	126	100	25
121	133	100	25
121	138	94	25
121	148	0	25
122	100	100	25
122	101	100	25
122	102	98	25
122	103	81	25
122	105	97	25
122	106	4	25
122	107	97	25
122	108	94	25
122	109	100	25
122	111	100	25
122	113	49	25
122	116	97	25
122	118	98	25
122	121	100	25
122	123	17	25
122	124	42	25
122	125	100	25
122	126	6	25
122	127	99	25
122	130	100	25
122	133	100	25
122	144	92	25
122	148	100	25
123	101	13	25
123	103	96	25
123	104	100	25
123	106	96	25
123	108	99	25
123	118	82	25
123	121	100	25
123	124	98	25
123	126	99	25
123	130	100	25
123	133	90	25
123	138	99	25
123	148	89	25
124	101	67	25
124	102	100	25
124	103	95	25
124	104	100	25
124	106	97	25
124	107	98	25
124	108	91	25
124	111	15	25
124	118	95	25
124	121	100	25
124	123	97	25
125	102	100	25
125	103	94	25
125	104	39	25
125	105	26	25
125	106	100	25
125	108	91	25
125	109	30	25
125	111	100	25
125	112	100	25
125	113	99	25
125	115	100	25
125	116	98	25
125	117	97	25
125	118	95	25
125	119	98	25
125	122	100	25
125	126	100	25
125	130	95	25
125	131	99	25
125	133	100	25
125	138	100	25
125	144	96	25
125	146	100	25
125	148	100	25
126	102	75	25
126	103	98	25
126	104	97	25
126	111	98	25
126	117	100	25
126	118	86	25
126	121	98	25
126	123	96	25
126	125	96	25
126	130	97	25
126	138	97	25
126	144	98	25
126	146	100	25
127	100	100	25
127	101	100	25
127	102	100	25
127	105	100	25
127	107	96	25
127	108	92	25
127	109	100	25
127	113	98	25
127	116	17	25
127	122	93	25
127	125	7	25
127	130	2	25
127	133	100	25
127	138	9	25
127	143	87	25
127	144	98	25
127	146	100	25
127	148	100	25
128	110	100	25
128	114	98	25
128	119	94	25
128	120	100	25
128	129	98	25
128	135	99	25
128	142	98	25
128	149	98	25
129	114	61	25
129	119	100	25
129	120	100	25
129	128	98	25
129	131	74	25
129	136	98	25
129	140	95	25
129	142	100	25
129	143	72	25
129	147	100	25
130	103	99	25
130	105	69	25
130	106	4	25
130	108	96	25
130	109	94	25
130	110	100	25
130	113	100	25
130	114	45	25
130	115	98	25
130	116	100	25
130	118	97	25
130	119	100	25
130	122	9	25
130	123	95	25
130	125	100	25
130	126	100	25
130	131	95	25
130	133	100	25
130	138	100	25
130	139	100	25
130	141	0	25
130	143	100	25
130	144	100	25
130	146	100	25
130	148	96	25
130	149	56	25
131	103	3	25
131	110	100	25
131	112	100	25
131	113	96	25
131	114	76	25
131	115	99	25
131	116	6	25
131	117	100	25
131	120	17	25
131	125	98	25
131	129	44	25
131	130	96	25
131	138	14	25
131	139	98	25
131	141	95	25
131	142	99	25
131	143	96	25
131	144	100	25
131	147	16	25
131	148	100	25
131	149	100	25
132	114	98	25
132	115	92	25
132	119	99	25
132	120	98	25
132	128	34	25
132	129	100	25
132	135	98	25
132	136	97	25
132	137	71	25
133	101	96	25
133	102	100	25
133	103	95	25
133	105	97	25
133	106	95	25
133	107	95	25
133	108	98	25
133	109	99	25
133	111	100	25
133	113	64	25
133	116	100	25
133	117	100	25
133	118	99	25
133	121	100	25
133	122	100	25
133	123	2	25
133	125	99	25
133	127	96	25
133	130	97	25
133	138	100	25
133	144	92	25
133	146	100	25
133	148	100	25
134	102	99	25
134	110	98	25
134	112	100	25
134	113	95	25
134	114	96	25
134	115	100	25
134	116	37	25
134	117	100	25
134	119	98	25
134	120	16	25
134	125	92	25
134	128	98	25
134	130	100	25
134	131	96	25
134	133	87	25
134	137	92	25
134	138	94	25
134	139	46	25
134	141	9	25
134	143	100	25
134	144	98	25
134	146	98	25
134	148	100	25
134	149	70	25
135	110	100	25
135	114	100	25
135	117	96	25
135	119	100	25
135	128	100	25
135	136	100	25
135	137	100	25
135	149	92	25
136	114	96	25
136	119	97	25
136	120	96	25
136	128	19	25
136	129	100	25
136	135	97	25
136	137	28	25
136	142	95	25
137	110	100	25
137	112	95	25
137	113	91	25
137	114	100	25
137	115	20	25
137	117	100	25
137	119	96	25
137	128	12	25
137	135	100	25
137	136	72	25
138	102	98	25
138	103	96	25
138	104	99	25
138	105	1	25
138	106	100	25
138	108	100	25
138	109	10	25
138	110	12	25
138	111	100	25
138	112	98	25
138	116	99	25
138	117	98	25
138	118	91	25
138	121	98	25
138	123	95	25
138	125	100	25
138	126	92	25
138	130	97	25
138	131	0	25
138	133	80	25
138	144	5	25
138	146	94	25
138	148	91	25
138	149	23	25
139	102	98	25
139	103	91	25
139	105	96	25
139	108	81	25
139	109	97	25
139	110	85	25
139	113	100	25
139	128	0	25
139	130	96	25
139	131	100	25
139	140	100	25
139	141	98	25
139	143	100	25
139	144	98	25
139	146	94	25
139	147	100	25
139	149	66	25
140	129	100	25
140	139	97	25
140	141	98	25
140	142	92	25
140	143	95	25
140	147	97	25
141	112	100	25
141	128	3	25
141	130	89	25
141	131	96	25
141	139	100	25
141	140	95	25
141	142	100	25
141	143	100	25
141	144	100	25
141	147	7	25
141	148	96	25
141	149	100	25
142	120	96	25
142	128	98	25
142	129	98	25
142	131	100	25
142	136	99	25
142	139	21	25
142	140	97	25
142	141	100	25
142	143	95	25
142	146	21	25
142	147	100	25
143	105	100	25
143	109	98	25
143	110	32	25
143	129	19	25
143	130	93	25
143	131	100	25
143	139	100	25
143	140	100	25
143	141	96	25
143	142	97	25
143	144	100	25
143	147	100	25
143	148	100	25
144	100	6	25
144	101	95	25
144	102	100	25
144	103	100	25
144	105	100	25
144	107	100	25
144	108	100	25
144	109	96	25
144	113	100	25
144	116	3	25
144	122	100	25
144	125	100	25
144	126	100	25
144	127	100	25
144	130	99	25
144	131	98	25
144	133	100	25
144	138	98	25
144	139	99	25
144	141	93	25
144	143	100	25
144	146	100	25
144	148	97	25
144	149	21	25
146	102	92	25
146	103	100	25
146	105	95	25
146	107	100	25
146	108	0	25
146	109	99	25
146	110	97	25
146	112	92	25
146	113	99	25
146	116	100	25
146	117	100	25
146	118	100	25
146	119	93	25
146	125	93	25
146	126	94	25
146	127	99	25
146	128	60	25
146	130	99	25
146	133	100	25
146	138	100	25
146	139	100	25
146	142	36	25
146	144	99	25
146	148	100	25
146	149	100	25
147	129	100	25
147	131	38	25
147	139	97	25
147	140	100	25
147	142	100	25
147	143	97	25
148	102	100	25
148	108	96	25
148	109	96	25
148	110	7	25
148	111	100	25
148	112	97	25
148	113	100	25
148	114	75	25
148	116	99	25
148	117	100	25
148	118	100	25
148	119	100	25
148	123	99	25
148	125	97	25
148	126	50	25
148	127	99	25
148	130	97	25
148	131	99	25
148	133	100	25
148	138	99	25
148	141	100	25
148	143	97	25
148	144	100	25
148	146	99	25
148	149	96	25
149	108	4	25
149	110	96	25
149	112	97	25
149	113	96	25
149	115	96	25
149	117	100	25
149	119	97	25
149	128	92	25
149	130	96	25
149	131	92	25
149	135	99	25
149	138	98	25
149	139	97	25
149	141	100	25
149	143	4	25
149	144	22	25
149	146	95	25
149	148	98	25
100	101	74	24
100	102	94	24
100	105	96	24
100	107	95	24
100	108	100	24
100	109	36	24
100	116	4	24
100	118	100	24
100	122	67	24
100	127	96	24
100	133	90	24
100	144	26	24
101	102	93	24
101	103	100	24
101	105	100	24
101	107	100	24
101	108	100	24
101	109	96	24
101	116	100	24
101	118	100	24
101	121	93	24
101	122	95	24
101	123	74	24
101	124	51	24
101	127	93	24
101	133	100	24
102	100	90	24
102	101	100	24
102	103	91	24
102	107	100	24
102	108	100	24
102	109	95	24
102	112	49	24
102	113	100	24
102	116	100	24
102	117	90	24
102	118	96	24
102	122	100	24
102	123	13	24
102	124	100	24
102	125	98	24
102	126	89	24
102	127	92	24
102	130	9	24
102	133	100	24
102	138	100	24
102	139	9	24
102	144	99	24
102	146	100	24
102	148	99	24
103	101	63	24
103	102	100	24
103	104	100	24
103	106	100	24
103	107	100	24
103	108	98	24
103	111	100	24
103	113	100	24
103	116	98	24
103	118	94	24
103	121	100	24
103	122	77	24
103	123	100	24
103	124	11	24
103	125	100	24
103	126	96	24
103	130	98	24
103	131	93	24
103	133	100	24
103	138	100	24
103	139	98	24
103	144	96	24
103	146	1	24
103	148	100	24
104	103	97	24
104	106	91	24
104	111	100	24
104	113	97	24
104	116	100	24
104	117	52	24
104	118	91	24
104	121	97	24
104	123	100	24
104	124	100	24
104	125	45	24
104	126	100	24
104	133	15	24
104	138	100	24
104	148	43	24
105	100	92	24
105	101	98	24
105	103	22	24
105	108	100	24
105	109	98	24
105	112	42	24
105	116	98	24
105	117	59	24
105	118	17	24
105	122	96	24
105	125	96	24
105	126	0	24
105	127	95	24
105	130	94	24
105	133	100	24
105	138	95	24
105	139	98	24
105	141	94	24
105	143	93	24
105	144	93	24
105	146	94	24
105	148	100	24
105	149	0	24
106	101	28	24
106	102	9	24
106	103	97	24
106	104	64	24
106	107	14	24
106	108	0	24
106	111	100	24
106	113	63	24
106	116	42	24
106	117	71	24
106	118	22	24
106	121	100	24
106	123	96	24
106	124	100	24
106	125	67	24
106	126	92	24
106	130	45	24
106	133	98	24
106	138	96	24
107	100	89	24
107	101	96	24
107	102	100	24
107	103	97	24
107	108	100	24
107	109	100	24
107	116	100	24
107	118	94	24
107	121	100	24
107	122	94	24
107	123	30	24
107	124	100	24
107	127	94	24
107	133	100	24
107	144	100	24
107	146	17	24
107	148	70	24
108	100	67	24
108	101	97	24
108	102	100	24
108	103	93	24
108	105	56	24
108	106	4	24
108	107	97	24
108	109	88	24
108	113	8	24
108	116	98	24
108	117	29	24
108	118	96	24
108	121	93	24
108	122	92	24
108	123	6	24
108	124	99	24
108	125	97	24
108	126	94	24
108	127	6	24
108	130	100	24
108	133	99	24
108	144	90	24
108	146	76	24
108	148	94	24
109	100	91	24
109	101	97	24
109	102	100	24
109	103	49	24
109	105	100	24
109	107	100	24
109	108	94	24
109	111	5	24
109	112	96	24
109	113	95	24
109	115	14	24
109	116	100	24
109	117	99	24
109	118	99	24
109	119	30	24
109	122	100	24
109	124	21	24
109	125	100	24
109	127	94	24
109	130	100	24
109	131	45	24
109	133	97	24
109	138	100	24
109	139	94	24
109	140	14	24
109	143	92	24
109	144	100	24
109	146	100	24
109	148	100	24
109	149	94	24
110	112	99	24
110	113	97	24
110	114	100	24
110	115	100	24
110	117	96	24
110	119	94	24
110	120	95	24
110	125	96	24
110	128	61	24
110	130	99	24
110	131	97	24
110	135	94	24
110	137	100	24
110	139	51	24
110	146	95	24
110	148	96	24
110	149	97	24
111	102	5	24
111	103	95	24
111	104	100	24
111	106	89	24
111	108	4	24
111	112	76	24
111	117	92	24
111	118	65	24
111	121	100	24
111	123	94	24
111	124	53	24
111	125	100	24
111	126	94	24
111	130	100	24
111	133	99	24
111	138	100	24
111	144	8	24
111	146	30	24
111	148	100	24
112	102	46	24
112	109	60	24
112	110	96	24
112	111	59	24
112	113	99	24
112	115	100	24
112	116	92	24
112	117	98	24
112	118	58	24
112	119	100	24
112	125	97	24
112	130	100	24
112	131	100	24
112	135	65	24
112	137	93	24
112	138	99	24
112	139	95	24
112	141	80	24
112	146	100	24
112	148	100	24
112	149	100	24
113	102	90	24
113	103	94	24
113	104	99	24
113	106	6	24
113	108	15	24
113	109	95	24
113	110	89	24
113	112	98	24
113	115	98	24
113	116	100	24
113	117	100	24
113	118	99	24
113	119	96	24
113	121	1	24
113	125	100	24
113	127	98	24
113	130	98	24
113	131	99	24
113	133	87	24
113	135	58	24
113	137	86	24
113	138	100	24
113	139	100	24
113	143	78	24
113	144	98	24
113	146	93	24
113	148	98	24
113	149	100	24
114	110	100	24
114	112	14	24
114	115	99	24
114	117	97	24
114	119	100	24
114	120	100	24
114	125	0	24
114	128	100	24
114	129	100	24
114	130	68	24
114	131	8	24
114	135	97	24
114	136	95	24
114	137	100	24
114	148	86	24
114	149	94	24
115	110	100	24
115	112	100	24
115	113	93	24
115	114	100	24
115	116	27	24
115	117	96	24
115	119	100	24
115	125	100	24
115	130	96	24
115	131	20	24
115	135	39	24
115	137	95	24
115	139	91	24
115	146	90	24
115	148	26	24
115	149	95	24
116	100	14	24
116	101	93	24
116	102	98	24
116	103	98	24
116	104	95	24
116	105	62	24
116	106	58	24
116	107	100	24
116	108	100	24
116	109	92	24
116	112	99	24
116	113	95	24
116	115	48	24
116	117	98	24
116	118	96	24
116	121	26	24
116	122	99	24
116	123	81	24
116	124	70	24
116	125	96	24
116	126	99	24
116	127	89	24
116	130	99	24
116	131	89	24
116	133	96	24
116	138	99	24
116	144	62	24
116	146	100	24
116	148	100	24
116	149	96	24
117	102	76	24
117	104	27	24
117	106	18	24
117	108	16	24
117	109	96	24
117	110	94	24
117	111	83	24
117	112	96	24
117	113	100	24
117	114	93	24
117	115	97	24
117	116	95	24
117	119	100	24
117	125	96	24
117	126	97	24
117	128	11	24
117	130	94	24
117	131	100	24
117	133	100	24
117	135	100	24
117	137	97	24
117	138	97	24
117	144	98	24
117	146	100	24
117	148	96	24
117	149	96	24
118	100	100	24
118	101	100	24
118	102	97	24
118	103	98	24
118	104	99	24
118	106	89	24
118	107	100	24
118	108	96	24
118	109	100	24
118	111	36	24
118	112	66	24
118	113	96	24
118	116	99	24
118	121	97	24
118	122	74	24
118	123	97	24
118	124	81	24
118	125	99	24
118	126	5	24
118	130	93	24
118	131	18	24
118	133	100	24
118	138	89	24
118	144	58	24
118	146	0	24
118	148	99	24
119	110	93	24
119	112	96	24
119	113	100	24
119	114	96	24
119	115	94	24
119	117	98	24
119	120	100	24
119	125	100	24
119	128	96	24
119	129	100	24
119	130	98	24
119	131	100	24
119	135	100	24
119	139	6	24
119	144	5	24
119	146	98	24
119	148	100	24
119	149	100	24
120	110	100	24
120	114	96	24
120	119	95	24
120	128	100	24
120	129	97	24
120	135	96	24
120	136	95	24
120	137	94	24
121	101	100	24
121	103	100	24
121	104	96	24
121	106	100	24
121	107	92	24
121	108	95	24
121	111	96	24
121	113	7	24
121	118	98	24
121	122	100	24
121	123	100	24
121	124	100	24
121	125	99	24
121	126	100	24
121	130	14	24
121	133	100	24
121	138	95	24
122	100	87	24
122	101	96	24
122	102	100	24
122	103	96	24
122	105	100	24
122	107	97	24
122	108	100	24
122	109	100	24
122	111	5	24
122	113	96	24
122	116	37	24
122	118	97	24
122	121	98	24
122	124	10	24
122	125	93	24
122	126	21	24
122	127	93	24
122	130	35	24
122	133	95	24
122	138	91	24
122	143	97	24
122	144	98	24
122	146	27	24
122	148	82	24
123	101	93	24
123	102	45	24
123	103	96	24
123	104	100	24
123	106	100	24
123	107	10	24
123	108	21	24
123	111	98	24
123	116	58	24
123	118	96	24
123	121	96	24
123	124	93	24
123	125	98	24
123	126	100	24
123	130	100	24
123	133	100	24
123	138	94	24
124	101	97	24
124	102	91	24
124	103	54	24
124	104	98	24
124	106	100	24
124	107	94	24
124	108	92	24
124	118	69	24
124	121	91	24
124	123	98	24
124	125	97	24
124	126	17	24
124	133	87	24
125	102	99	24
125	103	95	24
125	104	9	24
125	105	84	24
125	106	61	24
125	108	84	24
125	109	10	24
125	110	98	24
125	111	100	24
125	112	100	24
125	113	96	24
125	115	100	24
125	116	98	24
125	117	100	24
125	118	93	24
125	119	93	24
125	121	95	24
125	122	36	24
125	123	61	24
125	124	100	24
125	126	96	24
125	130	100	24
125	133	100	24
125	138	100	24
125	144	11	24
125	146	96	24
125	148	96	24
126	102	75	24
126	103	96	24
126	104	98	24
126	106	91	24
126	108	91	24
126	111	100	24
126	116	97	24
126	117	100	24
126	118	28	24
126	121	98	24
126	123	100	24
126	125	94	24
126	130	100	24
126	138	98	24
126	144	98	24
126	146	94	24
126	148	96	24
127	100	100	24
127	101	73	24
127	102	97	24
127	105	89	24
127	107	100	24
127	108	71	24
127	109	96	24
127	113	100	24
127	116	100	24
127	122	98	24
127	130	28	24
127	133	99	24
127	143	97	24
127	144	99	24
127	146	100	24
127	148	99	24
128	114	99	24
128	119	100	24
128	120	94	24
128	129	26	24
128	135	100	24
128	137	3	24
128	140	5	24
128	142	100	24
128	149	96	24
129	114	98	24
129	119	97	24
129	120	100	24
129	128	92	24
129	131	99	24
129	136	95	24
129	140	90	24
129	143	68	24
129	147	85	24
129	149	74	24
130	102	11	24
130	103	92	24
130	105	14	24
130	106	6	24
130	108	89	24
130	109	99	24
130	110	95	24
130	111	96	24
130	112	98	24
130	113	100	24
130	114	90	24
130	115	100	24
130	116	100	24
130	117	98	24
130	118	95	24
130	119	100	24
130	121	4	24
130	123	93	24
130	125	100	24
130	126	100	24
130	131	100	24
130	133	100	24
130	138	100	24
130	139	96	24
130	141	32	24
130	143	0	24
130	144	96	24
130	146	97	24
130	148	100	24
130	149	55	24
131	103	99	24
131	110	97	24
131	112	98	24
131	113	92	24
131	114	28	24
131	115	34	24
131	116	84	24
131	117	97	24
131	118	29	24
131	119	91	24
131	125	0	24
131	129	94	24
131	130	95	24
131	138	90	24
131	139	99	24
131	140	94	24
131	141	100	24
131	142	95	24
131	143	98	24
131	144	94	24
131	146	98	24
131	147	87	24
131	148	100	24
131	149	96	24
132	110	90	24
132	112	100	24
132	114	100	24
132	115	99	24
132	119	98	24
132	120	100	24
132	128	100	24
132	129	97	24
132	135	96	24
132	136	97	24
132	137	100	24
132	149	90	24
133	100	91	24
133	101	96	24
133	102	100	24
133	103	96	24
133	105	100	24
133	106	100	24
133	107	92	24
133	108	97	24
133	109	98	24
133	111	97	24
133	113	98	24
133	116	100	24
133	117	100	24
133	118	100	24
133	121	100	24
133	122	100	24
133	123	61	24
133	124	93	24
133	125	94	24
133	127	88	24
133	130	100	24
133	138	99	24
133	144	100	24
133	146	96	24
133	148	100	24
135	110	98	24
135	112	78	24
135	113	76	24
135	114	100	24
135	117	77	24
135	119	100	24
135	120	90	24
135	128	100	24
135	136	99	24
135	137	100	24
135	149	98	24
136	114	95	24
136	120	96	24
136	129	98	24
136	135	94	24
137	110	96	24
137	112	89	24
137	113	85	24
137	114	95	24
137	115	98	24
137	117	100	24
137	120	92	24
137	125	9	24
137	128	30	24
137	135	98	24
137	136	1	24
137	149	97	24
138	102	82	24
138	103	96	24
138	104	100	24
138	105	67	24
138	106	100	24
138	108	0	24
138	109	61	24
138	111	100	24
138	112	100	24
138	113	95	24
138	116	96	24
138	117	96	24
138	118	95	24
138	121	29	24
138	123	82	24
138	125	100	24
138	126	98	24
138	130	100	24
138	131	56	24
138	133	48	24
138	144	100	24
138	146	100	24
138	148	98	24
139	102	34	24
139	103	91	24
139	105	63	24
139	109	94	24
139	110	61	24
139	112	97	24
139	113	100	24
139	115	99	24
139	119	3	24
139	130	100	24
139	131	97	24
139	140	100	24
139	141	100	24
139	142	99	24
139	143	100	24
139	144	100	24
139	146	100	24
139	147	97	24
139	148	34	24
139	149	100	24
140	128	54	24
140	129	96	24
140	131	97	24
140	139	100	24
140	141	100	24
140	142	100	24
140	143	99	24
140	146	73	24
140	147	100	24
141	105	77	24
141	110	37	24
141	112	100	24
141	113	5	24
141	130	99	24
141	131	99	24
141	139	94	24
141	140	98	24
141	142	98	24
141	143	96	24
141	144	100	24
141	146	100	24
141	147	95	24
141	148	100	24
141	149	100	24
142	114	4	24
142	128	94	24
142	131	96	24
142	139	99	24
142	140	99	24
142	141	100	24
142	143	95	24
142	147	96	24
143	105	88	24
143	109	97	24
143	113	85	24
143	122	0	24
143	127	9	24
143	129	76	24
143	130	17	24
143	131	99	24
143	139	98	24
143	140	95	24
143	141	100	24
143	142	100	24
143	144	93	24
143	146	57	24
143	147	99	24
143	148	4	24
143	149	46	24
144	100	4	24
144	102	97	24
144	103	94	24
144	105	100	24
144	107	91	24
144	108	95	24
144	109	98	24
144	111	3	24
144	113	100	24
144	116	68	24
144	117	98	24
144	118	1	24
144	122	60	24
144	125	8	24
144	126	100	24
144	127	77	24
144	130	99	24
144	131	96	24
144	133	100	24
144	138	95	24
144	139	93	24
144	141	95	24
144	143	89	24
144	146	100	24
144	148	96	24
144	149	90	24
146	102	100	24
146	103	18	24
146	105	77	24
146	107	65	24
146	108	90	24
146	109	100	24
146	110	91	24
146	111	6	24
146	112	96	24
146	113	100	24
146	115	98	24
146	116	90	24
146	117	100	24
146	118	11	24
146	119	100	24
146	125	100	24
146	126	93	24
146	127	83	24
146	130	100	24
146	131	93	24
146	133	100	24
146	138	97	24
146	139	100	24
146	140	80	24
146	141	96	24
146	143	56	24
146	144	100	24
146	148	99	24
146	149	100	24
147	129	80	24
147	131	95	24
147	139	92	24
147	140	100	24
147	141	92	24
147	142	96	24
147	143	99	24
148	102	86	24
148	103	83	24
148	104	28	24
148	105	21	24
148	107	60	24
148	108	88	24
148	109	92	24
148	110	90	24
148	111	91	24
148	112	87	24
148	113	81	24
148	114	100	24
148	115	44	24
148	116	89	24
148	117	90	24
148	118	94	24
148	119	93	24
148	125	85	24
148	126	90	24
148	127	85	24
148	130	85	24
148	131	93	24
148	133	89	24
148	138	94	24
148	139	0	24
148	141	84	24
148	144	81	24
148	146	85	24
148	149	87	24
149	110	100	24
149	112	96	24
149	113	100	24
149	114	94	24
149	115	100	24
149	116	73	24
149	117	100	24
149	119	99	24
149	128	96	24
149	129	58	24
149	130	80	24
149	131	100	24
149	135	96	24
149	137	98	24
149	139	100	24
149	141	93	24
149	143	41	24
149	144	96	24
149	146	100	24
149	148	100	24
100	101	97	23
100	102	9	23
100	105	97	23
100	107	36	23
100	108	96	23
100	109	95	23
100	118	89	23
100	122	99	23
100	124	9	23
100	127	100	23
101	100	99	23
101	102	100	23
101	105	93	23
101	107	94	23
101	108	97	23
101	109	96	23
101	116	93	23
101	118	95	23
101	121	97	23
101	122	95	23
101	123	96	23
101	124	96	23
101	127	100	23
101	133	95	23
101	144	3	23
102	101	100	23
102	103	96	23
102	105	96	23
102	107	95	23
102	108	95	23
102	109	100	23
102	111	89	23
102	113	98	23
102	116	98	23
102	117	95	23
102	118	100	23
102	122	99	23
102	125	99	23
102	127	100	23
102	133	95	23
102	138	96	23
102	144	94	23
102	146	97	23
102	148	100	23
103	101	9	23
103	102	100	23
103	104	97	23
103	105	8	23
103	106	96	23
103	107	99	23
103	108	100	23
103	111	99	23
103	113	99	23
103	116	95	23
103	118	73	23
103	121	92	23
103	122	87	23
103	123	100	23
103	124	79	23
103	125	95	23
103	126	100	23
103	127	6	23
103	130	100	23
103	131	61	23
103	133	99	23
103	138	86	23
103	146	45	23
103	148	68	23
104	103	95	23
104	106	96	23
104	111	99	23
104	113	2	23
104	116	85	23
104	118	27	23
104	123	95	23
104	124	61	23
104	125	88	23
104	126	100	23
104	138	100	23
105	100	91	23
105	101	90	23
105	102	88	23
105	103	90	23
105	107	41	23
105	108	71	23
105	109	99	23
105	113	95	23
105	116	93	23
105	122	91	23
105	125	95	23
105	127	93	23
105	133	88	23
105	138	90	23
105	139	78	23
105	141	100	23
105	143	100	23
105	144	100	23
105	148	96	23
106	103	93	23
106	104	100	23
106	107	69	23
106	108	79	23
106	111	100	23
106	116	96	23
106	117	34	23
106	118	14	23
106	121	93	23
106	123	97	23
106	124	100	23
106	126	96	23
106	133	35	23
106	138	95	23
107	101	95	23
107	102	94	23
107	103	95	23
107	106	85	23
107	108	100	23
107	109	98	23
107	116	96	23
107	118	98	23
107	121	95	23
107	122	92	23
107	124	68	23
107	127	96	23
107	133	76	23
108	100	94	23
108	101	95	23
108	102	100	23
108	103	100	23
108	105	75	23
108	106	81	23
108	107	100	23
108	109	100	23
108	111	16	23
108	116	94	23
108	117	75	23
108	118	94	23
108	121	96	23
108	122	97	23
108	123	95	23
108	126	100	23
108	127	99	23
108	133	99	23
108	138	87	23
108	144	96	23
108	146	73	23
108	148	12	23
109	100	96	23
109	101	100	23
109	102	95	23
109	103	97	23
109	105	100	23
109	107	97	23
109	108	100	23
109	112	100	23
109	113	99	23
109	115	46	23
109	116	99	23
109	117	91	23
109	118	76	23
109	121	18	23
109	122	97	23
109	126	64	23
109	127	92	23
109	130	93	23
109	133	93	23
109	138	95	23
109	139	87	23
109	141	97	23
109	143	100	23
109	144	97	23
109	146	92	23
109	148	100	23
110	112	100	23
110	113	100	23
110	114	84	23
110	115	98	23
110	117	96	23
110	119	96	23
110	120	8	23
110	125	87	23
110	128	4	23
110	130	96	23
110	131	100	23
110	135	92	23
110	137	100	23
110	138	66	23
110	139	33	23
110	146	88	23
110	149	96	23
111	102	74	23
111	103	90	23
111	104	91	23
111	106	99	23
111	108	69	23
111	116	67	23
111	117	84	23
111	118	64	23
111	121	93	23
111	123	99	23
111	124	0	23
111	125	95	23
111	126	95	23
111	130	22	23
111	133	75	23
111	138	100	23
111	148	56	23
112	109	70	23
112	110	100	23
112	113	100	23
112	114	94	23
112	115	98	23
112	117	97	23
112	118	14	23
112	119	100	23
112	125	97	23
112	130	98	23
112	131	94	23
112	138	94	23
112	139	98	23
112	146	83	23
112	148	97	23
112	149	100	23
113	102	89	23
113	103	99	23
113	104	71	23
113	105	68	23
113	109	88	23
113	110	97	23
113	112	100	23
113	115	98	23
113	116	10	23
113	117	99	23
113	118	77	23
113	119	98	23
113	125	100	23
113	130	100	23
113	131	84	23
113	135	85	23
113	138	97	23
113	139	99	23
113	143	85	23
113	144	98	23
113	146	100	23
113	148	98	23
113	149	93	23
114	112	8	23
114	115	100	23
114	117	95	23
114	119	97	23
114	120	97	23
114	128	99	23
114	129	98	23
114	135	97	23
114	136	97	23
114	142	5	23
114	149	19	23
115	110	92	23
115	112	100	23
115	113	96	23
115	114	81	23
115	117	90	23
115	119	100	23
115	125	94	23
115	130	98	23
115	131	6	23
115	135	89	23
115	137	17	23
115	138	67	23
115	139	0	23
115	141	4	23
115	143	12	23
115	146	100	23
115	149	99	23
116	101	92	23
116	102	90	23
116	103	99	23
116	104	91	23
116	105	91	23
116	106	98	23
116	107	96	23
116	108	100	23
116	109	97	23
116	111	100	23
116	113	42	23
116	117	100	23
116	118	93	23
116	122	92	23
116	123	83	23
116	125	98	23
116	126	97	23
116	127	87	23
116	130	100	23
116	133	96	23
116	138	96	23
116	144	98	23
116	146	97	23
116	148	97	23
117	101	0	23
117	102	93	23
117	106	20	23
117	108	74	23
117	109	95	23
117	110	100	23
117	111	87	23
117	112	95	23
117	113	100	23
117	114	97	23
117	115	100	23
117	116	97	23
117	119	94	23
117	125	100	23
117	126	99	23
117	130	97	23
117	131	96	23
117	133	100	23
117	138	100	23
117	141	6	23
117	144	34	23
117	146	99	23
117	148	12	23
117	149	91	23
118	100	79	23
118	101	100	23
118	102	95	23
118	103	88	23
118	104	11	23
118	106	8	23
118	107	97	23
118	108	100	23
118	109	93	23
118	111	39	23
118	113	99	23
118	116	99	23
118	121	93	23
118	122	32	23
118	123	96	23
118	124	86	23
118	125	100	23
118	127	5	23
118	130	89	23
118	133	98	23
118	138	94	23
118	144	80	23
118	146	90	23
119	110	100	23
119	112	94	23
119	113	96	23
119	114	97	23
119	115	100	23
119	117	97	23
119	120	100	23
119	125	89	23
119	128	100	23
119	129	100	23
119	130	95	23
119	131	98	23
119	135	55	23
119	137	95	23
119	144	0	23
119	148	86	23
119	149	100	23
120	114	98	23
120	119	100	23
120	128	99	23
120	129	96	23
120	135	100	23
120	136	96	23
121	100	17	23
121	101	97	23
121	103	100	23
121	104	17	23
121	106	100	23
121	107	88	23
121	108	95	23
121	109	76	23
121	111	92	23
121	113	13	23
121	116	79	23
121	117	3	23
121	118	100	23
121	122	86	23
121	123	100	23
121	124	100	23
121	125	87	23
121	126	100	23
121	133	96	23
121	138	72	23
122	100	100	23
122	101	100	23
122	102	99	23
122	103	92	23
122	105	98	23
122	106	68	23
122	107	100	23
122	108	100	23
122	109	97	23
122	113	58	23
122	116	93	23
122	121	96	23
122	123	14	23
122	124	55	23
122	127	100	23
122	133	100	23
122	138	28	23
122	144	99	23
122	146	98	23
123	101	89	23
123	103	92	23
123	104	100	23
123	106	100	23
123	108	68	23
123	111	98	23
123	118	75	23
123	121	98	23
123	124	98	23
123	126	90	23
123	133	89	23
123	138	86	23
124	101	96	23
124	103	90	23
124	104	97	23
124	106	99	23
124	107	90	23
124	118	97	23
124	121	88	23
124	122	54	23
124	123	100	23
124	126	21	23
124	133	84	23
125	102	100	23
125	103	95	23
125	104	100	23
125	105	71	23
125	106	4	23
125	108	74	23
125	110	42	23
125	111	95	23
125	112	97	23
125	113	100	23
125	115	100	23
125	116	92	23
125	117	99	23
125	118	91	23
125	119	97	23
125	121	11	23
125	126	96	23
125	130	96	23
125	133	99	23
125	138	95	23
125	144	98	23
125	146	100	23
125	148	99	23
126	103	99	23
126	104	99	23
126	106	96	23
126	108	84	23
126	111	96	23
126	116	96	23
126	117	100	23
126	121	94	23
126	123	79	23
126	124	13	23
126	125	97	23
126	130	98	23
126	138	100	23
126	144	2	23
126	146	89	23
126	148	0	23
127	100	96	23
127	101	100	23
127	102	95	23
127	103	90	23
127	105	99	23
127	107	95	23
127	108	95	23
127	109	94	23
127	113	0	23
127	116	77	23
127	118	54	23
127	122	94	23
127	130	97	23
127	133	77	23
127	139	4	23
127	143	98	23
127	144	96	23
127	148	100	23
128	114	73	23
128	119	96	23
128	120	74	23
128	129	95	23
128	135	63	23
128	142	98	23
129	114	100	23
129	119	96	23
129	120	96	23
129	128	96	23
129	131	89	23
129	136	100	23
129	140	92	23
129	142	100	23
129	143	17	23
130	103	95	23
130	109	100	23
130	110	90	23
130	111	0	23
130	112	100	23
130	113	100	23
130	114	17	23
130	115	97	23
130	116	99	23
130	117	95	23
130	118	67	23
130	119	90	23
130	125	100	23
130	126	100	23
130	127	53	23
130	131	100	23
130	133	99	23
130	139	15	23
130	141	96	23
130	144	96	23
130	146	100	23
130	148	98	23
131	103	85	23
131	110	95	23
131	112	100	23
131	113	88	23
131	115	91	23
131	117	99	23
131	119	97	23
131	128	32	23
131	129	92	23
131	130	96	23
131	140	95	23
131	141	99	23
131	142	98	23
131	144	97	23
131	146	99	23
131	147	100	23
131	149	92	23
132	110	100	23
132	112	4	23
132	114	97	23
132	119	100	23
132	120	100	23
132	128	100	23
132	135	100	23
132	136	100	23
133	101	89	23
133	102	86	23
133	103	100	23
133	104	14	23
133	105	75	23
133	107	89	23
133	108	95	23
133	109	94	23
133	111	93	23
133	116	91	23
133	117	93	23
133	118	99	23
133	121	92	23
133	122	91	23
133	123	93	23
133	124	72	23
133	125	99	23
133	127	88	23
133	130	95	23
133	138	2	23
133	139	20	23
133	144	5	23
133	146	97	23
135	110	67	23
135	113	7	23
135	114	99	23
135	115	71	23
135	119	77	23
135	120	90	23
135	128	80	23
135	136	100	23
135	137	100	23
135	149	78	23
136	114	100	23
136	120	100	23
136	129	97	23
136	135	100	23
136	142	98	23
137	110	99	23
137	112	39	23
137	114	100	23
137	115	94	23
137	119	97	23
137	120	14	23
137	128	4	23
137	135	99	23
137	136	0	23
138	102	96	23
138	103	61	23
138	104	95	23
138	105	65	23
138	106	81	23
138	108	87	23
138	109	0	23
138	111	97	23
138	112	95	23
138	113	98	23
138	115	60	23
138	116	99	23
138	117	99	23
138	118	91	23
138	123	89	23
138	125	99	23
138	126	100	23
138	144	96	23
138	148	31	23
139	105	2	23
139	112	96	23
139	113	99	23
139	115	17	23
139	130	36	23
139	133	23	23
139	138	0	23
139	140	96	23
139	141	97	23
139	142	70	23
139	143	100	23
139	144	92	23
139	146	100	23
139	147	100	23
139	148	93	23
139	149	99	23
140	129	97	23
140	131	98	23
140	139	48	23
140	141	100	23
140	142	99	23
140	143	100	23
140	146	2	23
140	147	99	23
141	105	96	23
141	109	75	23
141	115	23	23
141	117	14	23
141	130	91	23
141	131	95	23
141	139	99	23
141	140	99	23
141	142	100	23
141	143	95	23
141	144	95	23
141	146	93	23
141	147	93	23
141	149	100	23
142	114	45	23
142	128	98	23
142	129	99	23
142	131	91	23
142	136	100	23
142	139	98	23
142	140	91	23
142	141	96	23
142	143	97	23
142	146	0	23
142	147	98	23
143	105	93	23
143	109	96	23
143	113	89	23
143	115	34	23
143	127	88	23
143	139	99	23
143	140	96	23
143	141	94	23
143	142	100	23
143	147	96	23
144	101	74	23
144	102	97	23
144	103	17	23
144	105	100	23
144	108	100	23
144	109	100	23
144	113	98	23
144	116	97	23
144	117	89	23
144	118	65	23
144	119	41	23
144	122	95	23
144	125	98	23
144	126	90	23
144	127	100	23
144	130	96	23
144	131	98	23
144	133	53	23
144	138	99	23
144	139	94	23
144	141	94	23
144	143	52	23
144	146	96	23
144	148	99	23
146	101	1	23
146	102	92	23
146	103	34	23
146	108	48	23
146	109	91	23
146	110	21	23
146	112	76	23
146	113	89	23
146	115	88	23
146	116	100	23
146	117	95	23
146	118	24	23
146	122	38	23
146	125	95	23
146	126	83	23
146	128	35	23
146	130	100	23
146	131	100	23
146	133	85	23
146	138	11	23
146	139	97	23
146	141	100	23
146	144	100	23
146	148	91	23
146	149	39	23
147	131	93	23
147	139	85	23
147	140	98	23
147	141	95	23
147	142	100	23
147	143	96	23
148	102	92	23
148	103	91	23
148	105	82	23
148	108	81	23
148	109	96	23
148	111	90	23
148	112	94	23
148	113	100	23
148	116	99	23
148	117	91	23
148	118	54	23
148	119	86	23
148	122	0	23
148	123	30	23
148	125	98	23
148	126	92	23
148	127	80	23
148	130	100	23
148	138	90	23
148	139	94	23
148	143	2	23
148	144	99	23
148	146	100	23
148	149	20	23
149	110	96	23
149	112	92	23
149	113	87	23
149	114	98	23
149	115	97	23
149	117	97	23
149	119	99	23
149	131	96	23
149	135	100	23
149	139	98	23
149	141	100	23
149	146	90	23
100	101	95	22
100	102	100	22
100	105	72	22
100	107	95	22
100	108	63	22
100	109	92	22
100	116	41	22
100	118	17	22
100	121	87	22
100	122	98	22
100	127	95	22
101	100	97	22
101	102	100	22
101	103	80	22
101	105	99	22
101	107	96	22
101	108	100	22
101	109	96	22
101	116	95	22
101	118	90	22
101	121	98	22
101	122	100	22
101	123	64	22
101	124	59	22
101	127	97	22
101	133	70	22
101	144	13	22
102	100	85	22
102	101	89	22
102	103	95	22
102	105	100	22
102	106	31	22
102	107	100	22
102	108	99	22
102	109	100	22
102	111	14	22
102	113	98	22
102	116	96	22
102	117	95	22
102	118	100	22
102	121	87	22
102	122	92	22
102	124	91	22
102	125	100	22
102	126	52	22
102	127	92	22
102	130	96	22
102	138	100	22
102	146	94	22
102	148	92	22
103	101	4	22
103	102	98	22
103	104	99	22
103	106	97	22
103	107	100	22
103	108	94	22
103	109	100	22
103	111	99	22
103	113	93	22
103	116	97	22
103	118	96	22
103	121	92	22
103	122	96	22
103	123	98	22
103	124	95	22
103	125	25	22
103	126	96	22
103	127	0	22
103	131	50	22
103	133	98	22
103	138	93	22
103	146	12	22
103	148	9	22
104	103	98	22
104	106	99	22
104	111	100	22
104	113	47	22
104	121	98	22
104	123	94	22
104	124	44	22
104	125	92	22
104	126	2	22
104	138	100	22
105	100	86	22
105	101	94	22
105	102	94	22
105	103	68	22
105	107	87	22
105	108	87	22
105	109	96	22
105	113	97	22
105	122	97	22
105	124	30	22
105	125	60	22
105	127	97	22
105	130	68	22
105	133	8	22
105	138	73	22
105	139	66	22
105	141	49	22
105	143	84	22
105	144	100	22
105	146	99	22
105	148	93	22
106	102	77	22
106	103	94	22
106	104	93	22
106	107	75	22
106	108	85	22
106	111	97	22
106	116	88	22
106	118	22	22
106	121	63	22
106	122	8	22
106	123	98	22
106	124	96	22
106	125	98	22
106	126	95	22
106	133	12	22
106	138	98	22
107	100	94	22
107	101	87	22
107	102	100	22
107	103	91	22
107	105	66	22
107	108	97	22
107	109	89	22
107	116	95	22
107	118	91	22
107	122	89	22
107	124	100	22
107	127	96	22
107	130	76	22
107	133	6	22
108	100	8	22
108	101	97	22
108	102	93	22
108	103	67	22
108	105	91	22
108	106	96	22
108	107	94	22
108	109	97	22
108	111	75	22
108	116	100	22
108	117	82	22
108	118	98	22
108	121	87	22
108	122	94	22
108	124	92	22
108	125	30	22
108	127	91	22
108	130	26	22
108	133	100	22
108	144	97	22
108	148	82	22
109	100	91	22
109	101	90	22
109	102	99	22
109	103	100	22
109	105	97	22
109	107	100	22
109	108	100	22
109	112	98	22
109	113	93	22
109	116	94	22
109	117	98	22
109	118	100	22
109	121	100	22
109	122	100	22
109	125	90	22
109	126	97	22
109	127	99	22
109	130	97	22
109	133	100	22
109	138	91	22
109	139	97	22
109	143	87	22
109	144	100	22
109	148	99	22
109	149	14	22
110	112	95	22
110	113	95	22
110	114	100	22
110	115	98	22
110	117	98	22
110	119	99	22
110	120	2	22
110	128	96	22
110	130	95	22
110	131	99	22
110	135	97	22
110	137	98	22
110	138	1	22
110	139	93	22
110	146	97	22
110	149	97	22
111	102	96	22
111	103	99	22
111	104	100	22
111	106	100	22
111	107	12	22
111	108	95	22
111	113	86	22
111	116	91	22
111	117	100	22
111	118	100	22
111	121	97	22
111	122	9	22
111	123	99	22
111	124	100	22
111	125	100	22
111	126	98	22
111	130	100	22
111	133	97	22
111	138	98	22
111	146	9	22
112	102	75	22
112	109	89	22
112	110	100	22
112	113	97	22
112	114	95	22
112	115	100	22
112	117	100	22
112	119	97	22
112	125	100	22
112	126	94	22
112	130	53	22
112	131	98	22
112	133	93	22
112	135	95	22
112	137	94	22
112	138	94	22
112	139	100	22
112	144	98	22
112	146	97	22
112	148	95	22
112	149	92	22
113	102	99	22
113	103	91	22
113	104	2	22
113	105	66	22
113	109	99	22
113	110	91	22
113	111	70	22
113	112	96	22
113	115	51	22
113	117	97	22
113	119	90	22
113	121	9	22
113	122	5	22
113	125	96	22
113	126	98	22
113	130	100	22
113	131	92	22
113	133	27	22
113	135	97	22
113	138	98	22
113	139	22	22
113	143	100	22
113	144	100	22
113	146	95	22
113	149	95	22
114	110	97	22
114	112	91	22
114	115	98	22
114	117	99	22
114	119	91	22
114	120	99	22
114	128	100	22
114	129	100	22
114	130	4	22
114	131	50	22
114	135	99	22
114	136	99	22
114	137	96	22
114	142	0	22
115	102	22	22
115	110	100	22
115	112	100	22
115	113	86	22
115	114	91	22
115	117	100	22
115	119	98	22
115	125	86	22
115	130	75	22
115	131	96	22
115	135	100	22
115	137	95	22
115	138	85	22
115	139	92	22
115	146	87	22
115	149	100	22
116	100	84	22
116	101	94	22
116	102	97	22
116	103	96	22
116	106	91	22
116	107	98	22
116	108	93	22
116	109	100	22
116	111	93	22
116	117	100	22
116	118	99	22
116	121	100	22
116	122	91	22
116	124	88	22
116	125	100	22
116	126	100	22
116	130	98	22
116	133	94	22
116	138	96	22
116	144	97	22
116	146	99	22
116	148	100	22
117	102	93	22
117	108	73	22
117	109	66	22
117	110	100	22
117	111	82	22
117	112	100	22
117	113	100	22
117	114	91	22
117	115	100	22
117	116	79	22
117	118	71	22
117	119	90	22
117	125	100	22
117	126	91	22
117	130	93	22
117	131	100	22
117	133	87	22
117	135	31	22
117	137	51	22
117	138	96	22
117	144	87	22
117	146	95	22
117	148	86	22
117	149	97	22
118	100	5	22
118	101	94	22
118	102	97	22
118	103	97	22
118	106	6	22
118	107	95	22
118	108	93	22
118	109	89	22
118	111	91	22
118	116	92	22
118	117	81	22
118	121	93	22
118	122	84	22
118	123	86	22
118	124	93	22
118	125	91	22
118	133	100	22
118	138	91	22
118	139	5	22
118	144	25	22
118	146	15	22
119	110	96	22
119	112	100	22
119	113	99	22
119	114	93	22
119	115	98	22
119	117	95	22
119	120	100	22
119	128	99	22
119	129	95	22
119	130	89	22
119	131	93	22
119	135	94	22
119	136	43	22
119	137	99	22
119	144	48	22
119	146	58	22
119	149	100	22
120	110	98	22
120	114	57	22
120	119	97	22
120	128	98	22
120	129	100	22
120	135	97	22
120	136	99	22
120	142	99	22
121	100	67	22
121	101	89	22
121	102	87	22
121	103	96	22
121	104	96	22
121	106	35	22
121	107	100	22
121	108	100	22
121	109	91	22
121	111	93	22
121	113	67	22
121	116	93	22
121	118	96	22
121	122	96	22
121	123	94	22
121	124	96	22
121	125	89	22
121	126	96	22
121	130	99	22
121	133	100	22
121	138	100	22
121	148	93	22
122	100	100	22
122	101	92	22
122	102	89	22
122	103	90	22
122	105	100	22
122	106	30	22
122	107	96	22
122	108	100	22
122	109	94	22
122	111	19	22
122	113	85	22
122	116	96	22
122	118	80	22
122	121	92	22
122	123	64	22
122	124	86	22
122	125	98	22
122	127	100	22
122	130	95	22
122	133	99	22
122	143	90	22
122	144	97	22
122	148	6	22
123	101	41	22
123	102	3	22
123	103	90	22
123	104	97	22
123	106	91	22
123	111	96	22
123	118	41	22
123	121	81	22
123	122	17	22
123	124	78	22
123	126	82	22
123	133	56	22
124	101	91	22
124	102	89	22
124	103	90	22
124	104	57	22
124	106	93	22
124	107	72	22
124	108	92	22
124	111	87	22
124	116	82	22
124	118	81	22
124	121	91	22
124	122	93	22
124	123	96	22
124	126	89	22
124	133	85	22
125	102	93	22
125	103	88	22
125	104	100	22
125	105	6	22
125	106	83	22
125	108	78	22
125	109	90	22
125	111	93	22
125	112	100	22
125	113	96	22
125	114	22	22
125	115	98	22
125	116	91	22
125	117	97	22
125	118	91	22
125	121	56	22
125	122	86	22
125	126	91	22
125	130	100	22
125	131	46	22
125	133	95	22
125	138	100	22
125	139	91	22
125	141	75	22
125	144	100	22
125	146	4	22
125	148	100	22
125	149	100	22
126	102	54	22
126	103	93	22
126	106	96	22
126	109	11	22
126	111	100	22
126	112	55	22
126	113	96	22
126	116	93	22
126	117	91	22
126	121	90	22
126	123	97	22
126	124	86	22
126	125	94	22
126	130	98	22
126	133	91	22
126	138	100	22
126	148	49	22
127	100	89	22
127	101	99	22
127	102	87	22
127	103	84	22
127	105	96	22
127	107	92	22
127	108	90	22
127	109	100	22
127	118	0	22
127	122	90	22
127	130	68	22
127	133	91	22
127	139	85	22
127	143	97	22
127	144	100	22
127	146	94	22
128	110	97	22
128	114	99	22
128	119	95	22
128	120	96	22
128	129	98	22
128	135	96	22
128	142	94	22
129	114	99	22
129	119	92	22
129	120	95	22
129	128	96	22
129	136	99	22
129	140	98	22
129	141	11	22
129	142	100	22
129	143	55	22
129	147	93	22
129	149	7	22
130	102	93	22
130	109	94	22
130	110	93	22
130	111	99	22
130	113	100	22
130	114	12	22
130	115	9	22
130	116	87	22
130	117	97	22
130	119	95	22
130	122	73	22
130	125	99	22
130	126	96	22
130	131	100	22
130	138	96	22
130	139	87	22
130	141	5	22
130	144	99	22
130	146	100	22
130	148	100	22
130	149	94	22
131	103	88	22
131	110	95	22
131	112	99	22
131	113	100	22
131	114	99	22
131	115	97	22
131	117	94	22
131	119	96	22
131	126	21	22
131	130	95	22
131	139	93	22
131	140	100	22
131	141	100	22
131	143	99	22
131	144	97	22
131	146	100	22
131	147	97	22
131	148	13	22
131	149	98	22
132	110	3	22
132	114	99	22
132	119	100	22
132	120	96	22
132	128	98	22
132	129	100	22
132	135	100	22
132	136	97	22
132	137	41	22
133	101	10	22
133	102	86	22
133	103	100	22
133	105	17	22
133	106	94	22
133	108	92	22
133	109	94	22
133	111	94	22
133	112	89	22
133	116	96	22
133	117	99	22
133	118	100	22
133	121	97	22
133	122	96	22
133	123	73	22
133	124	93	22
133	125	89	22
133	126	92	22
133	127	86	22
133	138	21	22
133	139	30	22
133	144	0	22
133	146	97	22
135	110	82	22
135	112	89	22
135	113	90	22
135	114	81	22
135	115	100	22
135	119	95	22
135	120	100	22
135	128	100	22
135	136	96	22
135	137	100	22
136	114	100	22
136	119	46	22
136	120	99	22
136	128	47	22
136	129	97	22
136	135	97	22
136	142	36	22
137	110	94	22
137	112	92	22
137	113	7	22
137	114	100	22
137	115	94	22
137	117	42	22
137	119	96	22
137	135	100	22
138	102	94	22
138	103	90	22
138	104	100	22
138	106	100	22
138	109	92	22
138	111	100	22
138	112	100	22
138	113	100	22
138	115	85	22
138	116	100	22
138	117	98	22
138	118	92	22
138	121	94	22
138	125	94	22
138	126	96	22
138	130	99	22
138	144	94	22
138	146	21	22
138	148	91	22
139	102	12	22
139	105	5	22
139	109	18	22
139	110	89	22
139	112	93	22
139	113	90	22
139	115	94	22
139	125	95	22
139	127	18	22
139	130	93	22
139	131	92	22
139	140	100	22
139	141	100	22
139	142	47	22
139	143	100	22
139	144	100	22
139	146	97	22
139	147	98	22
139	148	100	22
139	149	93	22
140	129	5	22
140	131	100	22
140	139	94	22
140	141	99	22
140	142	99	22
140	143	100	22
140	147	96	22
141	102	4	22
141	105	0	22
141	125	80	22
141	128	1	22
141	129	14	22
141	130	76	22
141	131	100	22
141	139	100	22
141	140	96	22
141	142	100	22
141	143	99	22
141	144	100	22
141	146	96	22
141	147	93	22
141	148	67	22
142	114	48	22
142	120	95	22
142	128	94	22
142	129	96	22
142	131	17	22
142	136	9	22
142	139	11	22
142	140	80	22
142	141	92	22
142	143	92	22
142	147	86	22
143	105	0	22
143	109	94	22
143	113	96	22
143	122	62	22
143	127	89	22
143	129	0	22
143	131	100	22
143	139	100	22
143	140	100	22
143	141	96	22
143	142	95	22
143	144	91	22
143	147	99	22
143	148	100	22
144	101	82	22
144	105	99	22
144	108	99	22
144	109	88	22
144	111	47	22
144	112	97	22
144	113	91	22
144	116	90	22
144	117	96	22
144	118	9	22
144	119	95	22
144	122	100	22
144	125	91	22
144	126	33	22
144	127	96	22
144	130	97	22
144	131	98	22
144	133	87	22
144	138	96	22
144	139	95	22
144	141	100	22
144	143	100	22
144	146	100	22
144	148	95	22
146	102	99	22
146	103	26	22
146	105	15	22
146	110	100	22
146	111	6	22
146	112	89	22
146	113	93	22
146	114	0	22
146	115	100	22
146	116	88	22
146	117	94	22
146	118	6	22
146	119	86	22
146	125	12	22
146	126	41	22
146	127	82	22
146	130	99	22
146	131	92	22
146	133	24	22
146	138	93	22
146	139	92	22
146	141	95	22
146	144	100	22
146	148	100	22
146	149	99	22
147	129	48	22
147	131	96	22
147	139	88	22
147	140	96	22
147	141	100	22
147	142	97	22
147	143	95	22
148	102	95	22
148	103	89	22
148	105	91	22
148	108	84	22
148	109	92	22
148	111	25	22
148	112	90	22
148	113	86	22
148	115	27	22
148	116	92	22
148	117	92	22
148	121	99	22
148	122	33	22
148	125	98	22
148	126	100	22
148	130	100	22
148	131	8	22
148	138	99	22
148	139	98	22
148	141	29	22
148	143	96	22
148	144	100	22
148	146	100	22
148	149	63	22
149	109	13	22
149	110	94	22
149	112	93	22
149	113	88	22
149	115	97	22
149	117	97	22
149	119	97	22
149	125	100	22
149	129	67	22
149	130	100	22
149	131	96	22
149	135	98	22
149	139	86	22
149	143	11	22
149	146	93	22
149	148	70	22
100	101	100	21
100	105	99	21
100	106	26	21
100	108	96	21
100	116	87	21
100	118	87	21
100	121	83	21
100	122	94	21
100	127	95	21
100	133	74	21
100	144	76	21
101	100	100	21
101	102	95	21
101	105	92	21
101	106	85	21
101	107	96	21
101	108	97	21
101	109	91	21
101	116	50	21
101	118	85	21
101	121	99	21
101	122	97	21
101	127	96	21
101	133	21	21
102	101	95	21
102	103	89	21
102	105	96	21
102	107	97	21
102	108	100	21
102	109	100	21
102	111	93	21
102	113	96	21
102	116	100	21
102	117	37	21
102	118	97	21
102	121	88	21
102	122	88	21
102	125	95	21
102	126	40	21
102	127	88	21
102	130	38	21
102	133	96	21
102	138	99	21
102	144	93	21
102	146	100	21
103	102	49	21
103	106	60	21
103	107	69	21
103	109	94	21
103	111	100	21
103	116	98	21
103	118	98	21
103	121	95	21
103	122	92	21
103	123	96	21
103	124	95	21
103	126	96	21
103	131	35	21
103	133	100	21
103	138	98	21
103	144	29	21
104	106	66	21
104	111	95	21
104	116	71	21
104	121	89	21
104	123	90	21
104	125	96	21
104	126	89	21
104	138	100	21
105	100	81	21
105	101	86	21
105	102	87	21
105	107	83	21
105	108	86	21
105	109	100	21
105	113	100	21
105	116	48	21
105	118	57	21
105	122	91	21
105	125	8	21
105	127	99	21
105	133	89	21
105	139	99	21
105	143	97	21
105	144	100	21
105	146	100	21
105	148	94	21
106	101	64	21
106	103	55	21
106	104	64	21
106	107	7	21
106	108	80	21
106	111	89	21
106	116	64	21
106	118	94	21
106	121	94	21
106	123	96	21
106	124	90	21
106	126	96	21
106	133	9	21
106	138	64	21
107	100	1	21
107	101	92	21
107	102	100	21
107	103	84	21
107	105	53	21
107	108	94	21
107	109	69	21
107	116	88	21
107	118	100	21
107	121	96	21
107	122	34	21
107	124	74	21
107	127	7	21
107	133	49	21
107	144	42	21
108	100	91	21
108	101	100	21
108	102	100	21
108	103	65	21
108	105	95	21
108	106	100	21
108	107	100	21
108	109	100	21
108	116	98	21
108	118	100	21
108	121	100	21
108	122	91	21
108	124	4	21
108	127	95	21
108	133	100	21
108	138	98	21
108	144	88	21
108	146	100	21
109	101	95	21
109	102	97	21
109	103	98	21
109	105	98	21
109	107	82	21
109	108	100	21
109	111	0	21
109	112	100	21
109	113	88	21
109	116	96	21
109	117	8	21
109	118	94	21
109	122	93	21
109	125	95	21
109	126	94	21
109	127	96	21
109	130	75	21
109	133	92	21
109	138	100	21
109	139	96	21
109	141	13	21
109	143	96	21
109	144	100	21
109	146	0	21
109	148	95	21
110	112	97	21
110	113	5	21
110	114	95	21
110	115	98	21
110	117	94	21
110	119	98	21
110	125	38	21
110	128	61	21
110	130	90	21
110	131	97	21
110	135	97	21
110	137	100	21
110	139	45	21
110	146	86	21
110	149	100	21
111	102	9	21
111	103	97	21
111	104	99	21
111	106	85	21
111	113	7	21
111	116	96	21
111	117	93	21
111	118	25	21
111	121	99	21
111	123	100	21
111	124	38	21
111	125	81	21
111	126	100	21
111	133	98	21
111	138	99	21
111	144	0	21
112	109	96	21
112	110	100	21
112	113	92	21
112	114	92	21
112	115	99	21
112	116	79	21
112	117	100	21
112	119	100	21
112	126	98	21
112	130	100	21
112	131	100	21
112	133	95	21
112	135	95	21
112	138	97	21
112	139	98	21
112	144	94	21
112	146	100	21
112	148	0	21
112	149	94	21
113	102	65	21
113	105	92	21
113	109	96	21
113	110	94	21
113	111	58	21
113	112	67	21
113	116	48	21
113	117	95	21
113	119	94	21
113	125	98	21
113	126	96	21
113	127	36	21
113	130	99	21
113	131	93	21
113	135	85	21
113	138	98	21
113	139	93	21
113	144	93	21
113	146	99	21
113	148	50	21
113	149	96	21
114	110	98	21
114	112	96	21
114	115	100	21
114	117	97	21
114	119	95	21
114	128	100	21
114	129	97	21
114	131	11	21
114	135	97	21
114	136	96	21
114	137	96	21
115	110	100	21
115	112	100	21
115	114	96	21
115	117	100	21
115	119	100	21
115	125	99	21
115	131	100	21
115	135	94	21
115	137	97	21
115	138	88	21
115	139	85	21
115	146	61	21
115	149	96	21
116	100	12	21
116	101	79	21
116	102	96	21
116	103	95	21
116	105	2	21
116	106	50	21
116	107	92	21
116	108	100	21
116	109	100	21
116	111	100	21
116	117	68	21
116	118	94	21
116	121	94	21
116	122	90	21
116	125	100	21
116	126	55	21
116	133	98	21
116	138	100	21
116	144	93	21
116	146	95	21
116	148	94	21
117	110	99	21
117	111	90	21
117	112	97	21
117	113	93	21
117	114	100	21
117	115	96	21
117	116	87	21
117	118	84	21
117	119	58	21
117	125	98	21
117	126	93	21
117	130	95	21
117	131	100	21
117	133	2	21
117	135	8	21
117	138	100	21
117	144	90	21
117	146	94	21
117	149	100	21
118	100	83	21
118	101	8	21
118	102	92	21
118	103	99	21
118	105	14	21
118	106	98	21
118	107	100	21
118	108	97	21
118	109	92	21
118	111	93	21
118	116	98	21
118	117	100	21
118	121	100	21
118	122	94	21
118	123	100	21
118	124	87	21
118	125	6	21
118	126	41	21
118	127	92	21
118	131	34	21
118	133	98	21
118	138	96	21
118	144	77	21
118	146	38	21
119	110	97	21
119	112	80	21
119	113	100	21
119	114	98	21
119	115	98	21
119	117	70	21
119	120	97	21
119	128	94	21
119	129	38	21
119	131	100	21
119	135	100	21
119	136	94	21
119	149	100	21
120	110	98	21
120	114	100	21
120	119	93	21
120	128	99	21
120	129	100	21
120	136	95	21
121	101	93	21
121	102	91	21
121	103	95	21
121	104	94	21
121	106	100	21
121	107	92	21
121	108	93	21
121	111	98	21
121	116	96	21
121	118	88	21
121	122	91	21
121	123	88	21
121	124	95	21
121	125	7	21
121	126	100	21
121	133	100	21
121	138	99	21
122	100	100	21
122	101	92	21
122	102	92	21
122	103	83	21
122	105	97	21
122	106	0	21
122	107	72	21
122	108	100	21
122	109	96	21
122	116	90	21
122	118	100	21
122	121	99	21
122	123	93	21
122	127	96	21
122	131	11	21
122	133	62	21
122	143	87	21
122	144	100	21
122	146	71	21
123	101	1	21
123	103	90	21
123	104	98	21
123	106	96	21
123	111	97	21
123	118	97	21
123	121	88	21
123	122	68	21
123	124	97	21
123	126	97	21
123	138	55	21
124	101	76	21
124	103	93	21
124	106	99	21
124	111	88	21
124	118	93	21
124	121	94	21
124	123	100	21
124	126	95	21
124	133	98	21
125	102	93	21
125	103	32	21
125	104	94	21
125	105	36	21
125	109	93	21
125	110	100	21
125	111	91	21
125	113	100	21
125	115	99	21
125	116	89	21
125	117	98	21
125	118	76	21
125	121	64	21
125	126	87	21
125	130	100	21
125	133	92	21
125	138	95	21
125	139	77	21
125	144	98	21
125	146	73	21
125	148	100	21
126	103	95	21
126	104	97	21
126	106	100	21
126	109	43	21
126	111	100	21
126	112	97	21
126	113	100	21
126	116	89	21
126	117	100	21
126	118	0	21
126	121	100	21
126	123	95	21
126	124	95	21
126	125	100	21
126	138	100	21
126	146	70	21
127	100	95	21
127	101	99	21
127	102	98	21
127	105	97	21
127	107	19	21
127	108	94	21
127	109	100	21
127	113	7	21
127	116	18	21
127	118	33	21
127	122	98	21
127	139	81	21
127	143	89	21
127	144	100	21
128	110	82	21
128	114	96	21
128	119	96	21
128	120	88	21
128	129	98	21
128	131	12	21
128	135	15	21
128	149	88	21
129	110	9	21
129	114	95	21
129	120	96	21
129	128	97	21
129	131	69	21
129	136	97	21
129	140	100	21
129	142	93	21
129	143	1	21
130	102	85	21
130	105	11	21
130	109	93	21
130	110	97	21
130	111	100	21
130	112	100	21
130	113	97	21
130	114	93	21
130	115	94	21
130	116	86	21
130	117	100	21
130	122	2	21
130	125	95	21
130	126	87	21
130	131	96	21
130	133	89	21
130	135	13	21
130	138	100	21
130	139	100	21
130	144	100	21
130	146	94	21
130	148	99	21
130	149	93	21
131	103	52	21
131	110	100	21
131	112	97	21
131	113	94	21
131	114	37	21
131	115	95	21
131	117	99	21
131	119	100	21
131	129	0	21
131	130	100	21
131	135	52	21
131	139	100	21
131	140	99	21
131	141	97	21
131	142	86	21
131	144	98	21
131	147	96	21
131	149	99	21
132	114	92	21
132	119	95	21
132	120	100	21
132	128	98	21
132	129	92	21
132	135	95	21
132	136	100	21
132	142	80	21
133	101	79	21
133	102	92	21
133	103	95	21
133	105	81	21
133	106	49	21
133	107	30	21
133	108	100	21
133	109	97	21
133	111	86	21
133	112	88	21
133	116	100	21
133	118	96	21
133	121	96	21
133	122	69	21
133	124	90	21
133	125	97	21
133	130	99	21
133	131	0	21
133	138	99	21
133	144	100	21
133	146	67	21
135	110	100	21
135	112	88	21
135	114	95	21
135	115	100	21
135	119	100	21
135	131	67	21
135	136	92	21
135	137	97	21
136	114	94	21
136	119	79	21
136	120	99	21
136	129	100	21
136	135	100	21
137	110	94	21
137	112	28	21
137	114	100	21
137	115	94	21
137	117	82	21
137	135	98	21
138	102	92	21
138	103	93	21
138	104	92	21
138	106	7	21
138	109	79	21
138	111	90	21
138	112	54	21
138	113	100	21
138	116	91	21
138	117	97	21
138	121	91	21
138	123	69	21
138	125	99	21
138	126	95	21
138	130	100	21
138	133	85	21
138	144	94	21
138	148	44	21
139	105	89	21
139	109	86	21
139	110	88	21
139	112	100	21
139	113	2	21
139	115	3	21
139	125	10	21
139	127	2	21
139	130	61	21
139	131	100	21
139	140	99	21
139	141	100	21
139	143	91	21
139	144	100	21
139	146	97	21
139	147	19	21
139	148	97	21
140	129	55	21
140	131	100	21
140	139	100	21
140	141	95	21
140	142	100	21
140	143	99	21
140	147	46	21
141	105	3	21
141	109	91	21
141	129	99	21
141	131	97	21
141	139	99	21
141	140	100	21
141	142	100	21
141	143	100	21
141	144	91	21
141	146	93	21
141	147	100	21
142	114	32	21
142	129	90	21
142	131	96	21
142	139	0	21
142	140	98	21
142	141	66	21
142	143	98	21
142	147	93	21
143	105	92	21
143	109	87	21
143	122	15	21
143	127	54	21
143	129	8	21
143	131	11	21
143	139	100	21
143	140	96	21
143	141	100	21
143	142	95	21
143	144	100	21
143	146	92	21
143	147	98	21
143	148	9	21
144	102	2	21
144	103	76	21
144	105	92	21
144	107	2	21
144	108	3	21
144	109	91	21
144	112	80	21
144	113	99	21
144	116	94	21
144	117	100	21
144	118	27	21
144	122	85	21
144	125	100	21
144	127	90	21
144	130	98	21
144	131	93	21
144	133	86	21
144	138	94	21
144	139	100	21
144	141	100	21
144	143	100	21
144	146	100	21
144	148	99	21
146	102	69	21
146	105	90	21
146	108	93	21
146	109	9	21
146	110	96	21
146	112	97	21
146	113	96	21
146	116	87	21
146	117	96	21
146	118	16	21
146	122	20	21
146	125	28	21
146	126	89	21
146	127	6	21
146	130	94	21
146	131	42	21
146	133	28	21
146	139	98	21
146	141	95	21
146	143	92	21
146	144	94	21
146	148	99	21
146	149	100	21
147	131	91	21
147	139	94	21
147	140	36	21
147	141	98	21
147	142	97	21
147	143	100	21
148	102	0	21
148	103	88	21
148	105	98	21
148	109	83	21
148	110	6	21
148	112	79	21
148	113	30	21
148	116	100	21
148	117	91	21
148	121	83	21
148	123	75	21
148	125	98	21
148	126	95	21
148	130	100	21
148	138	97	21
148	139	95	21
148	143	94	21
148	144	100	21
148	146	98	21
148	149	91	21
149	110	96	21
149	112	84	21
149	113	97	21
149	114	91	21
149	115	99	21
149	117	98	21
149	119	100	21
149	128	96	21
149	129	9	21
149	130	95	21
149	131	95	21
149	135	96	21
149	138	15	21
149	140	8	21
149	146	96	21
149	148	81	21
100	101	100	20
100	102	94	20
100	106	62	20
100	107	100	20
100	108	100	20
100	109	9	20
100	116	92	20
100	118	96	20
100	121	5	20
100	122	100	20
100	124	13	20
100	127	100	20
100	133	91	20
100	144	99	20
101	100	100	20
101	102	99	20
101	105	45	20
101	106	93	20
101	107	100	20
101	108	100	20
101	109	100	20
101	116	98	20
101	118	100	20
101	121	100	20
101	122	97	20
101	123	95	20
101	127	99	20
101	144	37	20
101	146	34	20
102	100	100	20
102	101	98	20
102	103	100	20
102	105	98	20
102	107	100	20
102	108	100	20
102	109	98	20
102	111	99	20
102	113	92	20
102	116	97	20
102	118	98	20
102	121	98	20
102	122	100	20
102	124	100	20
102	125	98	20
102	126	99	20
102	127	100	20
102	130	100	20
102	133	100	20
102	138	99	20
102	139	84	20
102	146	29	20
102	148	95	20
103	101	0	20
103	102	96	20
103	104	94	20
103	106	92	20
103	108	90	20
103	109	94	20
103	111	94	20
103	113	100	20
103	116	97	20
103	117	62	20
103	118	100	20
103	121	96	20
103	122	84	20
103	123	97	20
103	124	98	20
103	130	98	20
103	131	100	20
103	133	100	20
103	138	94	20
103	148	98	20
104	103	100	20
104	106	100	20
104	108	16	20
104	111	100	20
104	112	75	20
104	113	44	20
104	116	100	20
104	121	97	20
104	123	100	20
104	124	100	20
104	125	100	20
104	126	98	20
104	138	29	20
105	100	38	20
105	101	85	20
105	102	99	20
105	107	100	20
105	108	96	20
105	109	96	20
105	113	100	20
105	118	98	20
105	122	100	20
105	125	100	20
105	127	100	20
105	130	98	20
105	131	63	20
105	133	4	20
105	139	84	20
105	141	100	20
105	143	100	20
105	144	100	20
105	146	96	20
105	148	97	20
106	100	94	20
106	101	100	20
106	102	0	20
106	103	99	20
106	104	98	20
106	108	100	20
106	111	94	20
106	116	98	20
106	118	96	20
106	121	97	20
106	123	100	20
106	124	100	20
106	125	74	20
106	126	95	20
106	130	82	20
106	133	100	20
107	100	99	20
107	101	100	20
107	102	98	20
107	105	98	20
107	106	10	20
107	108	100	20
107	109	96	20
107	111	54	20
107	116	78	20
107	118	97	20
107	121	100	20
107	122	99	20
107	123	95	20
107	124	91	20
107	125	13	20
107	127	2	20
107	130	3	20
107	133	92	20
107	148	13	20
108	100	94	20
108	101	100	20
108	102	100	20
108	103	100	20
108	104	2	20
108	105	39	20
108	106	100	20
108	107	100	20
108	109	96	20
108	112	36	20
108	116	100	20
108	117	9	20
108	118	98	20
108	121	96	20
108	122	100	20
108	123	57	20
108	124	99	20
108	125	100	20
108	126	96	20
108	127	100	20
108	130	100	20
108	133	97	20
108	138	99	20
108	139	100	20
108	144	100	20
108	146	96	20
108	148	86	20
109	100	75	20
109	101	100	20
109	102	100	20
109	103	100	20
109	105	100	20
109	107	92	20
109	108	93	20
109	111	82	20
109	112	100	20
109	113	11	20
109	115	92	20
109	116	100	20
109	117	96	20
109	118	94	20
109	122	100	20
109	125	100	20
109	127	100	20
109	131	66	20
109	133	94	20
109	138	94	20
109	139	100	20
109	141	98	20
109	143	100	20
109	144	100	20
109	146	84	20
109	148	100	20
110	112	100	20
110	113	100	20
110	114	100	20
110	115	95	20
110	117	100	20
110	119	97	20
110	120	97	20
110	125	100	20
110	128	100	20
110	130	96	20
110	131	96	20
110	135	99	20
110	137	97	20
110	138	92	20
110	146	100	20
110	149	100	20
111	102	98	20
111	103	100	20
111	104	98	20
111	106	96	20
111	107	88	20
111	109	0	20
111	113	96	20
111	116	100	20
111	117	23	20
111	118	51	20
111	121	98	20
111	123	100	20
111	124	74	20
111	125	4	20
111	126	99	20
111	130	97	20
111	133	99	20
111	138	96	20
111	144	100	20
111	148	5	20
112	104	98	20
112	108	31	20
112	109	100	20
112	110	96	20
112	113	94	20
112	114	97	20
112	115	100	20
112	116	94	20
112	117	100	20
112	118	46	20
112	119	100	20
112	125	99	20
112	126	96	20
112	130	95	20
112	131	99	20
112	135	100	20
112	137	98	20
112	138	100	20
112	139	99	20
112	143	90	20
112	144	3	20
112	146	100	20
112	148	85	20
112	149	97	20
113	102	100	20
113	103	100	20
113	104	28	20
113	105	93	20
113	110	100	20
113	111	74	20
113	112	99	20
113	114	48	20
113	115	93	20
113	116	93	20
113	117	100	20
113	118	25	20
113	119	100	20
113	121	5	20
113	125	96	20
113	126	96	20
113	127	63	20
113	130	97	20
113	131	97	20
113	133	97	20
113	137	6	20
113	138	94	20
113	139	99	20
113	143	90	20
113	144	97	20
113	146	96	20
113	148	93	20
113	149	98	20
114	110	100	20
114	112	100	20
114	113	80	20
114	115	95	20
114	117	92	20
114	119	98	20
114	120	100	20
114	125	5	20
114	128	100	20
114	130	96	20
114	131	79	20
114	135	93	20
114	136	100	20
114	137	100	20
115	110	100	20
115	112	100	20
115	113	95	20
115	114	99	20
115	117	97	20
115	119	100	20
115	125	100	20
115	130	100	20
115	131	94	20
115	135	100	20
115	136	18	20
115	137	96	20
115	138	59	20
115	139	35	20
115	144	1	20
115	149	96	20
116	100	100	20
116	101	100	20
116	102	100	20
116	103	100	20
116	104	93	20
116	106	94	20
116	107	68	20
116	108	98	20
116	109	100	20
116	111	98	20
116	112	99	20
116	113	98	20
116	117	98	20
116	118	92	20
116	121	98	20
116	122	100	20
116	123	22	20
116	124	66	20
116	125	100	20
116	126	92	20
116	130	100	20
116	133	98	20
116	138	100	20
116	144	100	20
116	146	20	20
116	148	97	20
117	103	90	20
117	108	7	20
117	109	31	20
117	110	98	20
117	111	4	20
117	112	96	20
117	113	96	20
117	114	97	20
117	115	95	20
117	116	97	20
117	118	86	20
117	119	100	20
117	120	2	20
117	125	100	20
117	126	100	20
117	130	100	20
117	131	92	20
117	133	98	20
117	137	61	20
117	138	97	20
117	143	0	20
117	144	95	20
117	146	96	20
117	148	95	20
117	149	95	20
118	100	93	20
118	101	100	20
118	102	100	20
118	103	98	20
118	104	1	20
118	105	90	20
118	106	87	20
118	107	100	20
118	108	100	20
118	111	5	20
118	112	3	20
118	116	99	20
118	117	100	20
118	121	100	20
118	122	65	20
118	123	100	20
118	124	97	20
118	125	99	20
118	126	2	20
118	127	99	20
118	130	93	20
118	131	91	20
118	133	99	20
118	144	92	20
118	148	100	20
119	110	96	20
119	112	99	20
119	113	94	20
119	114	97	20
119	115	100	20
119	117	100	20
119	120	100	20
119	125	89	20
119	128	100	20
119	131	100	20
119	135	99	20
119	136	97	20
119	137	93	20
119	144	96	20
119	148	98	20
119	149	100	20
120	110	100	20
120	114	95	20
120	117	19	20
120	119	94	20
120	128	100	20
120	129	94	20
120	135	65	20
120	136	93	20
120	142	55	20
121	100	83	20
121	101	100	20
121	102	97	20
121	103	97	20
121	104	100	20
121	106	91	20
121	107	100	20
121	108	98	20
121	111	99	20
121	113	35	20
121	116	100	20
121	118	100	20
121	122	100	20
121	123	95	20
121	124	100	20
121	126	100	20
121	127	0	20
121	130	100	20
121	133	100	20
121	138	100	20
122	100	100	20
122	101	93	20
122	102	99	20
122	103	90	20
122	105	95	20
122	107	96	20
122	108	100	20
122	109	91	20
122	116	96	20
122	117	69	20
122	118	94	20
122	121	94	20
122	123	37	20
122	125	97	20
122	127	100	20
122	131	9	20
122	133	49	20
122	139	47	20
122	143	97	20
122	144	96	20
122	146	95	20
123	101	86	20
123	103	98	20
123	104	97	20
123	106	100	20
123	107	96	20
123	108	94	20
123	111	100	20
123	116	45	20
123	118	96	20
123	121	98	20
123	124	96	20
123	125	100	20
123	126	96	20
123	130	77	20
123	138	99	20
123	148	94	20
124	102	100	20
124	103	96	20
124	104	41	20
124	106	100	20
124	107	100	20
124	108	98	20
124	111	99	20
124	116	94	20
124	118	99	20
124	121	100	20
124	123	96	20
124	125	13	20
124	126	100	20
124	133	100	20
124	138	87	20
125	102	100	20
125	104	96	20
125	105	77	20
125	106	27	20
125	108	65	20
125	109	99	20
125	110	100	20
125	112	99	20
125	113	95	20
125	114	25	20
125	115	96	20
125	116	100	20
125	117	100	20
125	118	90	20
125	119	21	20
125	123	94	20
125	124	12	20
125	126	96	20
125	130	94	20
125	131	93	20
125	133	96	20
125	138	98	20
125	139	94	20
125	144	99	20
125	146	95	20
125	148	96	20
126	102	95	20
126	104	100	20
126	106	94	20
126	108	98	20
126	111	96	20
126	112	100	20
126	113	95	20
126	116	96	20
126	117	100	20
126	121	100	20
126	123	97	20
126	124	99	20
126	125	100	20
126	130	97	20
126	138	100	20
126	146	100	20
126	148	92	20
127	100	97	20
127	101	99	20
127	102	100	20
127	105	100	20
127	107	97	20
127	108	100	20
127	109	95	20
127	112	0	20
127	113	100	20
127	116	1	20
127	118	100	20
127	121	4	20
127	122	100	20
127	125	78	20
127	133	98	20
127	138	28	20
127	139	95	20
127	143	50	20
127	144	96	20
128	110	97	20
128	114	100	20
128	119	100	20
128	120	100	20
128	129	100	20
128	131	99	20
128	135	15	20
128	136	24	20
128	142	98	20
128	149	97	20
129	114	97	20
129	120	98	20
129	128	98	20
129	131	3	20
129	136	100	20
129	139	55	20
129	140	100	20
129	141	97	20
129	142	100	20
129	143	28	20
129	147	61	20
130	102	100	20
130	103	93	20
130	105	45	20
130	106	38	20
130	107	5	20
130	108	96	20
130	110	100	20
130	111	95	20
130	112	95	20
130	113	100	20
130	114	88	20
130	115	100	20
130	116	100	20
130	117	97	20
130	118	50	20
130	121	95	20
130	123	28	20
130	125	99	20
130	126	96	20
130	131	100	20
130	133	97	20
130	135	36	20
130	138	96	20
130	139	99	20
130	144	99	20
130	146	95	20
130	148	97	20
130	149	94	20
131	103	89	20
131	110	99	20
131	112	99	20
131	113	100	20
131	114	96	20
131	115	92	20
131	117	100	20
131	118	74	20
131	119	100	20
131	125	95	20
131	128	99	20
131	130	100	20
131	133	65	20
131	135	98	20
131	138	24	20
131	139	95	20
131	140	100	20
131	141	97	20
131	143	11	20
131	144	9	20
131	146	2	20
131	147	98	20
131	149	98	20
132	114	99	20
132	115	92	20
132	119	100	20
132	120	100	20
132	128	100	20
132	129	96	20
132	135	100	20
132	136	100	20
132	137	100	20
132	142	10	20
132	149	96	20
133	100	90	20
133	101	38	20
133	102	100	20
133	103	99	20
133	104	4	20
133	106	95	20
133	107	78	20
133	108	97	20
133	109	100	20
133	111	98	20
133	113	95	20
133	116	100	20
133	117	99	20
133	118	96	20
133	121	96	20
133	124	98	20
133	125	96	20
133	127	100	20
133	130	95	20
133	131	100	20
133	138	96	20
133	144	99	20
133	146	88	20
133	148	100	20
135	110	99	20
135	112	97	20
135	114	97	20
135	115	95	20
135	119	94	20
135	120	13	20
135	130	81	20
135	131	93	20
135	136	91	20
135	137	97	20
135	149	9	20
136	114	100	20
136	115	6	20
136	119	97	20
136	120	98	20
136	128	16	20
136	129	100	20
136	135	98	20
136	137	93	20
137	110	98	20
137	112	94	20
137	113	75	20
137	114	100	20
137	115	93	20
137	117	37	20
137	119	96	20
137	135	97	20
137	136	100	20
138	102	95	20
138	103	99	20
138	105	0	20
138	106	7	20
138	108	89	20
138	109	90	20
138	110	91	20
138	111	100	20
138	112	97	20
138	113	89	20
138	115	22	20
138	116	94	20
138	117	96	20
138	121	100	20
138	123	100	20
138	124	68	20
138	125	100	20
138	126	98	20
138	130	98	20
138	131	0	20
138	133	100	20
138	144	97	20
138	146	6	20
138	148	100	20
138	149	82	20
139	102	74	20
139	105	7	20
139	108	90	20
139	109	91	20
139	112	94	20
139	113	99	20
139	114	3	20
139	115	82	20
139	116	55	20
139	125	100	20
139	127	90	20
139	129	52	20
139	130	100	20
139	131	100	20
139	140	100	20
139	141	96	20
139	142	100	20
139	143	100	20
139	144	98	20
139	146	98	20
139	147	99	20
139	148	98	20
139	149	96	20
140	129	98	20
140	131	100	20
140	139	99	20
140	141	97	20
140	142	100	20
140	143	100	20
140	147	100	20
140	149	100	20
141	105	79	20
141	109	100	20
141	113	17	20
141	119	3	20
141	129	98	20
141	131	100	20
141	139	97	20
141	140	100	20
141	142	94	20
141	143	100	20
141	144	100	20
141	146	99	20
141	147	98	20
141	148	100	20
141	149	98	20
142	114	0	20
142	120	73	20
142	128	100	20
142	129	97	20
142	139	98	20
142	140	96	20
142	141	97	20
142	143	95	20
142	146	31	20
142	147	100	20
143	105	100	20
143	109	95	20
143	112	89	20
143	113	98	20
143	117	6	20
143	122	89	20
143	129	94	20
143	130	17	20
143	131	50	20
143	139	98	20
143	140	100	20
143	141	100	20
143	142	95	20
143	144	100	20
143	146	100	20
143	147	100	20
143	148	96	20
144	100	98	20
144	101	45	20
144	102	19	20
144	105	96	20
144	108	97	20
144	109	96	20
144	111	83	20
144	113	93	20
144	116	96	20
144	117	100	20
144	118	91	20
144	119	3	20
144	122	99	20
144	125	100	20
144	126	7	20
144	127	99	20
144	130	94	20
144	133	96	20
144	138	100	20
144	139	100	20
144	141	97	20
144	143	100	20
144	146	100	20
144	148	98	20
144	149	70	20
146	101	65	20
146	102	91	20
146	105	100	20
146	108	97	20
146	109	70	20
146	110	100	20
146	112	100	20
146	113	95	20
146	116	43	20
146	117	92	20
146	122	49	20
146	125	100	20
146	126	97	20
146	130	95	20
146	138	57	20
146	139	95	20
146	141	100	20
146	142	34	20
146	143	100	20
146	144	97	20
146	148	97	20
146	149	100	20
147	131	94	20
147	139	94	20
147	140	98	20
147	141	100	20
147	142	96	20
147	143	99	20
148	102	100	20
148	103	90	20
148	105	98	20
148	107	5	20
148	108	82	20
148	109	100	20
148	112	50	20
148	113	100	20
148	116	100	20
148	117	100	20
148	118	90	20
148	119	87	20
148	123	98	20
148	125	95	20
148	126	100	20
148	130	100	20
148	133	87	20
148	138	94	20
148	139	99	20
148	140	3	20
148	141	33	20
148	143	100	20
148	144	100	20
148	146	98	20
148	149	98	20
149	110	93	20
149	112	97	20
149	113	93	20
149	115	97	20
149	117	100	20
149	119	100	20
149	128	100	20
149	130	94	20
149	131	93	20
149	135	68	20
149	138	98	20
149	139	99	20
149	140	94	20
149	141	98	20
149	144	63	20
149	146	100	20
149	148	100	20
100	101	100	15
100	102	17	15
100	105	67	15
100	107	96	15
100	109	74	15
100	118	83	15
100	121	83	15
100	122	94	15
100	124	3	15
100	127	87	15
100	133	2	15
101	100	96	15
101	102	90	15
101	103	85	15
101	105	89	15
101	106	68	15
101	107	89	15
101	108	83	15
101	109	90	15
101	116	91	15
101	118	80	15
101	121	61	15
101	122	99	15
101	123	93	15
101	124	51	15
101	127	100	15
101	133	8	15
101	144	75	15
102	100	1	15
102	101	79	15
102	103	69	15
102	105	94	15
102	107	93	15
102	108	97	15
102	109	93	15
102	112	97	15
102	113	92	15
102	116	84	15
102	117	100	15
102	118	96	15
102	122	81	15
102	125	90	15
102	127	85	15
102	130	93	15
102	131	1	15
102	133	79	15
102	138	94	15
102	139	89	15
102	144	100	15
102	146	96	15
102	148	29	15
103	100	8	15
103	101	77	15
103	102	8	15
103	104	71	15
103	106	73	15
103	108	93	15
103	109	75	15
103	111	93	15
103	113	39	15
103	116	87	15
103	118	78	15
103	121	93	15
103	123	82	15
103	124	78	15
103	125	94	15
103	126	96	15
103	127	69	15
103	130	100	15
103	131	96	15
103	133	82	15
103	138	96	15
103	144	80	15
103	148	86	15
104	103	84	15
104	106	85	15
104	111	96	15
104	116	62	15
104	118	84	15
104	121	86	15
104	123	99	15
104	125	95	15
104	126	95	15
104	138	95	15
105	100	70	15
105	101	88	15
105	102	99	15
105	107	24	15
105	108	72	15
105	109	93	15
105	113	89	15
105	116	70	15
105	118	65	15
105	121	0	15
105	122	96	15
105	126	35	15
105	127	100	15
105	133	71	15
105	138	9	15
105	139	6	15
105	141	7	15
105	143	77	15
105	144	100	15
105	146	100	15
105	148	59	15
106	101	91	15
106	103	83	15
106	104	98	15
106	107	9	15
106	108	86	15
106	111	93	15
106	116	76	15
106	117	24	15
106	118	87	15
106	121	99	15
106	123	100	15
106	124	88	15
106	126	87	15
106	133	22	15
106	138	95	15
107	100	95	15
107	101	87	15
107	102	95	15
107	105	1	15
107	108	92	15
107	109	97	15
107	111	9	15
107	116	6	15
107	118	84	15
107	121	85	15
107	122	86	15
107	124	91	15
107	127	93	15
107	133	81	15
107	144	91	15
108	100	0	15
108	101	100	15
108	102	98	15
108	103	99	15
108	105	100	15
108	106	91	15
108	107	80	15
108	109	93	15
108	111	78	15
108	112	69	15
108	113	57	15
108	116	97	15
108	117	21	15
108	118	100	15
108	121	93	15
108	122	100	15
108	124	1	15
108	125	83	15
108	126	65	15
108	127	87	15
108	130	63	15
108	133	84	15
108	138	33	15
108	139	0	15
108	144	96	15
108	146	92	15
108	148	94	15
109	100	81	15
109	101	89	15
109	102	95	15
109	103	74	15
109	105	94	15
109	107	75	15
109	108	93	15
109	113	100	15
109	116	94	15
109	117	70	15
109	118	13	15
109	122	88	15
109	125	80	15
109	127	100	15
109	130	84	15
109	133	90	15
109	138	71	15
109	139	83	15
109	143	90	15
109	144	99	15
109	146	94	15
109	147	8	15
109	148	5	15
110	112	100	15
110	113	96	15
110	114	100	15
110	115	99	15
110	117	98	15
110	119	100	15
110	125	100	15
110	128	92	15
110	130	81	15
110	131	95	15
110	135	98	15
110	137	96	15
110	146	40	15
110	149	100	15
111	103	97	15
111	104	96	15
111	106	89	15
111	107	62	15
111	108	56	15
111	113	90	15
111	116	86	15
111	118	77	15
111	121	91	15
111	123	100	15
111	124	92	15
111	125	91	15
111	126	92	15
111	130	62	15
111	138	90	15
111	144	32	15
111	148	93	15
112	102	83	15
112	108	78	15
112	109	24	15
112	110	99	15
112	113	95	15
112	114	11	15
112	115	100	15
112	116	81	15
112	117	99	15
112	125	87	15
112	126	61	15
112	130	100	15
112	131	94	15
112	133	50	15
112	135	100	15
112	138	96	15
112	139	28	15
112	143	86	15
112	144	93	15
112	146	2	15
112	148	100	15
113	102	76	15
113	105	87	15
113	108	50	15
113	109	93	15
113	110	99	15
113	111	40	15
113	112	96	15
113	116	57	15
113	117	100	15
113	118	60	15
113	121	18	15
113	125	100	15
113	126	66	15
113	127	68	15
113	130	94	15
113	131	92	15
113	133	7	15
113	138	95	15
113	139	90	15
113	143	64	15
113	144	54	15
113	146	98	15
113	148	88	15
113	149	89	15
114	110	97	15
114	113	19	15
114	115	96	15
114	117	98	15
114	119	100	15
114	120	97	15
114	128	100	15
114	130	84	15
114	131	93	15
114	135	100	15
114	136	100	15
114	137	98	15
114	139	16	15
114	148	5	15
114	149	100	15
115	110	92	15
115	112	100	15
115	114	95	15
115	117	97	15
115	119	100	15
115	125	88	15
115	130	94	15
115	131	89	15
115	135	99	15
115	144	83	15
115	146	87	15
115	149	97	15
116	101	77	15
116	102	90	15
116	103	96	15
116	104	65	15
116	105	85	15
116	106	55	15
116	107	71	15
116	108	85	15
116	109	98	15
116	111	49	15
116	112	97	15
116	113	94	15
116	117	100	15
116	118	88	15
116	121	60	15
116	122	93	15
116	123	88	15
116	124	85	15
116	125	95	15
116	126	87	15
116	127	43	15
116	130	96	15
116	131	89	15
116	133	100	15
116	138	100	15
116	139	93	15
116	144	87	15
116	146	84	15
116	148	98	15
117	102	80	15
117	108	46	15
117	109	84	15
117	110	100	15
117	112	96	15
117	113	100	15
117	114	89	15
117	115	100	15
117	116	87	15
117	119	100	15
117	121	56	15
117	122	18	15
117	125	100	15
117	126	11	15
117	128	0	15
117	130	100	15
117	131	87	15
117	133	78	15
117	138	99	15
117	139	21	15
117	144	47	15
117	146	93	15
117	148	95	15
117	149	94	15
118	100	85	15
118	101	84	15
118	102	94	15
118	103	78	15
118	104	69	15
118	106	79	15
118	107	93	15
118	108	98	15
118	109	3	15
118	111	67	15
118	113	71	15
118	116	78	15
118	121	97	15
118	122	98	15
118	123	8	15
118	124	88	15
118	125	96	15
118	126	67	15
118	127	95	15
118	131	13	15
118	133	94	15
118	146	15	15
118	148	85	15
119	110	99	15
119	114	100	15
119	115	91	15
119	117	91	15
119	120	50	15
119	125	91	15
119	128	99	15
119	129	65	15
119	130	90	15
119	135	96	15
119	136	86	15
119	137	91	15
119	139	20	15
119	144	1	15
119	148	11	15
119	149	100	15
120	114	25	15
120	119	88	15
120	128	1	15
120	129	61	15
120	135	4	15
120	136	100	15
120	142	0	15
121	100	79	15
121	101	17	15
121	103	99	15
121	104	100	15
121	106	88	15
121	107	88	15
121	108	96	15
121	111	91	15
121	113	18	15
121	116	70	15
121	117	25	15
121	118	93	15
121	122	96	15
121	123	96	15
121	124	94	15
121	125	61	15
121	126	93	15
121	133	91	15
121	138	96	15
122	100	98	15
122	101	93	15
122	102	94	15
122	105	91	15
122	107	90	15
122	108	95	15
122	109	96	15
122	113	0	15
122	116	87	15
122	117	43	15
122	118	85	15
122	121	85	15
122	127	98	15
122	130	8	15
122	133	88	15
122	138	17	15
122	139	7	15
122	143	80	15
122	144	99	15
122	148	8	15
123	101	81	15
123	103	85	15
123	104	100	15
123	106	100	15
123	107	11	15
123	111	100	15
123	116	92	15
123	118	32	15
123	121	82	15
123	124	77	15
123	125	12	15
123	126	95	15
123	138	92	15
123	148	73	15
124	100	6	15
124	101	80	15
124	103	81	15
124	106	97	15
124	107	68	15
124	111	86	15
124	116	5	15
124	118	79	15
124	121	97	15
124	123	94	15
124	126	40	15
124	133	63	15
125	102	75	15
125	103	91	15
125	104	99	15
125	108	76	15
125	109	52	15
125	110	100	15
125	111	82	15
125	112	50	15
125	113	91	15
125	115	96	15
125	116	95	15
125	117	98	15
125	118	87	15
125	119	98	15
125	123	5	15
125	126	88	15
125	127	32	15
125	130	100	15
125	131	88	15
125	133	80	15
125	138	99	15
125	144	93	15
125	146	95	15
125	148	92	15
125	149	67	15
126	103	84	15
126	104	95	15
126	106	84	15
126	111	95	15
126	112	13	15
126	113	93	15
126	116	92	15
126	118	35	15
126	121	95	15
126	123	88	15
126	125	99	15
126	130	72	15
126	138	100	15
126	144	94	15
126	146	85	15
127	100	98	15
127	101	95	15
127	102	93	15
127	103	88	15
127	105	98	15
127	107	98	15
127	109	97	15
127	113	80	15
127	116	4	15
127	118	84	15
127	122	92	15
127	125	79	15
127	133	87	15
127	143	56	15
127	144	100	15
127	148	100	15
128	110	99	15
128	113	2	15
128	114	97	15
128	117	9	15
128	119	100	15
128	129	96	15
128	131	92	15
128	135	90	15
128	136	96	15
128	141	0	15
128	142	95	15
128	149	96	15
129	119	92	15
129	120	10	15
129	128	95	15
129	131	23	15
129	136	100	15
129	140	23	15
129	141	84	15
129	142	96	15
129	143	0	15
129	147	15	15
129	149	95	15
130	102	85	15
130	103	89	15
130	105	33	15
130	108	27	15
130	109	95	15
130	110	100	15
130	111	55	15
130	112	98	15
130	113	98	15
130	114	99	15
130	115	100	15
130	116	84	15
130	117	100	15
130	119	96	15
130	125	100	15
130	126	85	15
130	131	97	15
130	133	88	15
130	138	100	15
130	139	97	15
130	141	19	15
130	146	97	15
130	148	97	15
130	149	94	15
131	103	81	15
131	110	97	15
131	112	97	15
131	113	93	15
131	114	93	15
131	115	100	15
131	116	76	15
131	117	98	15
131	125	99	15
131	128	92	15
131	129	17	15
131	130	95	15
131	139	89	15
131	140	89	15
131	141	90	15
131	142	86	15
131	143	91	15
131	147	96	15
131	149	100	15
132	110	81	15
132	114	97	15
132	115	0	15
132	119	96	15
132	120	93	15
132	128	96	15
132	135	100	15
132	136	96	15
132	142	14	15
132	149	65	15
133	100	76	15
133	101	82	15
133	102	100	15
133	103	88	15
133	105	91	15
133	106	6	15
133	107	79	15
133	108	95	15
133	109	98	15
133	111	22	15
133	112	0	15
133	113	31	15
133	116	99	15
133	117	100	15
133	118	96	15
133	121	92	15
133	122	97	15
133	123	27	15
133	124	74	15
133	125	88	15
133	127	87	15
133	130	97	15
133	138	2	15
133	139	71	15
133	144	93	15
133	146	26	15
133	148	94	15
135	110	100	15
135	112	97	15
135	114	100	15
135	115	100	15
135	119	100	15
135	128	94	15
135	136	86	15
135	137	95	15
136	114	97	15
136	119	94	15
136	120	97	15
136	128	100	15
136	129	93	15
136	135	100	15
136	142	4	15
137	110	100	15
137	112	38	15
137	114	96	15
137	115	41	15
137	117	82	15
137	119	100	15
137	120	23	15
137	135	93	15
137	136	92	15
137	149	43	15
138	102	79	15
138	103	84	15
138	104	81	15
138	105	0	15
138	106	84	15
138	109	13	15
138	111	97	15
138	112	100	15
138	113	97	15
138	116	85	15
138	117	99	15
138	121	81	15
138	123	78	15
138	125	95	15
138	126	94	15
138	130	100	15
138	133	15	15
138	139	15	15
138	144	65	15
138	146	10	15
138	148	87	15
138	149	93	15
139	102	80	15
139	109	83	15
139	112	85	15
139	113	92	15
139	114	7	15
139	116	78	15
139	117	59	15
139	119	9	15
139	122	0	15
139	130	91	15
139	131	94	15
139	133	35	15
139	138	72	15
139	140	81	15
139	141	89	15
139	142	89	15
139	143	100	15
139	144	98	15
139	146	97	15
139	147	71	15
139	148	94	15
139	149	96	15
140	129	5	15
140	131	99	15
140	139	80	15
140	141	97	15
140	142	99	15
140	143	100	15
140	147	75	15
140	149	9	15
141	109	28	15
141	112	87	15
141	128	61	15
141	129	87	15
141	130	86	15
141	131	94	15
141	139	100	15
141	140	90	15
141	142	95	15
141	143	83	15
141	144	98	15
141	146	97	15
141	147	83	15
141	148	95	15
141	149	62	15
142	128	100	15
142	129	54	15
142	131	95	15
142	136	12	15
142	139	99	15
142	140	93	15
142	141	94	15
142	143	85	15
142	147	100	15
143	105	100	15
143	109	98	15
143	112	92	15
143	113	81	15
143	122	92	15
143	125	29	15
143	127	52	15
143	129	17	15
143	131	100	15
143	139	100	15
143	140	100	15
143	141	34	15
143	142	90	15
143	144	93	15
143	146	79	15
143	147	96	15
143	149	88	15
144	101	74	15
144	102	77	15
144	103	53	15
144	105	97	15
144	107	79	15
144	108	78	15
144	109	96	15
144	110	6	15
144	112	94	15
144	113	100	15
144	115	85	15
144	116	75	15
144	117	14	15
144	118	0	15
144	122	100	15
144	125	95	15
144	126	73	15
144	127	95	15
144	131	48	15
144	133	64	15
144	138	81	15
144	139	96	15
144	141	94	15
144	143	82	15
144	146	100	15
144	148	96	15
144	149	91	15
146	101	11	15
146	102	93	15
146	103	6	15
146	105	75	15
146	107	42	15
146	108	100	15
146	109	93	15
146	110	100	15
146	111	43	15
146	113	100	15
146	115	99	15
146	116	85	15
146	117	100	15
146	118	84	15
146	121	14	15
146	125	94	15
146	126	82	15
146	130	99	15
146	131	94	15
146	133	69	15
146	138	87	15
146	139	94	15
146	141	94	15
146	142	4	15
146	143	96	15
146	144	100	15
146	147	3	15
146	148	96	15
146	149	95	15
147	128	45	15
147	129	14	15
147	131	71	15
147	139	91	15
147	140	60	15
147	141	69	15
147	142	97	15
147	143	94	15
148	103	84	15
148	105	48	15
148	108	88	15
148	109	25	15
148	111	90	15
148	112	93	15
148	113	100	15
148	114	23	15
148	115	4	15
148	116	84	15
148	117	99	15
148	118	82	15
148	119	9	15
148	123	80	15
148	125	96	15
148	127	94	15
148	130	100	15
148	131	5	15
148	133	89	15
148	138	92	15
148	139	98	15
148	141	92	15
148	143	5	15
148	144	100	15
148	146	100	15
148	149	86	15
149	110	100	15
149	113	90	15
149	114	97	15
149	115	98	15
149	117	93	15
149	119	96	15
149	125	44	15
149	128	94	15
149	129	36	15
149	130	90	15
149	131	93	15
149	138	93	15
149	139	85	15
149	144	85	15
149	146	87	15
149	147	0	15
149	148	92	15
