100	101	91	26
100	102	94	26
100	105	92	26
100	106	49	26
100	107	89	26
100	108	100	26
100	109	95	26
100	118	98	26
100	122	97	26
100	127	99	26
100	133	65	26
101	100	100	26
101	102	97	26
101	105	96	26
101	106	89	26
101	107	94	26
101	108	100	26
101	109	97	26
101	116	100	26
101	121	96	26
101	122	98	26
101	127	100	26
101	133	92	26
101	148	7	26
102	100	94	26
102	101	92	26
102	103	99	26
102	105	100	26
102	107	100	26
102	108	96	26
102	109	97	26
102	112	99	26
102	113	100	26
102	115	0	26
102	116	99	26
102	118	93	26
102	122	98	26
102	125	14	26
102	126	90	26
102	127	100	26
102	133	95	26
102	138	100	26
102	139	87	26
102	144	92	26
102	146	63	26
102	148	98	26
103	102	94	26
103	104	92	26
103	106	93	26
103	107	91	26
103	108	91	26
103	111	98	26
103	113	96	26
103	116	100	26
103	117	10	26
103	118	93	26
103	121	98	26
103	123	100	26
103	124	99	26
103	125	97	26
103	126	97	26
103	130	99	26
103	131	100	26
103	133	89	26
103	138	100	26
103	146	54	26
103	148	93	26
104	103	89	26
104	106	87	26
104	108	18	26
104	111	93	26
104	112	76	26
104	118	85	26
104	121	92	26
104	123	100	26
104	124	93	26
104	126	96	26
104	138	100	26
105	100	100	26
105	101	100	26
105	102	95	26
105	108	95	26
105	109	100	26
105	113	99	26
105	116	21	26
105	118	92	26
105	122	99	26
105	127	97	26
105	130	98	26
105	133	71	26
105	138	18	26
105	139	97	26
105	141	90	26
105	143	100	26
105	144	100	26
105	146	97	26
106	100	0	26
106	101	11	26
106	103	97	26
106	104	100	26
106	108	54	26
106	109	0	26
106	111	97	26
106	116	2	26
106	118	99	26
106	121	97	26
106	122	20	26
106	123	98	26
106	124	98	26
106	125	81	26
106	126	98	26
106	133	94	26
106	138	93	26
107	100	99	26
107	101	98	26
107	102	95	26
107	103	100	26
107	108	97	26
107	109	89	26
107	116	91	26
107	118	100	26
107	121	89	26
107	122	96	26
107	124	97	26
107	125	6	26
107	127	95	26
107	144	89	26
108	100	98	26
108	101	98	26
108	102	98	26
108	103	96	26
108	104	71	26
108	105	96	26
108	106	93	26
108	107	98	26
108	109	100	26
108	111	24	26
108	113	8	26
108	116	99	26
108	117	65	26
108	118	99	26
108	121	96	26
108	122	100	26
108	123	98	26
108	125	89	26
108	127	94	26
108	130	1	26
108	133	100	26
108	138	100	26
108	139	97	26
108	144	100	26
108	148	90	26
109	100	100	26
109	101	94	26
109	102	97	26
109	105	100	26
109	106	64	26
109	107	91	26
109	108	100	26
109	112	100	26
109	116	100	26
109	117	99	26
109	122	96	26
109	125	99	26
109	126	95	26
109	127	96	26
109	130	100	26
109	131	49	26
109	133	95	26
109	138	100	26
109	139	36	26
109	143	70	26
109	144	100	26
109	147	4	26
109	148	95	26
110	112	100	26
110	113	97	26
110	114	97	26
110	115	99	26
110	119	100	26
110	125	97	26
110	128	100	26
110	130	95	26
110	131	100	26
110	135	100	26
110	136	8	26
110	137	95	26
110	139	13	26
110	146	99	26
110	149	100	26
111	103	100	26
111	104	98	26
111	106	100	26
111	113	93	26
111	116	88	26
111	117	97	26
111	118	92	26
111	121	99	26
111	123	89	26
111	124	95	26
111	125	53	26
111	126	97	26
111	133	98	26
111	138	99	26
111	148	87	26
112	102	97	26
112	104	42	26
112	109	87	26
112	110	97	26
112	113	100	26
112	115	97	26
112	116	91	26
112	117	96	26
112	119	98	26
112	125	99	26
112	128	100	26
112	130	100	26
112	131	98	26
112	133	93	26
112	138	95	26
112	139	14	26
112	144	3	26
112	146	60	26
112	148	97	26
112	149	96	26
113	102	97	26
113	103	100	26
113	105	21	26
113	110	100	26
113	111	85	26
113	112	100	26
113	115	99	26
113	116	96	26
113	117	100	26
113	118	96	26
113	119	96	26
113	121	95	26
113	122	96	26
113	125	100	26
113	130	100	26
113	131	95	26
113	133	89	26
113	138	98	26
113	139	96	26
113	143	14	26
113	144	98	26
113	146	96	26
113	148	98	26
113	149	100	26
114	110	94	26
114	115	20	26
114	117	38	26
114	119	99	26
114	120	96	26
114	125	55	26
114	128	100	26
114	129	32	26
114	130	39	26
114	135	98	26
114	136	100	26
114	137	100	26
114	146	14	26
115	110	96	26
115	112	30	26
115	113	97	26
115	114	9	26
115	117	97	26
115	119	100	26
115	125	96	26
115	128	7	26
115	130	99	26
115	131	94	26
115	138	93	26
115	141	8	26
115	146	94	26
115	149	98	26
116	101	97	26
116	102	100	26
116	103	89	26
116	104	0	26
116	107	86	26
116	108	96	26
116	109	97	26
116	111	96	26
116	112	89	26
116	113	94	26
116	115	3	26
116	117	97	26
116	118	99	26
116	122	93	26
116	123	77	26
116	125	98	26
116	126	87	26
116	127	89	26
116	130	100	26
116	133	80	26
116	138	96	26
116	139	100	26
116	144	100	26
116	146	93	26
116	148	100	26
116	149	25	26
117	108	46	26
117	109	93	26
117	110	14	26
117	111	100	26
117	112	100	26
117	113	100	26
117	115	95	26
117	116	96	26
117	118	10	26
117	119	98	26
117	120	1	26
117	125	96	26
117	126	89	26
117	130	97	26
117	131	91	26
117	133	90	26
117	135	76	26
117	137	90	26
117	138	97	26
117	139	33	26
117	144	99	26
117	146	94	26
117	148	96	26
117	149	98	26
118	100	95	26
118	102	98	26
118	103	96	26
118	104	95	26
118	105	10	26
118	106	94	26
118	107	93	26
118	108	93	26
118	111	98	26
118	112	5	26
118	113	98	26
118	116	100	26
118	117	12	26
118	121	95	26
118	122	96	26
118	123	100	26
118	124	93	26
118	125	97	26
118	126	92	26
118	127	15	26
118	130	92	26
118	131	2	26
118	133	91	26
118	138	96	26
118	144	100	26
118	146	92	26
119	110	97	26
119	112	100	26
119	113	99	26
119	114	95	26
119	115	100	26
119	117	95	26
119	120	100	26
119	128	91	26
119	129	100	26
119	130	45	26
119	131	100	26
119	135	99	26
119	136	96	26
119	137	96	26
119	139	0	26
119	144	26	26
119	146	98	26
119	148	100	26
119	149	98	26
120	114	98	26
120	119	86	26
120	128	99	26
120	129	96	26
120	135	99	26
120	136	99	26
120	142	94	26
121	101	99	26
121	103	96	26
121	104	98	26
121	106	100	26
121	107	94	26
121	108	91	26
121	111	92	26
121	113	95	26
121	118	94	26
121	123	90	26
121	124	100	26
121	125	13	26
121	126	100	26
121	133	93	26
121	138	100	26
121	148	2	26
122	100	100	26
122	101	99	26
122	102	98	26
122	105	97	26
122	106	88	26
122	107	99	26
122	108	98	26
122	109	100	26
122	113	93	26
122	116	100	26
122	117	91	26
122	118	100	26
122	121	6	26
122	123	85	26
122	124	99	26
122	125	100	26
122	127	95	26
122	130	1	26
122	133	95	26
122	139	53	26
122	143	95	26
122	144	95	26
122	148	96	26
123	103	100	26
123	104	97	26
123	106	98	26
123	108	100	26
123	111	100	26
123	112	2	26
123	116	58	26
123	118	91	26
123	121	100	26
123	122	4	26
123	124	99	26
123	126	98	26
123	130	49	26
123	133	28	26
123	138	98	26
123	148	61	26
124	103	96	26
124	104	99	26
124	106	96	26
124	107	95	26
124	111	94	26
124	118	97	26
124	121	100	26
124	123	100	26
124	126	73	26
124	138	32	26
125	102	57	26
125	103	100	26
125	106	20	26
125	108	83	26
125	109	98	26
125	110	99	26
125	111	47	26
125	112	97	26
125	113	93	26
125	114	4	26
125	115	100	26
125	116	98	26
125	117	98	26
125	118	94	26
125	121	15	26
125	122	67	26
125	126	100	26
125	127	7	26
125	130	97	26
125	131	100	26
125	133	92	26
125	138	100	26
125	139	1	26
125	144	20	26
125	148	99	26
125	149	100	26
126	102	91	26
126	103	94	26
126	104	100	26
126	106	96	26
126	109	60	26
126	110	8	26
126	111	100	26
126	113	87	26
126	116	93	26
126	117	99	26
126	118	100	26
126	121	100	26
126	123	95	26
126	124	99	26
126	125	100	26
126	133	0	26
126	138	97	26
126	144	90	26
126	146	96	26
126	148	100	26
127	100	94	26
127	101	96	26
127	102	96	26
127	105	93	26
127	107	100	26
127	108	99	26
127	109	100	26
127	113	95	26
127	116	94	26
127	118	91	26
127	122	93	26
127	125	80	26
127	133	60	26
127	143	16	26
127	144	98	26
127	146	93	26
127	148	99	26
128	110	60	26
128	112	90	26
128	114	99	26
128	115	6	26
128	119	96	26
128	120	96	26
128	129	100	26
128	135	100	26
128	136	4	26
128	142	100	26
128	149	93	26
129	114	62	26
129	119	100	26
129	120	100	26
129	128	98	26
129	131	100	26
129	135	0	26
129	136	100	26
129	140	85	26
129	142	95	26
129	147	99	26
130	103	96	26
130	105	51	26
130	109	94	26
130	110	97	26
130	112	96	26
130	113	100	26
130	114	11	26
130	115	100	26
130	116	90	26
130	117	96	26
130	118	95	26
130	119	23	26
130	123	33	26
130	125	94	26
130	131	97	26
130	138	99	26
130	139	93	26
130	141	44	26
130	143	92	26
130	144	98	26
130	146	100	26
130	148	100	26
130	149	74	26
131	103	89	26
131	110	100	26
131	112	90	26
131	113	93	26
131	115	100	26
131	117	99	26
131	119	97	26
131	125	96	26
131	128	0	26
131	129	34	26
131	130	100	26
131	138	31	26
131	139	98	26
131	140	100	26
131	141	98	26
131	142	100	26
131	143	91	26
131	144	87	26
131	146	98	26
131	147	12	26
131	148	91	26
131	149	99	26
132	110	82	26
132	112	3	26
132	114	98	26
132	115	97	26
132	119	99	26
132	120	100	26
132	129	98	26
132	135	100	26
132	136	99	26
132	137	100	26
133	100	20	26
133	101	100	26
133	102	96	26
133	103	90	26
133	106	92	26
133	108	93	26
133	109	73	26
133	111	99	26
133	112	100	26
133	113	99	26
133	116	65	26
133	117	100	26
133	118	98	26
133	121	96	26
133	122	96	26
133	123	58	26
133	125	97	26
133	127	0	26
133	138	96	26
133	144	94	26
133	146	100	26
133	148	100	26
135	110	100	26
135	114	95	26
135	117	96	26
135	119	98	26
135	120	100	26
135	128	100	26
135	136	100	26
135	137	100	26
135	149	100	26
136	114	93	26
136	119	100	26
136	120	99	26
136	128	77	26
136	129	100	26
136	135	99	26
136	137	2	26
136	142	6	26
137	110	98	26
137	112	2	26
137	114	100	26
137	115	83	26
137	117	100	26
137	119	100	26
137	135	95	26
137	136	7	26
138	102	59	26
138	103	95	26
138	104	100	26
138	106	96	26
138	108	93	26
138	109	100	26
138	111	100	26
138	112	100	26
138	113	93	26
138	115	100	26
138	116	97	26
138	117	100	26
138	118	95	26
138	121	93	26
138	123	95	26
138	124	1	26
138	125	97	26
138	126	96	26
138	130	100	26
138	131	29	26
138	133	98	26
138	146	86	26
138	148	94	26
139	102	61	26
139	105	92	26
139	108	49	26
139	112	7	26
139	113	97	26
139	116	91	26
139	117	28	26
139	130	94	26
139	131	99	26
139	140	96	26
139	141	100	26
139	142	100	26
139	143	97	26
139	144	98	26
139	147	99	26
139	148	96	26
139	149	80	26
140	129	5	26
140	131	100	26
140	139	94	26
140	141	96	26
140	143	99	26
140	147	100	26
141	105	41	26
141	112	5	26
141	115	86	26
141	120	7	26
141	125	0	26
141	130	38	26
141	131	96	26
141	139	99	26
141	140	100	26
141	142	100	26
141	143	100	26
141	146	97	26
141	147	86	26
141	148	96	26
141	149	93	26
142	120	96	26
142	128	100	26
142	129	99	26
142	131	96	26
142	136	90	26
142	139	95	26
142	140	2	26
142	141	93	26
142	143	96	26
142	147	98	26
143	105	96	26
143	113	77	26
143	130	70	26
143	131	97	26
143	139	95	26
143	140	99	26
143	141	97	26
143	142	95	26
143	144	77	26
143	146	96	26
143	147	97	26
144	102	91	26
144	105	97	26
144	107	100	26
144	108	100	26
144	109	99	26
144	111	8	26
144	112	73	26
144	113	94	26
144	116	100	26
144	117	97	26
144	118	92	26
144	119	86	26
144	122	97	26
144	125	67	26
144	126	64	26
144	127	96	26
144	130	100	26
144	131	99	26
144	133	98	26
144	139	100	26
144	143	78	26
144	146	98	26
144	148	92	26
146	102	100	26
146	103	98	26
146	105	100	26
146	110	97	26
146	112	97	26
146	113	100	26
146	114	82	26
146	115	97	26
146	116	98	26
146	117	95	26
146	118	90	26
146	119	100	26
146	126	97	26
146	127	92	26
146	128	100	26
146	130	100	26
146	131	97	26
146	133	100	26
146	138	92	26
146	141	94	26
146	143	100	26
146	144	96	26
146	148	97	26
146	149	100	26
147	129	95	26
147	131	89	26
147	139	97	26
147	140	97	26
147	141	93	26
147	142	100	26
147	143	92	26
148	102	100	26
148	103	80	26
148	108	94	26
148	109	100	26
148	111	78	26
148	112	100	26
148	113	100	26
148	116	95	26
148	117	100	26
148	119	99	26
148	122	72	26
148	125	100	26
148	126	92	26
148	127	95	26
148	130	96	26
148	131	100	26
148	133	95	26
148	138	98	26
148	139	100	26
148	141	96	26
148	144	95	26
148	146	100	26
148	149	100	26
149	110	99	26
149	112	98	26
149	113	100	26
149	115	100	26
149	116	16	26
149	117	98	26
149	119	100	26
149	125	100	26
149	128	99	26
149	130	96	26
149	131	94	26
149	135	96	26
149	139	100	26
149	141	97	26
149	146	100	26
149	148	96	26
100	101	61	25
100	102	100	25
100	105	57	25
100	107	94	25
100	108	97	25
100	109	98	25
100	116	74	25
100	118	100	25
100	121	90	25
100	122	100	25
100	127	100	25
100	133	9	25
100	144	13	25
101	100	39	25
101	102	99	25
101	103	64	25
101	105	95	25
101	106	98	25
101	107	97	25
101	108	100	25
101	109	100	25
101	116	98	25
101	118	98	25
101	121	94	25
101	122	99	25
101	123	0	25
101	124	14	25
101	127	94	25
101	133	99	25
101	144	23	25
102	100	92	25
102	101	100	25
102	103	98	25
102	105	100	25
102	107	94	25
102	108	100	25
102	109	100	25
102	112	55	25
102	113	88	25
102	116	100	25
102	118	100	25
102	122	100	25
102	124	96	25
102	125	91	25
102	126	82	25
102	127	98	25
102	133	100	25
102	138	97	25
102	139	100	25
102	144	100	25
102	146	97	25
102	148	63	25
103	101	88	25
103	102	98	25
103	104	100	25
103	106	95	25
103	108	100	25
103	109	99	25
103	111	99	25
103	113	100	25
103	116	100	25
103	118	94	25
103	121	100	25
103	123	99	25
103	124	100	25
103	125	41	25
103	126	97	25
103	130	100	25
103	131	7	25
103	133	100	25
103	138	97	25
103	139	98	25
103	144	28	25
103	146	84	25
104	103	100	25
104	106	98	25
104	108	15	25
104	111	98	25
104	118	54	25
104	121	98	25
104	123	97	25
104	124	100	25
104	125	73	25
104	126	94	25
104	138	100	25
105	100	100	25
105	101	100	25
105	102	94	25
105	103	48	25
105	107	99	25
105	108	95	25
105	109	97	25
105	113	93	25
105	116	85	25
105	117	0	25
105	122	96	25
105	125	95	25
105	127	95	25
105	130	100	25
105	133	100	25
105	138	92	25
105	139	94	25
105	143	100	25
105	144	100	25
105	146	100	25
105	148	10	25
106	101	100	25
106	103	95	25
106	104	100	25
106	107	4	25
106	111	96	25
106	116	18	25
106	118	99	25
106	121	100	25
106	123	97	25
106	124	100	25
106	125	96	25
106	126	13	25
106	130	35	25
106	133	98	25
106	138	98	25
107	100	100	25
107	101	100	25
107	102	93	25
107	105	98	25
107	108	99	25
107	109	100	25
107	116	96	25
107	118	100	25
107	121	100	25
107	122	100	25
107	124	100	25
107	127	97	25
107	133	99	25
107	144	97	25
107	146	77	25
108	100	96	25
108	101	99	25
108	102	96	25
108	103	100	25
108	105	100	25
108	107	100	25
108	109	100	25
108	113	100	25
108	116	100	25
108	118	100	25
108	121	93	25
108	122	100	25
108	123	83	25
108	124	100	25
108	125	99	25
108	127	19	25
108	130	92	25
108	133	91	25
108	138	99	25
108	139	65	25
108	144	95	25
108	148	99	25
109	100	93	25
109	101	96	25
109	102	97	25
109	103	100	25
109	105	97	25
109	107	100	25
109	108	99	25
109	113	97	25
109	116	90	25
109	117	100	25
109	118	100	25
109	122	97	25
109	124	1	25
109	125	97	25
109	127	96	25
109	130	94	25
109	131	4	25
109	133	100	25
109	138	96	25
109	139	99	25
109	141	5	25
109	143	100	25
109	144	100	25
109	146	96	25
109	148	96	25
110	112	100	25
110	113	97	25
110	114	93	25
110	115	96	25
110	117	96	25
110	119	98	25
110	128	100	25
110	130	99	25
110	131	98	25
110	135	98	25
110	137	99	25
110	138	74	25
110	139	67	25
110	143	25	25
110	146	97	25
110	149	94	25
111	103	93	25
111	104	100	25
111	108	14	25
111	113	96	25
111	116	100	25
111	118	99	25
111	125	97	25
111	126	100	25
111	130	15	25
111	133	100	25
111	138	96	25
111	148	94	25
112	102	93	25
112	110	99	25
112	113	95	25
112	115	100	25
112	116	97	25
112	117	100	25
112	119	96	25
112	125	97	25
112	126	4	25
112	128	93	25
112	131	100	25
112	137	100	25
112	138	100	25
112	141	94	25
112	146	94	25
112	148	100	25
112	149	100	25
113	102	97	25
113	103	96	25
113	108	93	25
113	109	0	25
113	110	99	25
113	111	94	25
113	112	96	25
113	115	100	25
113	116	97	25
113	117	96	25
113	118	62	25
113	119	90	25
113	121	0	25
113	125	100	25
113	127	98	25
113	130	99	25
113	131	97	25
113	133	9	25
113	137	79	25
113	138	18	25
113	139	100	25
113	144	100	25
113	146	93	25
113	148	99	25
113	149	98	25
114	110	98	25
114	115	84	25
114	119	100	25
114	120	100	25
114	128	98	25
114	129	8	25
114	130	62	25
114	131	60	25
114	135	100	25
114	136	97	25
114	137	96	25
114	148	0	25
115	110	97	25
115	112	100	25
115	113	99	25
115	114	95	25
115	117	98	25
115	119	100	25
115	125	100	25
115	130	100	25
115	131	100	25
115	146	2	25
115	149	100	25
116	100	84	25
116	101	98	25
116	102	97	25
116	103	99	25
116	105	45	25
116	106	86	25
116	107	100	25
116	108	97	25
116	109	100	25
116	111	100	25
116	112	100	25
116	113	98	25
116	117	98	25
116	118	94	25
116	121	93	25
116	122	99	25
116	123	4	25
116	125	100	25
116	126	81	25
116	127	15	25
116	130	100	25
116	131	97	25
116	133	96	25
116	138	100	25
116	139	3	25
116	144	3	25
116	146	100	25
116	148	94	25
117	109	95	25
117	110	100	25
117	111	0	25
117	112	97	25
117	113	100	25
117	114	87	25
117	115	98	25
117	116	96	25
117	119	100	25
117	125	100	25
117	126	100	25
117	130	64	25
117	131	98	25
117	133	96	25
117	135	100	25
117	137	96	25
117	138	97	25
117	146	99	25
117	148	99	25
117	149	98	25
118	100	98	25
118	101	97	25
118	102	93	25
118	103	97	25
118	104	30	25
118	106	4	25
118	107	99	25
118	108	100	25
118	109	96	25
118	111	95	25
118	113	98	25
118	116	98	25
118	121	96	25
118	122	100	25
118	123	17	25
118	124	100	25
118	125	97	25
118	126	94	25
118	127	91	25
118	130	100	25
118	133	100	25
118	138	98	25
118	146	90	25
118	148	98	25
119	110	100	25
119	112	95	25
119	113	98	25
119	114	97	25
119	115	98	25
119	117	99	25
119	120	100	25
119	125	97	25
119	128	100	25
119	129	100	25
119	130	99	25
119	131	1	25
119	135	100	25
119	136	95	25
119	137	97	25
119	146	93	25
119	148	98	25
119	149	100	25
120	114	100	25
120	119	100	25
120	128	99	25
120	129	94	25
120	131	35	25
120	136	99	25
120	142	90	25
121	100	95	25
121	101	94	25
121	102	2	25
121	103	100	25
121	104	100	25
121	106	98	25
121	107	100	25
121	108	100	25
121	111	35	25
121	113	100	25
121	116	92	25
121	118	96	25
121	122	100	25
121	123	100	25
121	124	99	25
121	125	5	25
121	126	99	25
121	133	100	25
121	138	97	25
121	148	3	25
122	100	100	25
122	101	96	25
122	102	100	25
122	103	82	25
122	105	100	25
122	106	8	25
122	107	100	25
122	108	98	25
122	109	97	25
122	111	97	25
122	113	48	25
122	116	100	25
122	118	100	25
122	121	98	25
122	123	17	25
122	124	46	25
122	125	100	25
122	126	9	25
122	127	96	25
122	130	100	25
122	133	100	25
122	144	96	25
122	148	100	25
123	101	7	25
123	103	96	25
123	104	97	25
123	106	98	25
123	108	98	25
123	118	78	25
123	121	97	25
123	124	100	25
123	126	100	25
123	130	100	25
123	133	87	25
123	138	100	25
123	148	89	25
124	101	64	25
124	102	96	25
124	103	98	25
124	104	100	25
124	106	100	25
124	107	92	25
124	108	92	25
124	111	11	25
124	118	100	25
124	121	100	25
124	123	92	25
125	102	98	25
125	103	92	25
125	104	42	25
125	105	30	25
125	106	100	25
125	108	94	25
125	109	31	25
125	111	96	25
125	112	95	25
125	113	100	25
125	115	100	25
125	116	98	25
125	117	100	25
125	118	96	25
125	119	99	25
125	122	98	25
125	126	96	25
125	130	94	25
125	131	95	25
125	133	96	25
125	138	100	25
125	144	98	25
125	146	98	25
125	148	98	25
126	102	74	25
126	103	100	25
126	104	99	25
126	111	95	25
126	117	100	25
126	118	89	25
126	121	100	25
126	123	94	25
126	125	99	25
126	130	97	25
126	138	100	25
126	144	100	25
126	146	100	25
127	100	100	25
127	101	100	25
127	102	100	25
127	105	96	25
127	107	100	25
127	108	93	25
127	109	100	25
127	113	99	25
127	116	16	25
127	122	98	25
127	125	3	25
127	130	0	25
127	133	100	25
127	138	13	25
127	143	89	25
127	144	97	25
127	146	95	25
127	148	100	25
128	110	98	25
128	114	100	25
128	119	96	25
128	120	96	25
128	129	95	25
128	135	96	25
128	142	99	25
128	149	96	25
129	114	58	25
129	119	99	25
129	120	96	25
129	128	100	25
129	131	74	25
129	136	96	25
129	140	92	25
129	142	100	25
129	143	69	25
129	147	100	25
130	103	98	25
130	105	67	25
130	106	2	25
130	108	100	25
130	109	93	25
130	110	98	25
130	113	99	25
130	114	44	25
130	115	92	25
130	116	100	25
130	118	96	25
130	119	97	25
130	122	10	25
130	123	100	25
130	125	100	25
130	126	98	25
130	131	100	25
130	133	100	25
130	138	100	25
130	139	100	25
130	141	0	25
130	143	100	25
130	144	100	25
130	146	100	25
130	148	100	25
130	149	54	25
131	103	6	25
131	110	98	25
131	112	100	25
131	113	100	25
131	114	81	25
131	115	95	25
131	116	2	25
131	117	97	25
131	120	17	25
131	125	100	25
131	129	43	25
131	130	98	25
131	138	12	25
131	139	100	25
131	141	94	25
131	142	97	25
131	143	98	25
131	144	100	25
131	147	17	25
131	148	100	25
131	149	100	25
132	114	100	25
132	115	97	25
132	119	98	25
132	120	98	25
132	128	36	25
132	129	100	25
132	135	94	25
132	136	97	25
132	137	68	25
133	101	96	25
133	102	100	25
133	103	100	25
133	105	97	25
133	106	90	25
133	107	98	25
133	108	100	25
133	109	100	25
133	111	100	25
133	113	69	25
133	116	100	25
133	117	97	25
133	118	99	25
133	121	97	25
133	122	99	25
133	123	1	25
133	125	100	25
133	127	100	25
133	130	100	25
133	138	96	25
133	144	96	25
133	146	97	25
133	148	100	25
134	102	100	25
134	110	100	25
134	112	100	25
134	113	96	25
134	114	100	25
134	115	100	25
134	116	40	25
134	117	98	25
134	119	97	25
134	120	21	25
134	125	98	25
134	128	100	25
134	130	99	25
134	131	100	25
134	133	87	25
134	137	96	25
134	138	97	25
134	139	44	25
134	141	17	25
134	143	100	25
134	144	97	25
134	146	100	25
134	148	100	25
134	149	71	25
135	110	96	25
135	114	100	25
135	117	96	25
135	119	100	25
135	128	98	25
135	136	100	25
135	137	94	25
135	149	97	25
136	114	92	25
136	119	100	25
136	120	100	25
136	128	19	25
136	129	96	25
136	135	98	25
136	137	24	25
136	142	100	25
137	110	99	25
137	112	95	25
137	113	96	25
137	114	96	25
137	115	24	25
137	117	96	25
137	119	97	25
137	128	8	25
137	135	97	25
137	136	65	25
138	102	91	25
138	103	95	25
138	104	94	25
138	105	3	25
138	106	98	25
138	108	100	25
138	109	10	25
138	110	13	25
138	111	96	25
138	112	100	25
138	116	93	25
138	117	100	25
138	118	98	25
138	121	100	25
138	123	93	25
138	125	100	25
138	126	93	25
138	130	97	25
138	131	0	25
138	133	83	25
138	144	5	25
138	146	100	25
138	148	94	25
138	149	25	25
139	102	97	25
139	103	93	25
139	105	100	25
139	108	80	25
139	109	100	25
139	110	81	25
139	113	100	25
139	128	4	25
139	130	100	25
139	131	98	25
139	140	100	25
139	141	95	25
139	143	100	25
139	144	97	25
139	146	95	25
139	147	100	25
139	149	66	25
140	129	95	25
140	139	100	25
140	141	100	25
140	142	100	25
140	143	96	25
140	147	100	25
141	112	100	25
141	128	0	25
141	130	89	25
141	131	94	25
141	139	97	25
141	140	94	25
141	142	100	25
141	143	100	25
141	144	100	25
141	147	8	25
141	148	100	25
141	149	95	25
142	120	99	25
142	128	97	25
142	129	95	25
142	131	100	25
142	136	100	25
142	139	22	25
142	140	96	25
142	141	99	25
142	143	100	25
142	146	13	25
142	147	98	25
143	105	100	25
143	109	100	25
143	110	25	25
143	129	21	25
143	130	99	25
143	131	100	25
143	139	97	25
143	140	100	25
143	141	100	25
143	142	100	25
143	144	97	25
143	147	100	25
143	148	100	25
144	100	7	25
144	101	97	25
144	102	100	25
144	103	100	25
144	105	95	25
144	107	100	25
144	108	97	25
144	109	97	25
144	113	99	25
144	116	1	25
144	122	100	25
144	125	100	25
144	126	99	25
144	127	100	25
144	130	95	25
144	131	100	25
144	133	100	25
144	138	94	25
144	139	100	25
144	141	100	25
144	143	98	25
144	146	100	25
144	148	100	25
144	149	20	25
146	102	91	25
146	103	100	25
146	105	94	25
146	107	95	25
146	108	2	25
146	109	93	25
146	110	96	25
146	112	100	25
146	113	98	25
146	116	100	25
146	117	99	25
146	118	95	25
146	119	92	25
146	125	99	25
146	126	100	25
146	127	100	25
146	128	61	25
146	130	100	25
146	133	98	25
146	138	97	25
146	139	100	25
146	142	37	25
146	144	100	25
146	148	99	25
146	149	98	25
147	129	99	25
147	131	37	25
147	139	98	25
147	140	99	25
147	142	96	25
147	143	98	25
148	102	100	25
148	108	100	25
148	109	99	25
148	110	4	25
148	111	100	25
148	112	97	25
148	113	100	25
148	114	73	25
148	116	97	25
148	117	100	25
148	118	100	25
148	119	99	25
148	123	100	25
148	125	93	25
148	126	54	25
148	127	99	25
148	130	99	25
148	131	98	25
148	133	100	25
148	138	98	25
148	141	96	25
148	143	91	25
148	144	96	25
148	146	96	25
148	149	100	25
149	108	0	25
149	110	98	25
149	112	99	25
149	113	97	25
149	115	97	25
149	117	100	25
149	119	100	25
149	128	95	25
149	130	100	25
149	131	95	25
149	135	100	25
149	138	98	25
149	139	95	25
149	141	98	25
149	143	1	25
149	144	29	25
149	146	99	25
149	148	100	25
100	101	70	24
100	102	98	24
100	105	96	24
100	107	96	24
100	108	100	24
100	109	33	24
100	116	1	24
100	118	100	24
100	122	71	24
100	127	100	24
100	133	90	24
100	144	29	24
101	102	93	24
101	103	99	24
101	105	94	24
101	107	97	24
101	108	100	24
101	109	96	24
101	116	100	24
101	118	99	24
101	121	98	24
101	122	97	24
101	123	80	24
101	124	51	24
101	127	92	24
101	133	100	24
102	100	88	24
102	101	98	24
102	103	91	24
102	107	96	24
102	108	100	24
102	109	98	24
102	112	53	24
102	113	100	24
102	116	96	24
102	117	85	24
102	118	99	24
102	122	100	24
102	123	14	24
102	124	100	24
102	125	100	24
102	126	83	24
102	127	94	24
102	130	4	24
102	133	96	24
102	138	100	24
102	139	8	24
102	144	97	24
102	146	100	24
102	148	100	24
103	101	64	24
103	102	100	24
103	104	99	24
103	106	98	24
103	107	100	24
103	108	100	24
103	111	100	24
103	113	100	24
103	116	100	24
103	118	94	24
103	121	100	24
103	122	73	24
103	123	96	24
103	124	8	24
103	125	100	24
103	126	96	24
103	130	100	24
103	131	94	24
103	133	98	24
103	138	100	24
103	139	100	24
103	144	93	24
103	146	0	24
103	148	100	24
104	103	100	24
104	106	93	24
104	111	100	24
104	113	94	24
104	116	100	24
104	117	54	24
104	118	85	24
104	121	100	24
104	123	95	24
104	124	100	24
104	125	46	24
104	126	98	24
104	133	8	24
104	138	95	24
104	148	37	24
105	100	100	24
105	101	100	24
105	103	26	24
105	108	100	24
105	109	98	24
105	112	39	24
105	116	98	24
105	117	56	24
105	118	10	24
105	122	94	24
105	125	100	24
105	126	6	24
105	127	97	24
105	130	95	24
105	133	100	24
105	138	95	24
105	139	97	24
105	141	94	24
105	143	93	24
105	144	98	24
105	146	100	24
105	148	100	24
105	149	3	24
106	101	30	24
106	102	11	24
106	103	100	24
106	104	66	24
106	107	6	24
106	108	7	24
106	111	96	24
106	113	71	24
106	116	42	24
106	117	68	24
106	118	26	24
106	121	100	24
106	123	100	24
106	124	100	24
106	125	66	24
106	126	94	24
106	130	51	24
106	133	90	24
106	138	99	24
107	100	95	24
107	101	96	24
107	102	97	24
107	103	100	24
107	108	98	24
107	109	100	24
107	116	100	24
107	118	95	24
107	121	100	24
107	122	100	24
107	123	30	24
107	124	100	24
107	127	91	24
107	133	100	24
107	144	96	24
107	146	17	24
107	148	69	24
108	100	67	24
108	101	96	24
108	102	100	24
108	103	95	24
108	105	57	24
108	106	6	24
108	107	97	24
108	109	85	24
108	113	9	24
108	116	100	24
108	117	28	24
108	118	99	24
108	121	99	24
108	122	92	24
108	123	8	24
108	124	100	24
108	125	99	24
108	126	90	24
108	127	7	24
108	130	96	24
108	133	100	24
108	144	92	24
108	146	71	24
108	148	95	24
109	100	91	24
109	101	98	24
109	102	95	24
109	103	48	24
109	105	96	24
109	107	100	24
109	108	93	24
109	111	6	24
109	112	98	24
109	113	100	24
109	115	11	24
109	116	97	24
109	117	98	24
109	118	97	24
109	119	26	24
109	122	100	24
109	124	20	24
109	125	100	24
109	127	98	24
109	130	97	24
109	131	44	24
109	133	100	24
109	138	100	24
109	139	100	24
109	140	15	24
109	143	91	24
109	144	100	24
109	146	100	24
109	148	100	24
109	149	95	24
110	112	96	24
110	113	96	24
110	114	97	24
110	115	100	24
110	117	100	24
110	119	98	24
110	120	99	24
110	125	96	24
110	128	62	24
110	130	96	24
110	131	100	24
110	135	95	24
110	137	96	24
110	139	50	24
110	146	99	24
110	148	89	24
110	149	100	24
111	102	5	24
111	103	98	24
111	104	100	24
111	106	93	24
111	108	4	24
111	112	78	24
111	117	91	24
111	118	64	24
111	121	98	24
111	123	97	24
111	124	51	24
111	125	100	24
111	126	99	24
111	130	99	24
111	133	98	24
111	138	100	24
111	144	6	24
111	146	24	24
111	148	98	24
112	102	50	24
112	109	60	24
112	110	99	24
112	111	57	24
112	113	91	24
112	115	100	24
112	116	93	24
112	117	100	24
112	118	62	24
112	119	100	24
112	125	96	24
112	130	96	24
112	131	94	24
112	135	66	24
112	137	98	24
112	138	94	24
112	139	98	24
112	141	74	24
112	146	100	24
112	148	98	24
112	149	98	24
113	102	93	24
113	103	87	24
113	104	96	24
113	106	3	24
113	108	12	24
113	109	90	24
113	110	92	24
113	112	100	24
113	115	96	24
113	116	98	24
113	117	97	24
113	118	100	24
113	119	100	24
113	121	7	24
113	125	100	24
113	127	97	24
113	130	98	24
113	131	100	24
113	133	88	24
113	135	64	24
113	137	85	24
113	138	98	24
113	139	100	24
113	143	76	24
113	144	100	24
113	146	94	24
113	148	97	24
113	149	100	24
114	110	100	24
114	112	14	24
114	115	96	24
114	117	99	24
114	119	100	24
114	120	100	24
114	125	1	24
114	128	100	24
114	129	96	24
114	130	71	24
114	131	5	24
114	135	100	24
114	136	98	24
114	137	100	24
114	148	83	24
114	149	95	24
115	110	100	24
115	112	100	24
115	113	98	24
115	114	93	24
115	116	30	24
115	117	100	24
115	119	100	24
115	125	100	24
115	130	100	24
115	131	15	24
115	135	39	24
115	137	93	24
115	139	96	24
115	146	97	24
115	148	32	24
115	149	97	24
116	100	12	24
116	101	98	24
116	102	98	24
116	103	97	24
116	104	95	24
116	105	62	24
116	106	50	24
116	107	96	24
116	108	100	24
116	109	90	24
116	112	100	24
116	113	92	24
116	115	46	24
116	117	97	24
116	118	100	24
116	121	21	24
116	122	99	24
116	123	77	24
116	124	73	24
116	125	97	24
116	126	98	24
116	127	88	24
116	130	96	24
116	131	93	24
116	133	99	24
116	138	100	24
116	144	60	24
116	146	99	24
116	148	97	24
116	149	99	24
117	102	73	24
117	104	29	24
117	106	20	24
117	108	11	24
117	109	99	24
117	110	99	24
117	111	83	24
117	112	98	24
117	113	100	24
117	114	99	24
117	115	100	24
117	116	100	24
117	119	100	24
117	125	100	24
117	126	99	24
117	128	8	24
117	130	97	24
117	131	100	24
117	133	97	24
117	135	96	24
117	137	100	24
117	138	99	24
117	144	98	24
117	146	95	24
117	148	96	24
117	149	97	24
118	100	98	24
118	101	95	24
118	102	100	24
118	103	100	24
118	104	99	24
118	106	85	24
118	107	99	24
118	108	100	24
118	109	97	24
118	111	33	24
118	112	70	24
118	113	100	24
118	116	100	24
118	121	97	24
118	122	77	24
118	123	96	24
118	124	81	24
118	125	100	24
118	126	3	24
118	130	96	24
118	131	13	24
118	133	100	24
118	138	86	24
118	144	59	24
118	146	0	24
118	148	100	24
119	110	97	24
119	112	97	24
119	113	100	24
119	114	99	24
119	115	100	24
119	117	100	24
119	120	97	24
119	125	100	24
119	128	100	24
119	129	98	24
119	130	98	24
119	131	100	24
119	135	93	24
119	139	8	24
119	144	9	24
119	146	100	24
119	148	100	24
119	149	97	24
120	110	98	24
120	114	95	24
120	119	97	24
120	128	99	24
120	129	97	24
120	135	97	24
120	136	100	24
120	137	95	24
121	101	94	24
121	103	99	24
121	104	92	24
121	106	98	24
121	107	95	24
121	108	98	24
121	111	100	24
121	113	9	24
121	118	99	24
121	122	98	24
121	123	98	24
121	124	100	24
121	125	97	24
121	126	95	24
121	130	17	24
121	133	98	24
121	138	96	24
122	100	83	24
122	101	92	24
122	102	98	24
122	103	100	24
122	105	99	24
122	107	100	24
122	108	100	24
122	109	100	24
122	111	7	24
122	113	95	24
122	116	38	24
122	118	99	24
122	121	95	24
122	124	15	24
122	125	99	24
122	126	19	24
122	127	97	24
122	130	38	24
122	133	99	24
122	138	92	24
122	143	95	24
122	144	92	24
122	146	20	24
122	148	85	24
123	101	91	24
123	102	47	24
123	103	97	24
123	104	99	24
123	106	100	24
123	107	8	24
123	108	19	24
123	111	97	24
123	116	60	24
123	118	100	24
123	121	95	24
123	124	94	24
123	125	100	24
123	126	100	24
123	130	97	24
123	133	100	24
123	138	97	24
124	101	100	24
124	102	90	24
124	103	60	24
124	104	98	24
124	106	100	24
124	107	100	24
124	108	89	24
124	118	74	24
124	121	96	24
124	123	100	24
124	125	100	24
124	126	14	24
124	133	84	24
125	102	100	24
125	103	96	24
125	104	11	24
125	105	84	24
125	106	60	24
125	108	79	24
125	109	5	24
125	110	100	24
125	111	97	24
125	112	98	24
125	113	100	24
125	115	100	24
125	116	92	24
125	117	100	24
125	118	100	24
125	119	93	24
125	121	98	24
125	122	36	24
125	123	60	24
125	124	93	24
125	126	100	24
125	130	97	24
125	133	97	24
125	138	96	24
125	144	8	24
125	146	98	24
125	148	100	24
126	102	76	24
126	103	96	24
126	104	96	24
126	106	95	24
126	108	88	24
126	111	100	24
126	116	95	24
126	117	96	24
126	118	27	24
126	121	95	24
126	123	99	24
126	125	95	24
126	130	96	24
126	138	97	24
126	144	98	24
126	146	94	24
126	148	96	24
127	100	100	24
127	101	78	24
127	102	100	24
127	105	95	24
127	107	100	24
127	108	71	24
127	109	100	24
127	113	100	24
127	116	96	24
127	122	100	24
127	130	29	24
127	133	92	24
127	143	94	24
127	144	100	24
127	146	100	24
127	148	98	24
128	114	100	24
128	119	100	24
128	120	93	24
128	129	21	24
128	135	96	24
128	137	0	24
128	140	5	24
128	142	98	24
128	149	95	24
129	114	99	24
129	119	93	24
129	120	100	24
129	128	91	24
129	131	95	24
129	136	99	24
129	140	86	24
129	143	71	24
129	147	83	24
129	149	71	24
130	102	5	24
130	103	94	24
130	105	13	24
130	106	13	24
130	108	92	24
130	109	94	24
130	110	94	24
130	111	97	24
130	112	94	24
130	113	96	24
130	114	91	24
130	115	97	24
130	116	99	24
130	117	95	24
130	118	96	24
130	119	98	24
130	121	4	24
130	123	97	24
130	125	100	24
130	126	100	24
130	131	99	24
130	133	93	24
130	138	100	24
130	139	100	24
130	141	30	24
130	143	0	24
130	144	100	24
130	146	96	24
130	148	100	24
130	149	57	24
131	103	99	24
131	110	97	24
131	112	100	24
131	113	93	24
131	114	25	24
131	115	32	24
131	116	87	24
131	117	95	24
131	118	31	24
131	119	94	24
131	125	2	24
131	129	98	24
131	130	93	24
131	138	90	24
131	139	98	24
131	140	95	24
131	141	98	24
131	142	96	24
131	143	100	24
131	144	97	24
131	146	100	24
131	147	84	24
131	148	100	24
131	149	99	24
132	110	90	24
132	112	96	24
132	114	100	24
132	115	98	24
132	119	100	24
132	120	100	24
132	128	98	24
132	129	97	24
132	135	99	24
132	136	100	24
132	137	98	24
132	149	94	24
133	100	90	24
133	101	94	24
133	102	100	24
133	103	99	24
133	105	100	24
133	106	100	24
133	107	100	24
133	108	100	24
133	109	99	24
133	111	100	24
133	113	99	24
133	116	100	24
133	117	99	24
133	118	99	24
133	121	100	24
133	122	94	24
133	123	59	24
133	124	94	24
133	125	94	24
133	127	91	24
133	130	100	24
133	138	100	24
133	144	97	24
133	146	100	24
133	148	96	24
135	110	97	24
135	112	80	24
135	113	69	24
135	114	97	24
135	117	76	24
135	119	100	24
135	120	88	24
135	128	99	24
135	136	94	24
135	137	100	24
135	149	100	24
136	114	95	24
136	120	99	24
136	129	98	24
136	135	98	24
137	110	94	24
137	112	90	24
137	113	90	24
137	114	96	24
137	115	97	24
137	117	100	24
137	120	92	24
137	125	11	24
137	128	32	24
137	135	97	24
137	136	1	24
137	149	96	24
138	102	79	24
138	103	90	24
138	104	100	24
138	105	67	24
138	106	100	24
138	108	0	24
138	109	62	24
138	111	99	24
138	112	100	24
138	113	92	24
138	116	96	24
138	117	100	24
138	118	95	24
138	121	29	24
138	123	83	24
138	125	100	24
138	126	97	24
138	130	99	24
138	131	53	24
138	133	50	24
138	144	100	24
138	146	96	24
138	148	96	24
139	102	38	24
139	103	96	24
139	105	62	24
139	109	96	24
139	110	69	24
139	112	100	24
139	113	100	24
139	115	99	24
139	119	5	24
139	130	95	24
139	131	96	24
139	140	96	24
139	141	98	24
139	142	98	24
139	143	100	24
139	144	96	24
139	146	99	24
139	147	98	24
139	148	30	24
139	149	97	24
140	128	48	24
140	129	100	24
140	131	93	24
140	139	99	24
140	141	100	24
140	142	100	24
140	143	95	24
140	146	78	24
140	147	96	24
141	105	77	24
141	110	36	24
141	112	100	24
141	113	0	24
141	130	93	24
141	131	100	24
141	139	100	24
141	140	100	24
141	142	99	24
141	143	100	24
141	144	98	24
141	146	100	24
141	147	94	24
141	148	98	24
141	149	100	24
142	114	1	24
142	128	96	24
142	131	100	24
142	139	100	24
142	140	100	24
142	141	100	24
142	143	99	24
142	147	96	24
143	105	93	24
143	109	97	24
143	113	86	24
143	122	0	24
143	127	6	24
143	129	71	24
143	130	20	24
143	131	100	24
143	139	100	24
143	140	96	24
143	141	97	24
143	142	99	24
143	144	92	24
143	146	59	24
143	147	98	24
143	148	6	24
143	149	45	24
144	100	8	24
144	102	100	24
144	103	96	24
144	105	97	24
144	107	89	24
144	108	99	24
144	109	100	24
144	111	0	24
144	113	100	24
144	116	71	24
144	117	92	24
144	118	8	24
144	122	59	24
144	125	11	24
144	126	97	24
144	127	79	24
144	130	99	24
144	131	92	24
144	133	100	24
144	138	98	24
144	139	98	24
144	141	96	24
144	143	93	24
144	146	98	24
144	148	96	24
144	149	94	24
146	102	100	24
146	103	11	24
146	105	83	24
146	107	65	24
146	108	88	24
146	109	100	24
146	110	95	24
146	111	5	24
146	112	99	24
146	113	100	24
146	115	99	24
146	116	98	24
146	117	97	24
146	118	7	24
146	119	99	24
146	125	97	24
146	126	97	24
146	127	83	24
146	130	94	24
146	131	93	24
146	133	99	24
146	138	100	24
146	139	95	24
146	140	80	24
146	141	92	24
146	143	58	24
146	144	99	24
146	148	100	24
146	149	100	24
147	129	75	24
147	131	97	24
147	139	94	24
147	140	100	24
147	141	92	24
147	142	94	24
147	143	100	24
148	102	88	24
148	103	88	24
148	104	25	24
148	105	21	24
148	107	65	24
148	108	94	24
148	109	90	24
148	110	86	24
148	111	86	24
148	112	86	24
148	113	80	24
148	114	98	24
148	115	48	24
148	116	87	24
148	117	93	24
148	118	90	24
148	119	93	24
148	125	87	24
148	126	83	24
148	127	82	24
148	130	87	24
148	131	87	24
148	133	89	24
148	138	88	24
148	139	0	24
148	141	88	24
148	144	87	24
148	146	86	24
148	149	91	24
149	110	100	24
149	112	98	24
149	113	100	24
149	114	88	24
149	115	96	24
149	116	77	24
149	117	99	24
149	119	95	24
149	128	100	24
149	129	60	24
149	130	76	24
149	131	100	24
149	135	100	24
149	137	100	24
149	139	100	24
149	141	95	24
149	143	35	24
149	144	100	24
149	146	99	24
149	148	100	24
100	101	96	23
100	102	14	23
100	105	96	23
100	107	38	23
100	108	94	23
100	109	97	23
100	118	94	23
100	122	94	23
100	124	6	23
100	127	95	23
101	100	98	23
101	102	98	23
101	105	97	23
101	107	96	23
101	108	97	23
101	109	93	23
101	116	96	23
101	118	100	23
101	121	97	23
101	122	95	23
101	123	94	23
101	124	99	23
101	127	100	23
101	133	100	23
101	144	3	23
102	101	100	23
102	103	97	23
102	105	100	23
102	107	92	23
102	108	98	23
102	109	100	23
102	111	89	23
102	113	97	23
102	116	96	23
102	117	94	23
102	118	94	23
102	122	97	23
102	125	98	23
102	127	100	23
102	133	95	23
102	138	100	23
102	144	96	23
102	146	97	23
102	148	100	23
103	101	6	23
103	102	100	23
103	104	93	23
103	105	8	23
103	106	94	23
103	107	99	23
103	108	100	23
103	111	98	23
103	113	100	23
103	116	100	23
103	118	74	23
103	121	91	23
103	122	83	23
103	123	100	23
103	124	83	23
103	125	98	23
103	126	94	23
103	127	3	23
103	130	100	23
103	131	65	23
103	133	94	23
103	138	78	23
103	146	44	23
103	148	68	23
104	103	96	23
104	106	93	23
104	111	100	23
104	113	2	23
104	116	87	23
104	118	31	23
104	123	100	23
104	124	65	23
104	125	88	23
104	126	95	23
104	138	100	23
105	100	91	23
105	101	91	23
105	102	87	23
105	103	87	23
105	107	43	23
105	108	72	23
105	109	97	23
105	113	98	23
105	116	95	23
105	122	95	23
105	125	98	23
105	127	94	23
105	133	83	23
105	138	89	23
105	139	75	23
105	141	98	23
105	143	96	23
105	144	100	23
105	148	98	23
106	103	93	23
106	104	100	23
106	107	73	23
106	108	81	23
106	111	100	23
106	116	96	23
106	117	36	23
106	118	13	23
106	121	93	23
106	123	99	23
106	124	100	23
106	126	98	23
106	133	30	23
106	138	92	23
107	101	93	23
107	102	95	23
107	103	95	23
107	106	83	23
107	108	100	23
107	109	99	23
107	116	100	23
107	118	98	23
107	121	98	23
107	122	95	23
107	124	68	23
107	127	93	23
107	133	76	23
108	100	95	23
108	101	97	23
108	102	100	23
108	103	100	23
108	105	78	23
108	106	84	23
108	107	100	23
108	109	95	23
108	111	11	23
108	116	94	23
108	117	78	23
108	118	94	23
108	121	91	23
108	122	98	23
108	123	97	23
108	126	100	23
108	127	95	23
108	133	96	23
108	138	90	23
108	144	100	23
108	146	73	23
108	148	12	23
109	100	99	23
109	101	97	23
109	102	97	23
109	103	96	23
109	105	100	23
109	107	100	23
109	108	100	23
109	112	100	23
109	113	97	23
109	115	43	23
109	116	99	23
109	117	93	23
109	118	79	23
109	121	12	23
109	122	97	23
109	126	62	23
109	127	98	23
109	130	91	23
109	133	99	23
109	138	97	23
109	139	85	23
109	141	100	23
109	143	100	23
109	144	97	23
109	146	91	23
109	148	99	23
110	112	96	23
110	113	100	23
110	114	84	23
110	115	96	23
110	117	96	23
110	119	100	23
110	120	8	23
110	125	87	23
110	128	4	23
110	130	95	23
110	131	97	23
110	135	95	23
110	137	97	23
110	138	62	23
110	139	31	23
110	146	91	23
110	149	97	23
111	102	75	23
111	103	88	23
111	104	93	23
111	106	98	23
111	108	72	23
111	116	69	23
111	117	89	23
111	118	61	23
111	121	98	23
111	123	97	23
111	124	0	23
111	125	92	23
111	126	98	23
111	130	17	23
111	133	71	23
111	138	100	23
111	148	62	23
112	109	71	23
112	110	99	23
112	113	98	23
112	114	96	23
112	115	96	23
112	117	96	23
112	118	11	23
112	119	94	23
112	125	95	23
112	130	97	23
112	131	91	23
112	138	94	23
112	139	100	23
112	146	84	23
112	148	100	23
112	149	100	23
113	102	96	23
113	103	100	23
113	104	68	23
113	105	64	23
113	109	92	23
113	110	94	23
113	112	100	23
113	115	96	23
113	116	6	23
113	117	98	23
113	118	81	23
113	119	98	23
113	125	99	23
113	130	100	23
113	131	86	23
113	135	84	23
113	138	99	23
113	139	98	23
113	143	90	23
113	144	97	23
113	146	100	23
113	148	95	23
113	149	96	23
114	112	8	23
114	115	98	23
114	117	93	23
114	119	96	23
114	120	100	23
114	128	100	23
114	129	100	23
114	135	100	23
114	136	97	23
114	142	6	23
114	149	26	23
115	110	92	23
115	112	100	23
115	113	91	23
115	114	85	23
115	117	92	23
115	119	99	23
115	125	92	23
115	130	97	23
115	131	0	23
115	135	91	23
115	137	20	23
115	138	66	23
115	139	0	23
115	141	9	23
115	143	20	23
115	146	96	23
115	149	100	23
116	101	94	23
116	102	96	23
116	103	95	23
116	104	93	23
116	105	98	23
116	106	94	23
116	107	91	23
116	108	100	23
116	109	95	23
116	111	97	23
116	113	44	23
116	117	100	23
116	118	94	23
116	122	94	23
116	123	80	23
116	125	100	23
116	126	97	23
116	127	91	23
116	130	97	23
116	133	94	23
116	138	100	23
116	144	100	23
116	146	100	23
116	148	100	23
117	101	3	23
117	102	95	23
117	106	21	23
117	108	79	23
117	109	96	23
117	110	98	23
117	111	87	23
117	112	96	23
117	113	97	23
117	114	92	23
117	115	96	23
117	116	100	23
117	119	92	23
117	125	96	23
117	126	100	23
117	130	95	23
117	131	94	23
117	133	99	23
117	138	96	23
117	141	4	23
117	144	35	23
117	146	97	23
117	148	8	23
117	149	89	23
118	100	73	23
118	101	99	23
118	102	95	23
118	103	85	23
118	104	3	23
118	106	6	23
118	107	92	23
118	108	97	23
118	109	96	23
118	111	45	23
118	113	100	23
118	116	94	23
118	121	92	23
118	122	36	23
118	123	97	23
118	124	90	23
118	125	96	23
118	127	2	23
118	130	89	23
118	133	96	23
118	138	97	23
118	144	84	23
118	146	88	23
119	110	100	23
119	112	100	23
119	113	100	23
119	114	96	23
119	115	100	23
119	117	95	23
119	120	99	23
119	125	90	23
119	128	96	23
119	129	100	23
119	130	97	23
119	131	95	23
119	135	59	23
119	137	97	23
119	144	2	23
119	148	85	23
119	149	100	23
120	114	100	23
120	119	98	23
120	128	98	23
120	129	100	23
120	135	100	23
120	136	99	23
121	100	19	23
121	101	93	23
121	103	93	23
121	104	23	23
121	106	100	23
121	107	90	23
121	108	93	23
121	109	75	23
121	111	93	23
121	113	12	23
121	116	79	23
121	117	0	23
121	118	99	23
121	122	87	23
121	123	99	23
121	124	97	23
121	125	88	23
121	126	97	23
121	133	92	23
121	138	75	23
122	100	94	23
122	101	98	23
122	102	97	23
122	103	97	23
122	105	93	23
122	106	67	23
122	107	100	23
122	108	96	23
122	109	94	23
122	113	60	23
122	116	95	23
122	121	97	23
122	123	17	23
122	124	61	23
122	127	100	23
122	133	100	23
122	138	25	23
122	144	98	23
122	146	94	23
123	101	91	23
123	103	87	23
123	104	100	23
123	106	98	23
123	108	71	23
123	111	98	23
123	118	81	23
123	121	95	23
123	124	95	23
123	126	93	23
123	133	84	23
123	138	88	23
124	101	90	23
124	103	85	23
124	104	100	23
124	106	95	23
124	107	83	23
124	118	92	23
124	121	96	23
124	122	56	23
124	123	96	23
124	126	22	23
124	133	81	23
125	102	100	23
125	103	93	23
125	104	100	23
125	105	70	23
125	106	6	23
125	108	70	23
125	110	40	23
125	111	100	23
125	112	100	23
125	113	100	23
125	115	97	23
125	116	96	23
125	117	100	23
125	118	89	23
125	119	93	23
125	121	5	23
125	126	100	23
125	130	98	23
125	133	98	23
125	138	98	23
125	144	100	23
125	146	96	23
125	148	97	23
126	103	94	23
126	104	100	23
126	106	97	23
126	108	81	23
126	111	96	23
126	116	98	23
126	117	100	23
126	121	90	23
126	123	83	23
126	124	15	23
126	125	92	23
126	130	100	23
126	138	92	23
126	144	6	23
126	146	91	23
126	148	1	23
127	100	97	23
127	101	100	23
127	102	100	23
127	103	93	23
127	105	92	23
127	107	96	23
127	108	94	23
127	109	99	23
127	113	0	23
127	116	83	23
127	118	51	23
127	122	95	23
127	130	98	23
127	133	82	23
127	139	7	23
127	143	92	23
127	144	97	23
127	148	100	23
128	114	68	23
128	119	92	23
128	120	78	23
128	129	96	23
128	135	65	23
128	142	99	23
129	114	95	23
129	119	95	23
129	120	96	23
129	128	100	23
129	131	90	23
129	136	100	23
129	140	95	23
129	142	100	23
129	143	21	23
130	103	96	23
130	109	96	23
130	110	93	23
130	111	0	23
130	112	100	23
130	113	96	23
130	114	11	23
130	115	95	23
130	116	100	23
130	117	95	23
130	118	62	23
130	119	96	23
130	125	100	23
130	126	98	23
130	127	50	23
130	131	99	23
130	133	99	23
130	139	13	23
130	141	89	23
130	144	97	23
130	146	100	23
130	148	100	23
131	103	89	23
131	110	94	23
131	112	100	23
131	113	88	23
131	115	92	23
131	117	100	23
131	119	100	23
131	128	36	23
131	129	96	23
131	130	93	23
131	140	100	23
131	141	96	23
131	142	97	23
131	144	96	23
131	146	98	23
131	147	96	23
131	149	95	23
132	110	100	23
132	112	0	23
132	114	97	23
132	119	96	23
132	120	94	23
132	128	100	23
132	135	96	23
132	136	100	23
133	101	92	23
133	102	86	23
133	103	100	23
133	104	14	23
133	105	79	23
133	107	83	23
133	108	97	23
133	109	93	23
133	111	90	23
133	116	95	23
133	117	96	23
133	118	100	23
133	121	95	23
133	122	91	23
133	123	89	23
133	124	72	23
133	125	100	23
133	127	81	23
133	130	99	23
133	138	0	23
133	139	15	23
133	144	1	23
133	146	90	23
135	110	63	23
135	113	7	23
135	114	100	23
135	115	69	23
135	119	77	23
135	120	92	23
135	128	82	23
135	136	100	23
135	137	100	23
135	149	78	23
136	114	100	23
136	120	94	23
136	129	94	23
136	135	100	23
136	142	100	23
137	110	98	23
137	112	36	23
137	114	99	23
137	115	93	23
137	119	95	23
137	120	15	23
137	128	4	23
137	135	100	23
137	136	0	23
138	102	94	23
138	103	62	23
138	104	92	23
138	105	71	23
138	106	87	23
138	108	89	23
138	109	1	23
138	111	97	23
138	112	97	23
138	113	94	23
138	115	60	23
138	116	97	23
138	117	94	23
138	118	87	23
138	123	93	23
138	125	98	23
138	126	100	23
138	144	97	23
138	148	29	23
139	105	2	23
139	112	95	23
139	113	99	23
139	115	17	23
139	130	31	23
139	133	22	23
139	138	0	23
139	140	98	23
139	141	100	23
139	142	73	23
139	143	100	23
139	144	94	23
139	146	100	23
139	147	100	23
139	148	100	23
139	149	98	23
140	129	94	23
140	131	100	23
140	139	47	23
140	141	97	23
140	142	96	23
140	143	100	23
140	146	3	23
140	147	100	23
141	105	94	23
141	109	74	23
141	115	25	23
141	117	18	23
141	130	91	23
141	131	91	23
141	139	100	23
141	140	97	23
141	142	100	23
141	143	100	23
141	144	93	23
141	146	94	23
141	147	93	23
141	149	100	23
142	114	44	23
142	128	93	23
142	129	100	23
142	131	88	23
142	136	97	23
142	139	98	23
142	140	95	23
142	141	97	23
142	143	97	23
142	146	2	23
142	147	98	23
143	105	97	23
143	109	100	23
143	113	88	23
143	115	31	23
143	127	91	23
143	139	100	23
143	140	95	23
143	141	93	23
143	142	100	23
143	147	100	23
144	101	80	23
144	102	100	23
144	103	13	23
144	105	96	23
144	108	100	23
144	109	100	23
144	113	100	23
144	116	96	23
144	117	92	23
144	118	67	23
144	119	39	23
144	122	97	23
144	125	100	23
144	126	89	23
144	127	100	23
144	130	100	23
144	131	97	23
144	133	50	23
144	138	94	23
144	139	90	23
144	141	98	23
144	143	50	23
144	146	97	23
144	148	100	23
146	101	0	23
146	102	95	23
146	103	30	23
146	108	51	23
146	109	96	23
146	110	20	23
146	112	78	23
146	113	93	23
146	115	92	23
146	116	99	23
146	117	99	23
146	118	24	23
146	122	34	23
146	125	96	23
146	126	81	23
146	128	28	23
146	130	96	23
146	131	98	23
146	133	78	23
146	138	13	23
146	139	93	23
146	141	100	23
146	144	97	23
146	148	99	23
146	149	38	23
147	131	91	23
147	139	91	23
147	140	100	23
147	141	96	23
147	142	100	23
147	143	100	23
148	102	96	23
148	103	87	23
148	105	82	23
148	108	81	23
148	109	89	23
148	111	91	23
148	112	91	23
148	113	100	23
148	116	95	23
148	117	91	23
148	118	60	23
148	119	85	23
148	122	0	23
148	123	33	23
148	125	96	23
148	126	92	23
148	127	80	23
148	130	94	23
148	138	95	23
148	139	96	23
148	143	5	23
148	144	98	23
148	146	100	23
148	149	17	23
149	110	93	23
149	112	95	23
149	113	89	23
149	114	94	23
149	115	92	23
149	117	89	23
149	119	96	23
149	131	96	23
149	135	97	23
149	139	94	23
149	141	99	23
149	146	96	23
100	101	100	22
100	102	100	22
100	105	75	22
100	107	93	22
100	108	63	22
100	109	88	22
100	116	33	22
100	118	22	22
100	121	85	22
100	122	100	22
100	127	92	22
101	100	93	22
101	102	100	22
101	103	80	22
101	105	96	22
101	107	100	22
101	108	97	22
101	109	100	22
101	116	95	22
101	118	93	22
101	121	98	22
101	122	100	22
101	123	61	22
101	124	64	22
101	127	97	22
101	133	69	22
101	144	17	22
102	100	85	22
102	101	94	22
102	103	97	22
102	105	99	22
102	106	31	22
102	107	100	22
102	108	97	22
102	109	96	22
102	111	18	22
102	113	96	22
102	116	99	22
102	117	93	22
102	118	98	22
102	121	87	22
102	122	94	22
102	124	97	22
102	125	97	22
102	126	44	22
102	127	98	22
102	130	98	22
102	138	99	22
102	146	93	22
102	148	96	22
103	101	4	22
103	102	98	22
103	104	95	22
103	106	94	22
103	107	96	22
103	108	93	22
103	109	98	22
103	111	100	22
103	113	98	22
103	116	98	22
103	118	93	22
103	121	95	22
103	122	93	22
103	123	100	22
103	124	100	22
103	125	21	22
103	126	100	22
103	127	6	22
103	131	54	22
103	133	100	22
103	138	95	22
103	146	12	22
103	148	5	22
104	103	93	22
104	106	91	22
104	111	99	22
104	113	44	22
104	121	98	22
104	123	89	22
104	124	41	22
104	125	92	22
104	126	1	22
104	138	100	22
105	100	86	22
105	101	96	22
105	102	97	22
105	103	72	22
105	107	88	22
105	108	87	22
105	109	96	22
105	113	94	22
105	122	95	22
105	124	29	22
105	125	63	22
105	127	98	22
105	130	69	22
105	133	6	22
105	138	74	22
105	139	63	22
105	141	50	22
105	143	86	22
105	144	100	22
105	146	100	22
105	148	98	22
106	102	77	22
106	103	93	22
106	104	94	22
106	107	76	22
106	108	82	22
106	111	94	22
106	116	89	22
106	118	26	22
106	121	61	22
106	122	8	22
106	123	100	22
106	124	97	22
106	125	96	22
106	126	98	22
106	133	13	22
106	138	90	22
107	100	94	22
107	101	88	22
107	102	100	22
107	103	98	22
107	105	64	22
107	108	100	22
107	109	93	22
107	116	98	22
107	118	95	22
107	122	95	22
107	124	97	22
107	127	90	22
107	130	76	22
107	133	6	22
108	100	1	22
108	101	97	22
108	102	91	22
108	103	61	22
108	105	98	22
108	106	95	22
108	107	94	22
108	109	99	22
108	111	80	22
108	116	98	22
108	117	86	22
108	118	100	22
108	121	90	22
108	122	100	22
108	124	90	22
108	125	32	22
108	127	88	22
108	130	27	22
108	133	99	22
108	144	100	22
108	148	80	22
109	100	91	22
109	101	88	22
109	102	96	22
109	103	100	22
109	105	97	22
109	107	99	22
109	108	100	22
109	112	100	22
109	113	95	22
109	116	96	22
109	117	96	22
109	118	99	22
109	121	100	22
109	122	98	22
109	125	94	22
109	126	96	22
109	127	100	22
109	130	100	22
109	133	100	22
109	138	91	22
109	139	92	22
109	143	91	22
109	144	100	22
109	148	94	22
109	149	16	22
110	112	99	22
110	113	96	22
110	114	93	22
110	115	100	22
110	117	98	22
110	119	97	22
110	120	0	22
110	128	99	22
110	130	89	22
110	131	100	22
110	135	100	22
110	137	98	22
110	138	0	22
110	139	91	22
110	146	100	22
110	149	100	22
111	102	94	22
111	103	96	22
111	104	100	22
111	106	97	22
111	107	15	22
111	108	97	22
111	113	85	22
111	116	92	22
111	117	96	22
111	118	96	22
111	121	96	22
111	122	14	22
111	123	98	22
111	124	100	22
111	125	100	22
111	126	95	22
111	130	100	22
111	133	94	22
111	138	100	22
111	146	8	22
112	102	77	22
112	109	89	22
112	110	100	22
112	113	92	22
112	114	100	22
112	115	100	22
112	117	100	22
112	119	100	22
112	125	100	22
112	126	93	22
112	130	55	22
112	131	100	22
112	133	95	22
112	135	88	22
112	137	98	22
112	138	100	22
112	139	97	22
112	144	94	22
112	146	95	22
112	148	96	22
112	149	90	22
113	102	100	22
113	103	88	22
113	104	6	22
113	105	65	22
113	109	98	22
113	110	98	22
113	111	78	22
113	112	99	22
113	115	49	22
113	117	100	22
113	119	96	22
113	121	5	22
113	122	2	22
113	125	94	22
113	126	97	22
113	130	97	22
113	131	91	22
113	133	30	22
113	135	97	22
113	138	98	22
113	139	23	22
113	143	99	22
113	144	96	22
113	146	100	22
113	149	100	22
114	110	100	22
114	112	91	22
114	115	100	22
114	117	99	22
114	119	98	22
114	120	100	22
114	128	100	22
114	129	100	22
114	130	2	22
114	131	55	22
114	135	98	22
114	136	100	22
114	137	97	22
114	142	1	22
115	102	17	22
115	110	100	22
115	112	96	22
115	113	89	22
115	114	95	22
115	117	96	22
115	119	100	22
115	125	89	22
115	130	73	22
115	131	96	22
115	135	100	22
115	137	100	22
115	138	90	22
115	139	92	22
115	146	89	22
115	149	100	22
116	100	80	22
116	101	92	22
116	102	96	22
116	103	94	22
116	106	95	22
116	107	100	22
116	108	93	22
116	109	99	22
116	111	92	22
116	117	100	22
116	118	100	22
116	121	98	22
116	122	91	22
116	124	89	22
116	125	100	22
116	126	98	22
116	130	98	22
116	133	95	22
116	138	96	22
116	144	95	22
116	146	99	22
116	148	96	22
117	102	91	22
117	108	76	22
117	109	66	22
117	110	98	22
117	111	83	22
117	112	100	22
117	113	100	22
117	114	94	22
117	115	96	22
117	116	76	22
117	118	72	22
117	119	92	22
117	125	96	22
117	126	91	22
117	130	94	22
117	131	100	22
117	133	90	22
117	135	30	22
117	137	54	22
117	138	96	22
117	144	84	22
117	146	94	22
117	148	87	22
117	149	96	22
118	100	7	22
118	101	96	22
118	102	90	22
118	103	90	22
118	106	8	22
118	107	94	22
118	108	93	22
118	109	89	22
118	111	93	22
118	116	89	22
118	117	80	22
118	121	92	22
118	122	88	22
118	123	84	22
118	124	98	22
118	125	94	22
118	133	99	22
118	138	91	22
118	139	4	22
118	144	24	22
118	146	19	22
119	110	94	22
119	112	94	22
119	113	98	22
119	114	95	22
119	115	94	22
119	117	98	22
119	120	96	22
119	128	97	22
119	129	100	22
119	130	91	22
119	131	90	22
119	135	100	22
119	136	40	22
119	137	97	22
119	144	56	22
119	146	55	22
119	149	100	22
120	110	95	22
120	114	57	22
120	119	100	22
120	128	100	22
120	129	100	22
120	135	100	22
120	136	100	22
120	142	98	22
121	100	67	22
121	101	93	22
121	102	95	22
121	103	98	22
121	104	97	22
121	106	34	22
121	107	96	22
121	108	98	22
121	109	91	22
121	111	98	22
121	113	74	22
121	116	95	22
121	118	100	22
121	122	95	22
121	123	93	22
121	124	100	22
121	125	88	22
121	126	98	22
121	130	94	22
121	133	100	22
121	138	100	22
121	148	98	22
122	100	100	22
122	101	93	22
122	102	92	22
122	103	96	22
122	105	99	22
122	106	27	22
122	107	97	22
122	108	97	22
122	109	100	22
122	111	24	22
122	113	82	22
122	116	98	22
122	118	86	22
122	121	91	22
122	123	68	22
122	124	88	22
122	125	93	22
122	127	99	22
122	130	96	22
122	133	98	22
122	143	91	22
122	144	96	22
122	148	9	22
123	101	38	22
123	102	0	22
123	103	90	22
123	104	90	22
123	106	96	22
123	111	100	22
123	118	39	22
123	121	82	22
123	122	16	22
123	124	84	22
123	126	77	22
123	133	54	22
124	101	92	22
124	102	91	22
124	103	96	22
124	104	60	22
124	106	97	22
124	107	75	22
124	108	88	22
124	111	90	22
124	116	76	22
124	118	84	22
124	121	91	22
124	122	96	22
124	123	94	22
124	126	90	22
124	133	87	22
125	102	98	22
125	103	87	22
125	104	100	22
125	105	6	22
125	106	85	22
125	108	77	22
125	109	87	22
125	111	91	22
125	112	99	22
125	113	100	22
125	114	20	22
125	115	96	22
125	116	94	22
125	117	99	22
125	118	94	22
125	121	52	22
125	122	84	22
125	126	96	22
125	130	99	22
125	131	44	22
125	133	90	22
125	138	96	22
125	139	86	22
125	141	78	22
125	144	99	22
125	146	2	22
125	148	97	22
125	149	99	22
126	102	55	22
126	103	97	22
126	106	100	22
126	109	10	22
126	111	97	22
126	112	51	22
126	113	97	22
126	116	93	22
126	117	91	22
126	121	93	22
126	123	96	22
126	124	92	22
126	125	94	22
126	130	98	22
126	133	91	22
126	138	100	22
126	148	46	22
127	100	92	22
127	101	91	22
127	102	95	22
127	103	90	22
127	105	94	22
127	107	87	22
127	108	94	22
127	109	100	22
127	118	1	22
127	122	86	22
127	130	73	22
127	133	91	22
127	139	81	22
127	143	94	22
127	144	100	22
127	146	96	22
128	110	94	22
128	114	100	22
128	119	95	22
128	120	92	22
128	129	96	22
128	135	99	22
128	142	97	22
129	114	100	22
129	119	97	22
129	120	96	22
129	128	98	22
129	136	98	22
129	140	97	22
129	141	13	22
129	142	100	22
129	143	58	22
129	147	85	22
129	149	8	22
130	102	90	22
130	109	95	22
130	110	91	22
130	111	100	22
130	113	100	22
130	114	8	22
130	115	8	22
130	116	90	22
130	117	97	22
130	119	96	22
130	122	76	22
130	125	97	22
130	126	100	22
130	131	99	22
130	138	100	22
130	139	91	22
130	141	5	22
130	144	100	22
130	146	100	22
130	148	100	22
130	149	96	22
131	103	87	22
131	110	94	22
131	112	94	22
131	113	99	22
131	114	96	22
131	115	100	22
131	117	95	22
131	119	99	22
131	126	25	22
131	130	96	22
131	139	90	22
131	140	99	22
131	141	100	22
131	143	98	22
131	144	100	22
131	146	98	22
131	147	100	22
131	148	6	22
131	149	94	22
132	110	4	22
132	114	98	22
132	119	98	22
132	120	95	22
132	128	100	22
132	129	100	22
132	135	100	22
132	136	96	22
132	137	35	22
133	101	7	22
133	102	86	22
133	103	95	22
133	105	15	22
133	106	100	22
133	108	96	22
133	109	96	22
133	111	94	22
133	112	93	22
133	116	100	22
133	117	98	22
133	118	99	22
133	121	94	22
133	122	90	22
133	123	72	22
133	124	100	22
133	125	89	22
133	126	92	22
133	127	80	22
133	138	17	22
133	139	30	22
133	144	0	22
133	146	90	22
135	110	84	22
135	112	88	22
135	113	88	22
135	114	79	22
135	115	97	22
135	119	93	22
135	120	94	22
135	128	98	22
135	136	97	22
135	137	96	22
136	114	98	22
136	119	49	22
136	120	98	22
136	128	46	22
136	129	95	22
136	135	95	22
136	142	39	22
137	110	94	22
137	112	95	22
137	113	4	22
137	114	96	22
137	115	98	22
137	117	40	22
137	119	96	22
137	135	100	22
138	102	92	22
138	103	90	22
138	104	98	22
138	106	98	22
138	109	89	22
138	111	96	22
138	112	95	22
138	113	100	22
138	115	90	22
138	116	99	22
138	117	100	22
138	118	90	22
138	121	96	22
138	125	97	22
138	126	98	22
138	130	100	22
138	144	96	22
138	146	24	22
138	148	94	22
139	102	11	22
139	105	7	22
139	109	11	22
139	110	88	22
139	112	88	22
139	113	96	22
139	115	88	22
139	125	96	22
139	127	25	22
139	130	92	22
139	131	95	22
139	140	99	22
139	141	100	22
139	142	39	22
139	143	100	22
139	144	98	22
139	146	100	22
139	147	98	22
139	148	98	22
139	149	93	22
140	129	11	22
140	131	100	22
140	139	99	22
140	141	95	22
140	142	99	22
140	143	100	22
140	147	93	22
141	102	3	22
141	105	0	22
141	125	80	22
141	128	5	22
141	129	13	22
141	130	74	22
141	131	98	22
141	139	100	22
141	140	94	22
141	142	97	22
141	143	100	22
141	144	99	22
141	146	100	22
141	147	98	22
141	148	71	22
142	114	51	22
142	120	100	22
142	128	95	22
142	129	95	22
142	131	13	22
142	136	7	22
142	139	13	22
142	140	80	22
142	141	92	22
142	143	91	22
142	147	85	22
143	105	0	22
143	109	89	22
143	113	95	22
143	122	63	22
143	127	93	22
143	129	6	22
143	131	100	22
143	139	100	22
143	140	99	22
143	141	100	22
143	142	100	22
143	144	91	22
143	147	95	22
143	148	99	22
144	101	80	22
144	105	95	22
144	108	95	22
144	109	94	22
144	111	45	22
144	112	99	22
144	113	94	22
144	116	96	22
144	117	99	22
144	118	2	22
144	119	100	22
144	122	100	22
144	125	92	22
144	126	34	22
144	127	97	22
144	130	99	22
144	131	96	22
144	133	85	22
144	138	97	22
144	139	95	22
144	141	97	22
144	143	99	22
144	146	99	22
144	148	96	22
146	102	95	22
146	103	22	22
146	105	10	22
146	110	95	22
146	111	7	22
146	112	91	22
146	113	96	22
146	114	0	22
146	115	98	22
146	116	90	22
146	117	93	22
146	118	7	22
146	119	91	22
146	125	14	22
146	126	45	22
146	127	84	22
146	130	97	22
146	131	90	22
146	133	25	22
146	138	92	22
146	139	93	22
146	141	95	22
146	144	100	22
146	148	100	22
146	149	95	22
147	129	45	22
147	131	94	22
147	139	88	22
147	140	94	22
147	141	99	22
147	142	100	22
147	143	94	22
148	102	95	22
148	103	87	22
148	105	93	22
148	108	84	22
148	109	88	22
148	111	21	22
148	112	90	22
148	113	89	22
148	115	24	22
148	116	87	22
148	117	92	22
148	121	95	22
148	122	27	22
148	125	99	22
148	126	97	22
148	130	96	22
148	131	4	22
148	138	100	22
148	139	94	22
148	141	31	22
148	143	90	22
148	144	99	22
148	146	95	22
148	149	60	22
149	109	15	22
149	110	94	22
149	112	92	22
149	113	94	22
149	115	94	22
149	117	96	22
149	119	100	22
149	125	96	22
149	129	71	22
149	130	99	22
149	131	94	22
149	135	100	22
149	139	87	22
149	143	11	22
149	146	90	22
149	148	72	22
100	101	95	21
100	105	93	21
100	106	27	21
100	108	98	21
100	116	83	21
100	118	88	21
100	121	83	21
100	122	93	21
100	127	96	21
100	133	73	21
100	144	76	21
101	100	96	21
101	102	91	21
101	105	99	21
101	106	81	21
101	107	96	21
101	108	98	21
101	109	96	21
101	116	54	21
101	118	86	21
101	121	98	21
101	122	94	21
101	127	92	21
101	133	18	21
102	101	92	21
102	103	95	21
102	105	97	21
102	107	92	21
102	108	100	21
102	109	100	21
102	111	92	21
102	113	100	21
102	116	100	21
102	117	40	21
102	118	97	21
102	121	85	21
102	122	88	21
102	125	97	21
102	126	43	21
102	127	90	21
102	130	44	21
102	133	95	21
102	138	100	21
102	144	96	21
102	146	100	21
103	102	48	21
103	106	61	21
103	107	61	21
103	109	92	21
103	111	97	21
103	116	95	21
103	118	99	21
103	121	100	21
103	122	90	21
103	123	100	21
103	124	94	21
103	126	100	21
103	131	34	21
103	133	99	21
103	138	97	21
103	144	27	21
104	106	67	21
104	111	98	21
104	116	72	21
104	121	89	21
104	123	94	21
104	125	91	21
104	126	93	21
104	138	100	21
105	100	81	21
105	101	90	21
105	102	94	21
105	107	81	21
105	108	92	21
105	109	100	21
105	113	100	21
105	116	50	21
105	118	55	21
105	122	95	21
105	125	7	21
105	127	95	21
105	133	86	21
105	139	91	21
105	143	94	21
105	144	100	21
105	146	96	21
105	148	89	21
106	101	66	21
106	103	52	21
106	104	67	21
106	107	14	21
106	108	79	21
106	111	89	21
106	116	59	21
106	118	97	21
106	121	94	21
106	123	94	21
106	124	91	21
106	126	100	21
106	133	10	21
106	138	67	21
107	100	4	21
107	101	90	21
107	102	97	21
107	103	86	21
107	105	50	21
107	108	94	21
107	109	71	21
107	116	88	21
107	118	97	21
107	121	91	21
107	122	34	21
107	124	76	21
107	127	3	21
107	133	48	21
107	144	40	21
108	100	95	21
108	101	100	21
108	102	100	21
108	103	62	21
108	105	96	21
108	106	100	21
108	107	96	21
108	109	100	21
108	116	100	21
108	118	100	21
108	121	100	21
108	122	95	21
108	124	6	21
108	127	94	21
108	133	96	21
108	138	92	21
108	144	88	21
108	146	100	21
109	101	97	21
109	102	100	21
109	103	100	21
109	105	98	21
109	107	81	21
109	108	98	21
109	111	0	21
109	112	100	21
109	113	85	21
109	116	96	21
109	117	7	21
109	118	92	21
109	122	94	21
109	125	99	21
109	126	97	21
109	127	100	21
109	130	80	21
109	133	96	21
109	138	97	21
109	139	95	21
109	141	18	21
109	143	96	21
109	144	100	21
109	146	0	21
109	148	95	21
110	112	97	21
110	113	9	21
110	114	95	21
110	115	99	21
110	117	95	21
110	119	100	21
110	125	37	21
110	128	55	21
110	130	90	21
110	131	100	21
110	135	94	21
110	137	100	21
110	139	47	21
110	146	81	21
110	149	100	21
111	102	11	21
111	103	100	21
111	104	100	21
111	106	88	21
111	113	7	21
111	116	95	21
111	117	95	21
111	118	33	21
111	121	94	21
111	123	100	21
111	124	36	21
111	125	83	21
111	126	100	21
111	133	95	21
111	138	98	21
111	144	2	21
112	109	96	21
112	110	100	21
112	113	93	21
112	114	89	21
112	115	100	21
112	116	78	21
112	117	100	21
112	119	100	21
112	126	99	21
112	130	96	21
112	131	95	21
112	133	92	21
112	135	97	21
112	138	100	21
112	139	95	21
112	144	99	21
112	146	100	21
112	148	0	21
112	149	94	21
113	102	61	21
113	105	96	21
113	109	96	21
113	110	94	21
113	111	57	21
113	112	70	21
113	116	51	21
113	117	96	21
113	119	100	21
113	125	99	21
113	126	89	21
113	127	31	21
113	130	97	21
113	131	92	21
113	135	84	21
113	138	99	21
113	139	93	21
113	144	91	21
113	146	100	21
113	148	57	21
113	149	98	21
114	110	100	21
114	112	99	21
114	115	100	21
114	117	98	21
114	119	95	21
114	128	96	21
114	129	92	21
114	131	19	21
114	135	100	21
114	136	98	21
114	137	95	21
115	110	100	21
115	112	100	21
115	114	100	21
115	117	99	21
115	119	100	21
115	125	97	21
115	131	95	21
115	135	95	21
115	137	100	21
115	138	86	21
115	139	85	21
115	146	57	21
115	149	100	21
116	100	11	21
116	101	83	21
116	102	89	21
116	103	98	21
116	105	10	21
116	106	48	21
116	107	89	21
116	108	96	21
116	109	100	21
116	111	95	21
116	117	64	21
116	118	94	21
116	121	88	21
116	122	93	21
116	125	100	21
116	126	53	21
116	133	96	21
116	138	100	21
116	144	96	21
116	146	98	21
116	148	99	21
117	110	100	21
117	111	91	21
117	112	96	21
117	113	98	21
117	114	96	21
117	115	96	21
117	116	92	21
117	118	85	21
117	119	53	21
117	125	96	21
117	126	97	21
117	130	92	21
117	131	98	21
117	133	4	21
117	135	2	21
117	138	97	21
117	144	87	21
117	146	92	21
117	149	100	21
118	100	87	21
118	101	8	21
118	102	94	21
118	103	100	21
118	105	21	21
118	106	98	21
118	107	100	21
118	108	100	21
118	109	99	21
118	111	94	21
118	116	98	21
118	117	100	21
118	121	100	21
118	122	90	21
118	123	100	21
118	124	91	21
118	125	9	21
118	126	39	21
118	127	95	21
118	131	36	21
118	133	94	21
118	138	99	21
118	144	83	21
118	146	37	21
119	110	100	21
119	112	85	21
119	113	97	21
119	114	95	21
119	115	99	21
119	117	77	21
119	120	100	21
119	128	98	21
119	129	36	21
119	131	100	21
119	135	98	21
119	136	92	21
119	149	100	21
120	110	100	21
120	114	98	21
120	119	93	21
120	128	97	21
120	129	100	21
120	136	94	21
121	101	95	21
121	102	86	21
121	103	100	21
121	104	100	21
121	106	99	21
121	107	97	21
121	108	93	21
121	111	98	21
121	116	93	21
121	118	91	21
121	122	92	21
121	123	94	21
121	124	99	21
121	125	0	21
121	126	98	21
121	133	98	21
121	138	97	21
122	100	93	21
122	101	90	21
122	102	93	21
122	103	91	21
122	105	96	21
122	106	1	21
122	107	70	21
122	108	100	21
122	109	99	21
122	116	97	21
122	118	96	21
122	121	99	21
122	123	94	21
122	127	93	21
122	131	14	21
122	133	59	21
122	143	90	21
122	144	99	21
122	146	74	21
123	101	0	21
123	103	88	21
123	104	100	21
123	106	98	21
123	111	98	21
123	118	100	21
123	121	92	21
123	122	65	21
123	124	94	21
123	126	95	21
123	138	48	21
124	101	74	21
124	103	89	21
124	106	98	21
124	111	93	21
124	118	93	21
124	121	96	21
124	123	100	21
124	126	97	21
124	133	99	21
125	102	88	21
125	103	27	21
125	104	92	21
125	105	36	21
125	109	95	21
125	110	100	21
125	111	94	21
125	113	100	21
125	115	94	21
125	116	94	21
125	117	96	21
125	118	79	21
125	121	66	21
125	126	84	21
125	130	97	21
125	133	96	21
125	138	93	21
125	139	76	21
125	144	96	21
125	146	70	21
125	148	100	21
126	103	95	21
126	104	95	21
126	106	99	21
126	109	45	21
126	111	100	21
126	112	100	21
126	113	100	21
126	116	87	21
126	117	100	21
126	118	0	21
126	121	99	21
126	123	94	21
126	124	92	21
126	125	95	21
126	138	98	21
126	146	74	21
127	100	94	21
127	101	95	21
127	102	98	21
127	105	100	21
127	107	16	21
127	108	94	21
127	109	99	21
127	113	6	21
127	116	18	21
127	118	27	21
127	122	100	21
127	139	73	21
127	143	88	21
127	144	99	21
128	110	83	21
128	114	97	21
128	119	98	21
128	120	93	21
128	129	93	21
128	131	13	21
128	135	15	21
128	149	83	21
129	110	1	21
129	114	99	21
129	120	93	21
129	128	100	21
129	131	68	21
129	136	95	21
129	140	97	21
129	142	91	21
129	143	6	21
130	102	86	21
130	105	13	21
130	109	91	21
130	110	94	21
130	111	98	21
130	112	100	21
130	113	93	21
130	114	90	21
130	115	95	21
130	116	87	21
130	117	99	21
130	122	0	21
130	125	92	21
130	126	85	21
130	131	96	21
130	133	91	21
130	135	14	21
130	138	100	21
130	139	100	21
130	144	100	21
130	146	100	21
130	148	100	21
130	149	96	21
131	103	52	21
131	110	97	21
131	112	100	21
131	113	94	21
131	114	32	21
131	115	98	21
131	117	99	21
131	119	98	21
131	129	0	21
131	130	100	21
131	135	53	21
131	139	100	21
131	140	95	21
131	141	100	21
131	142	87	21
131	144	97	21
131	147	100	21
131	149	99	21
132	114	94	21
132	119	91	21
132	120	98	21
132	128	97	21
132	129	97	21
132	135	100	21
132	136	100	21
132	142	73	21
133	101	83	21
133	102	92	21
133	103	94	21
133	105	83	21
133	106	51	21
133	107	31	21
133	108	100	21
133	109	100	21
133	111	89	21
133	112	84	21
133	116	100	21
133	118	95	21
133	121	90	21
133	122	67	21
133	124	93	21
133	125	94	21
133	130	95	21
133	131	3	21
133	138	97	21
133	144	100	21
133	146	68	21
135	110	96	21
135	112	86	21
135	114	94	21
135	115	96	21
135	119	100	21
135	131	65	21
135	136	97	21
135	137	97	21
136	114	95	21
136	119	79	21
136	120	100	21
136	129	97	21
136	135	97	21
137	110	98	21
137	112	27	21
137	114	100	21
137	115	99	21
137	117	86	21
137	135	99	21
138	102	91	21
138	103	89	21
138	104	95	21
138	106	4	21
138	109	80	21
138	111	89	21
138	112	54	21
138	113	100	21
138	116	95	21
138	117	98	21
138	121	92	21
138	123	72	21
138	125	96	21
138	126	95	21
138	130	100	21
138	133	80	21
138	144	89	21
138	148	43	21
139	105	91	21
139	109	87	21
139	110	88	21
139	112	96	21
139	113	2	21
139	115	4	21
139	125	12	21
139	127	7	21
139	130	59	21
139	131	100	21
139	140	95	21
139	141	97	21
139	143	94	21
139	144	100	21
139	146	100	21
139	147	13	21
139	148	99	21
140	129	54	21
140	131	96	21
140	139	97	21
140	141	90	21
140	142	99	21
140	143	100	21
140	147	50	21
141	105	6	21
141	109	94	21
141	129	100	21
141	131	100	21
141	139	100	21
141	140	97	21
141	142	98	21
141	143	96	21
141	144	95	21
141	146	96	21
141	147	99	21
142	114	34	21
142	129	89	21
142	131	88	21
142	139	0	21
142	140	100	21
142	141	62	21
142	143	100	21
142	147	95	21
143	105	91	21
143	109	82	21
143	122	17	21
143	127	54	21
143	129	4	21
143	131	10	21
143	139	96	21
143	140	98	21
143	141	100	21
143	142	96	21
143	144	100	21
143	146	91	21
143	147	95	21
143	148	7	21
144	102	4	21
144	103	79	21
144	105	90	21
144	107	4	21
144	108	0	21
144	109	95	21
144	112	82	21
144	113	99	21
144	116	98	21
144	117	100	21
144	118	28	21
144	122	81	21
144	125	98	21
144	127	86	21
144	130	100	21
144	131	92	21
144	133	88	21
144	138	90	21
144	139	93	21
144	141	100	21
144	143	97	21
144	146	100	21
144	148	100	21
146	102	74	21
146	105	90	21
146	108	91	21
146	109	4	21
146	110	100	21
146	112	97	21
146	113	100	21
146	116	85	21
146	117	100	21
146	118	16	21
146	122	16	21
146	125	29	21
146	126	92	21
146	127	3	21
146	130	100	21
146	131	49	21
146	133	28	21
146	139	94	21
146	141	100	21
146	143	91	21
146	144	100	21
146	148	100	21
146	149	99	21
147	131	87	21
147	139	96	21
147	140	37	21
147	141	100	21
147	142	100	21
147	143	98	21
148	102	3	21
148	103	88	21
148	105	98	21
148	109	85	21
148	110	5	21
148	112	82	21
148	113	33	21
148	116	96	21
148	117	95	21
148	121	84	21
148	123	71	21
148	125	100	21
148	126	95	21
148	130	100	21
148	138	98	21
148	139	96	21
148	143	88	21
148	144	100	21
148	146	98	21
148	149	95	21
149	110	100	21
149	112	87	21
149	113	99	21
149	114	91	21
149	115	99	21
149	117	92	21
149	119	95	21
149	128	99	21
149	129	13	21
149	130	91	21
149	131	96	21
149	135	96	21
149	138	11	21
149	140	8	21
149	146	98	21
149	148	77	21
100	101	100	20
100	102	97	20
100	106	60	20
100	107	98	20
100	108	95	20
100	109	10	20
100	116	96	20
100	118	100	20
100	121	0	20
100	122	96	20
100	124	14	20
100	127	100	20
100	133	88	20
100	144	98	20
101	100	100	20
101	102	100	20
101	105	42	20
101	106	100	20
101	107	98	20
101	108	96	20
101	109	100	20
101	116	100	20
101	118	100	20
101	121	97	20
101	122	96	20
101	123	96	20
101	127	100	20
101	144	38	20
101	146	35	20
102	100	98	20
102	101	95	20
102	103	96	20
102	105	98	20
102	107	97	20
102	108	100	20
102	109	98	20
102	111	100	20
102	113	99	20
102	116	100	20
102	118	96	20
102	121	98	20
102	122	97	20
102	124	99	20
102	125	98	20
102	126	96	20
102	127	99	20
102	130	100	20
102	133	96	20
102	138	97	20
102	139	88	20
102	146	29	20
102	148	99	20
103	101	4	20
103	102	98	20
103	104	100	20
103	106	94	20
103	108	94	20
103	109	91	20
103	111	97	20
103	113	99	20
103	116	94	20
103	117	68	20
103	118	98	20
103	121	98	20
103	122	82	20
103	123	95	20
103	124	90	20
103	130	100	20
103	131	99	20
103	133	99	20
103	138	94	20
103	148	93	20
104	103	94	20
104	106	100	20
104	108	16	20
104	111	96	20
104	112	72	20
104	113	51	20
104	116	97	20
104	121	98	20
104	123	100	20
104	124	96	20
104	125	100	20
104	126	98	20
104	138	28	20
105	100	40	20
105	101	84	20
105	102	100	20
105	107	98	20
105	108	98	20
105	109	97	20
105	113	100	20
105	118	91	20
105	122	100	20
105	125	100	20
105	127	98	20
105	130	96	20
105	131	61	20
105	133	7	20
105	139	85	20
105	141	96	20
105	143	100	20
105	144	100	20
105	146	98	20
105	148	98	20
106	100	95	20
106	101	100	20
106	102	0	20
106	103	99	20
106	104	100	20
106	108	100	20
106	111	94	20
106	116	95	20
106	118	98	20
106	121	96	20
106	123	99	20
106	124	100	20
106	125	78	20
106	126	94	20
106	130	79	20
106	133	100	20
107	100	100	20
107	101	96	20
107	102	100	20
107	105	99	20
107	106	10	20
107	108	95	20
107	109	98	20
107	111	55	20
107	116	77	20
107	118	97	20
107	121	98	20
107	122	100	20
107	123	96	20
107	124	96	20
107	125	14	20
107	127	7	20
107	130	4	20
107	133	96	20
107	148	11	20
108	100	91	20
108	101	100	20
108	102	97	20
108	103	97	20
108	104	1	20
108	105	39	20
108	106	96	20
108	107	100	20
108	109	98	20
108	112	43	20
108	116	97	20
108	117	9	20
108	118	98	20
108	121	93	20
108	122	98	20
108	123	58	20
108	124	100	20
108	125	100	20
108	126	99	20
108	127	97	20
108	130	100	20
108	133	92	20
108	138	99	20
108	139	100	20
108	144	100	20
108	146	100	20
108	148	85	20
109	100	80	20
109	101	99	20
109	102	100	20
109	103	100	20
109	105	97	20
109	107	89	20
109	108	94	20
109	111	84	20
109	112	97	20
109	113	8	20
109	115	91	20
109	116	100	20
109	117	100	20
109	118	93	20
109	122	96	20
109	125	100	20
109	127	100	20
109	131	68	20
109	133	90	20
109	138	93	20
109	139	97	20
109	141	97	20
109	143	96	20
109	144	97	20
109	146	82	20
109	148	100	20
110	112	100	20
110	113	100	20
110	114	96	20
110	115	94	20
110	117	100	20
110	119	100	20
110	120	99	20
110	125	97	20
110	128	100	20
110	130	100	20
110	131	100	20
110	135	99	20
110	137	98	20
110	138	95	20
110	146	94	20
110	149	98	20
111	102	98	20
111	103	96	20
111	104	100	20
111	106	97	20
111	107	89	20
111	109	1	20
111	113	97	20
111	116	100	20
111	117	23	20
111	118	53	20
111	121	100	20
111	123	100	20
111	124	77	20
111	125	5	20
111	126	96	20
111	130	100	20
111	133	99	20
111	138	97	20
111	144	100	20
111	148	5	20
112	104	99	20
112	108	36	20
112	109	95	20
112	110	96	20
112	113	99	20
112	114	96	20
112	115	100	20
112	116	92	20
112	117	97	20
112	118	40	20
112	119	100	20
112	125	100	20
112	126	95	20
112	130	100	20
112	131	98	20
112	135	100	20
112	137	100	20
112	138	100	20
112	139	100	20
112	143	91	20
112	144	6	20
112	146	93	20
112	148	87	20
112	149	96	20
113	102	100	20
113	103	98	20
113	104	26	20
113	105	97	20
113	110	96	20
113	111	70	20
113	112	100	20
113	114	44	20
113	115	100	20
113	116	94	20
113	117	100	20
113	118	25	20
113	119	100	20
113	121	6	20
113	125	96	20
113	126	96	20
113	127	69	20
113	130	99	20
113	131	98	20
113	133	95	20
113	137	2	20
113	138	95	20
113	139	96	20
113	143	86	20
113	144	94	20
113	146	95	20
113	148	98	20
113	149	99	20
114	110	100	20
114	112	99	20
114	113	83	20
114	115	100	20
114	117	98	20
114	119	100	20
114	120	98	20
114	125	3	20
114	128	99	20
114	130	100	20
114	131	78	20
114	135	99	20
114	136	98	20
114	137	93	20
115	110	99	20
115	112	100	20
115	113	97	20
115	114	96	20
115	117	94	20
115	119	98	20
115	125	100	20
115	130	99	20
115	131	98	20
115	135	98	20
115	136	15	20
115	137	98	20
115	138	55	20
115	139	33	20
115	144	0	20
115	149	97	20
116	100	100	20
116	101	97	20
116	102	97	20
116	103	100	20
116	104	98	20
116	106	94	20
116	107	67	20
116	108	97	20
116	109	100	20
116	111	93	20
116	112	100	20
116	113	100	20
116	117	99	20
116	118	100	20
116	121	100	20
116	122	100	20
116	123	22	20
116	124	68	20
116	125	100	20
116	126	93	20
116	130	99	20
116	133	98	20
116	138	99	20
116	144	95	20
116	146	18	20
116	148	98	20
117	103	86	20
117	108	3	20
117	109	35	20
117	110	100	20
117	111	0	20
117	112	94	20
117	113	100	20
117	114	99	20
117	115	95	20
117	116	99	20
117	118	86	20
117	119	99	20
117	120	4	20
117	125	97	20
117	126	98	20
117	130	95	20
117	131	99	20
117	133	100	20
117	137	65	20
117	138	98	20
117	143	0	20
117	144	99	20
117	146	93	20
117	148	99	20
117	149	100	20
118	100	92	20
118	101	100	20
118	102	94	20
118	103	99	20
118	104	2	20
118	105	87	20
118	106	87	20
118	107	99	20
118	108	98	20
118	111	11	20
118	112	0	20
118	116	100	20
118	117	100	20
118	121	97	20
118	122	65	20
118	123	100	20
118	124	96	20
118	125	100	20
118	126	4	20
118	127	98	20
118	130	94	20
118	131	90	20
118	133	100	20
118	144	94	20
118	148	100	20
119	110	95	20
119	112	100	20
119	113	94	20
119	114	100	20
119	115	100	20
119	117	97	20
119	120	100	20
119	125	88	20
119	128	97	20
119	131	100	20
119	135	100	20
119	136	96	20
119	137	92	20
119	144	99	20
119	148	97	20
119	149	100	20
120	110	95	20
120	114	98	20
120	117	15	20
120	119	95	20
120	128	100	20
120	129	94	20
120	135	62	20
120	136	99	20
120	142	56	20
121	100	79	20
121	101	100	20
121	102	97	20
121	103	100	20
121	104	100	20
121	106	93	20
121	107	100	20
121	108	100	20
121	111	100	20
121	113	36	20
121	116	98	20
121	118	96	20
121	122	100	20
121	123	100	20
121	124	100	20
121	126	100	20
121	127	3	20
121	130	98	20
121	133	100	20
121	138	100	20
122	100	99	20
122	101	95	20
122	102	98	20
122	103	94	20
122	105	100	20
122	107	100	20
122	108	97	20
122	109	92	20
122	116	94	20
122	117	66	20
122	118	93	20
122	121	95	20
122	123	40	20
122	125	100	20
122	127	100	20
122	131	5	20
122	133	46	20
122	139	42	20
122	143	100	20
122	144	97	20
122	146	96	20
123	101	93	20
123	103	100	20
123	104	96	20
123	106	100	20
123	107	97	20
123	108	92	20
123	111	96	20
123	116	41	20
123	118	100	20
123	121	98	20
123	124	96	20
123	125	100	20
123	126	97	20
123	130	77	20
123	138	98	20
123	148	90	20
124	102	100	20
124	103	98	20
124	104	34	20
124	106	96	20
124	107	97	20
124	108	93	20
124	111	93	20
124	116	100	20
124	118	100	20
124	121	97	20
124	123	94	20
124	125	12	20
124	126	98	20
124	133	100	20
124	138	84	20
125	102	100	20
125	104	100	20
125	105	74	20
125	106	23	20
125	108	60	20
125	109	100	20
125	110	94	20
125	112	97	20
125	113	98	20
125	114	18	20
125	115	96	20
125	116	99	20
125	117	100	20
125	118	85	20
125	119	16	20
125	123	98	20
125	124	16	20
125	126	96	20
125	130	98	20
125	131	97	20
125	133	96	20
125	138	98	20
125	139	94	20
125	144	96	20
125	146	100	20
125	148	100	20
126	102	96	20
126	104	100	20
126	106	95	20
126	108	98	20
126	111	100	20
126	112	97	20
126	113	99	20
126	116	99	20
126	117	98	20
126	121	96	20
126	123	100	20
126	124	100	20
126	125	100	20
126	130	100	20
126	138	96	20
126	146	98	20
126	148	100	20
127	100	95	20
127	101	97	20
127	102	96	20
127	105	100	20
127	107	97	20
127	108	96	20
127	109	100	20
127	112	5	20
127	113	100	20
127	116	4	20
127	118	100	20
127	121	10	20
127	122	94	20
127	125	73	20
127	133	100	20
127	138	25	20
127	139	98	20
127	143	58	20
127	144	96	20
128	110	97	20
128	114	99	20
128	119	96	20
128	120	100	20
128	129	100	20
128	131	96	20
128	135	9	20
128	136	19	20
128	142	94	20
128	149	100	20
129	114	97	20
129	120	90	20
129	128	99	20
129	131	2	20
129	136	100	20
129	139	61	20
129	140	98	20
129	141	100	20
129	142	100	20
129	143	26	20
129	147	59	20
130	102	98	20
130	103	90	20
130	105	51	20
130	106	42	20
130	107	4	20
130	108	100	20
130	110	97	20
130	111	92	20
130	112	92	20
130	113	93	20
130	114	83	20
130	115	100	20
130	116	100	20
130	117	97	20
130	118	50	20
130	121	94	20
130	123	31	20
130	125	96	20
130	126	100	20
130	131	96	20
130	133	98	20
130	135	34	20
130	138	100	20
130	139	96	20
130	144	96	20
130	146	92	20
130	148	100	20
130	149	94	20
131	103	92	20
131	110	97	20
131	112	100	20
131	113	100	20
131	114	92	20
131	115	96	20
131	117	99	20
131	118	71	20
131	119	95	20
131	125	100	20
131	128	100	20
131	130	100	20
131	133	63	20
131	135	99	20
131	138	24	20
131	139	97	20
131	140	100	20
131	141	98	20
131	143	13	20
131	144	4	20
131	146	2	20
131	147	97	20
131	149	100	20
132	114	95	20
132	115	95	20
132	119	99	20
132	120	100	20
132	128	96	20
132	129	99	20
132	135	98	20
132	136	100	20
132	137	100	20
132	142	14	20
132	149	98	20
133	100	93	20
133	101	38	20
133	102	100	20
133	103	97	20
133	104	7	20
133	106	95	20
133	107	79	20
133	108	92	20
133	109	99	20
133	111	100	20
133	113	99	20
133	116	100	20
133	117	98	20
133	118	96	20
133	121	91	20
133	124	99	20
133	125	92	20
133	127	100	20
133	130	100	20
133	131	100	20
133	138	98	20
133	144	99	20
133	146	90	20
133	148	100	20
135	110	94	20
135	112	100	20
135	114	100	20
135	115	99	20
135	119	95	20
135	120	9	20
135	130	77	20
135	131	93	20
135	136	95	20
135	137	93	20
135	149	6	20
136	114	100	20
136	115	7	20
136	119	95	20
136	120	98	20
136	128	13	20
136	129	100	20
136	135	100	20
136	137	95	20
137	110	100	20
137	112	94	20
137	113	76	20
137	114	97	20
137	115	99	20
137	117	35	20
137	119	100	20
137	135	97	20
137	136	96	20
138	102	95	20
138	103	100	20
138	105	3	20
138	106	3	20
138	108	92	20
138	109	95	20
138	110	94	20
138	111	100	20
138	112	96	20
138	113	88	20
138	115	23	20
138	116	100	20
138	117	96	20
138	121	95	20
138	123	100	20
138	124	65	20
138	125	100	20
138	126	97	20
138	130	100	20
138	131	0	20
138	133	96	20
138	144	100	20
138	146	6	20
138	148	99	20
138	149	82	20
139	102	66	20
139	105	9	20
139	108	89	20
139	109	93	20
139	112	99	20
139	113	97	20
139	114	5	20
139	115	87	20
139	116	52	20
139	125	100	20
139	127	97	20
139	129	48	20
139	130	96	20
139	131	99	20
139	140	100	20
139	141	96	20
139	142	100	20
139	143	100	20
139	144	97	20
139	146	100	20
139	147	99	20
139	148	94	20
139	149	100	20
140	129	97	20
140	131	100	20
140	139	96	20
140	141	96	20
140	142	93	20
140	143	99	20
140	147	97	20
140	149	100	20
141	105	84	20
141	109	97	20
141	113	21	20
141	119	2	20
141	129	99	20
141	131	99	20
141	139	96	20
141	140	98	20
141	142	100	20
141	143	100	20
141	144	100	20
141	146	100	20
141	147	99	20
141	148	100	20
141	149	94	20
142	114	4	20
142	120	71	20
142	128	100	20
142	129	100	20
142	139	100	20
142	140	100	20
142	141	99	20
142	143	100	20
142	146	31	20
142	147	100	20
143	105	98	20
143	109	95	20
143	112	86	20
143	113	96	20
143	117	4	20
143	122	87	20
143	129	94	20
143	130	13	20
143	131	50	20
143	139	100	20
143	140	100	20
143	141	97	20
143	142	100	20
143	144	100	20
143	146	100	20
143	147	99	20
143	148	100	20
144	100	100	20
144	101	46	20
144	102	20	20
144	105	93	20
144	108	97	20
144	109	92	20
144	111	90	20
144	113	94	20
144	116	99	20
144	117	96	20
144	118	92	20
144	119	8	20
144	122	99	20
144	125	100	20
144	126	6	20
144	127	100	20
144	130	96	20
144	133	93	20
144	138	99	20
144	139	100	20
144	141	95	20
144	143	93	20
144	146	100	20
144	148	96	20
144	149	69	20
146	101	62	20
146	102	96	20
146	105	96	20
146	108	100	20
146	109	71	20
146	110	100	20
146	112	98	20
146	113	94	20
146	116	41	20
146	117	95	20
146	122	47	20
146	125	100	20
146	126	100	20
146	130	99	20
146	138	56	20
146	139	96	20
146	141	100	20
146	142	34	20
146	143	100	20
146	144	100	20
146	148	96	20
146	149	97	20
147	131	93	20
147	139	99	20
147	140	99	20
147	141	97	20
147	142	98	20
147	143	99	20
148	102	98	20
148	103	92	20
148	105	98	20
148	107	10	20
148	108	85	20
148	109	100	20
148	112	48	20
148	113	100	20
148	116	100	20
148	117	100	20
148	118	96	20
148	119	90	20
148	123	100	20
148	125	97	20
148	126	95	20
148	130	95	20
148	133	91	20
148	138	98	20
148	139	97	20
148	140	0	20
148	141	32	20
148	143	99	20
148	144	100	20
148	146	100	20
148	149	96	20
149	110	94	20
149	112	99	20
149	113	95	20
149	115	93	20
149	117	100	20
149	119	97	20
149	128	99	20
149	130	93	20
149	131	98	20
149	135	64	20
149	138	96	20
149	139	96	20
149	140	97	20
149	141	96	20
149	144	64	20
149	146	100	20
149	148	96	20
100	101	93	15
100	102	17	15
100	105	63	15
100	107	95	15
100	109	75	15
100	118	89	15
100	121	81	15
100	122	100	15
100	124	3	15
100	127	90	15
100	133	0	15
101	100	100	15
101	102	83	15
101	103	80	15
101	105	93	15
101	106	71	15
101	107	93	15
101	108	84	15
101	109	88	15
101	116	95	15
101	118	83	15
101	121	58	15
101	122	100	15
101	123	91	15
101	124	51	15
101	127	100	15
101	133	16	15
101	144	76	15
102	100	5	15
102	101	82	15
102	103	76	15
102	105	92	15
102	107	96	15
102	108	100	15
102	109	94	15
102	112	96	15
102	113	93	15
102	116	81	15
102	117	100	15
102	118	95	15
102	122	78	15
102	125	93	15
102	127	87	15
102	130	97	15
102	131	6	15
102	133	84	15
102	138	90	15
102	139	93	15
102	144	96	15
102	146	100	15
102	148	30	15
103	100	11	15
103	101	77	15
103	102	10	15
103	104	68	15
103	106	72	15
103	108	95	15
103	109	79	15
103	111	93	15
103	113	38	15
103	116	91	15
103	118	78	15
103	121	91	15
103	123	80	15
103	124	78	15
103	125	95	15
103	126	100	15
103	127	65	15
103	130	100	15
103	131	100	15
103	133	85	15
103	138	94	15
103	144	82	15
103	148	93	15
104	103	88	15
104	106	83	15
104	111	99	15
104	116	61	15
104	118	84	15
104	121	93	15
104	123	100	15
104	125	98	15
104	126	93	15
104	138	98	15
105	100	67	15
105	101	84	15
105	102	100	15
105	107	27	15
105	108	76	15
105	109	94	15
105	113	94	15
105	116	74	15
105	118	63	15
105	121	6	15
105	122	100	15
105	126	35	15
105	127	99	15
105	133	68	15
105	138	12	15
105	139	8	15
105	141	5	15
105	143	72	15
105	144	98	15
105	146	94	15
105	148	57	15
106	101	92	15
106	103	87	15
106	104	100	15
106	107	13	15
106	108	78	15
106	111	99	15
106	116	79	15
106	117	23	15
106	118	88	15
106	121	98	15
106	123	100	15
106	124	88	15
106	126	90	15
106	133	29	15
106	138	95	15
107	100	91	15
107	101	91	15
107	102	100	15
107	105	5	15
107	108	90	15
107	109	91	15
107	111	10	15
107	116	3	15
107	118	82	15
107	121	90	15
107	122	86	15
107	124	84	15
107	127	87	15
107	133	82	15
107	144	90	15
108	100	4	15
108	101	100	15
108	102	100	15
108	103	99	15
108	105	97	15
108	106	89	15
108	107	82	15
108	109	93	15
108	111	77	15
108	112	71	15
108	113	56	15
108	116	100	15
108	117	17	15
108	118	100	15
108	121	89	15
108	122	100	15
108	124	0	15
108	125	83	15
108	126	60	15
108	127	86	15
108	130	59	15
108	133	85	15
108	138	37	15
108	139	7	15
108	144	99	15
108	146	93	15
108	148	91	15
109	100	85	15
109	101	90	15
109	102	91	15
109	103	71	15
109	105	100	15
109	107	83	15
109	108	92	15
109	113	98	15
109	116	89	15
109	117	68	15
109	118	14	15
109	122	90	15
109	125	81	15
109	127	96	15
109	130	85	15
109	133	84	15
109	138	78	15
109	139	88	15
109	143	90	15
109	144	100	15
109	146	96	15
109	147	7	15
109	148	5	15
110	112	100	15
110	113	100	15
110	114	97	15
110	115	100	15
110	117	100	15
110	119	97	15
110	125	96	15
110	128	93	15
110	130	84	15
110	131	92	15
110	135	100	15
110	137	99	15
110	146	46	15
110	149	100	15
111	103	94	15
111	104	94	15
111	106	95	15
111	107	63	15
111	108	57	15
111	113	92	15
111	116	86	15
111	118	70	15
111	121	93	15
111	123	96	15
111	124	93	15
111	125	87	15
111	126	95	15
111	130	61	15
111	138	91	15
111	144	26	15
111	148	93	15
112	102	75	15
112	108	76	15
112	109	22	15
112	110	99	15
112	113	99	15
112	114	13	15
112	115	100	15
112	116	85	15
112	117	100	15
112	125	88	15
112	126	59	15
112	130	100	15
112	131	94	15
112	133	43	15
112	135	100	15
112	138	99	15
112	139	27	15
112	143	84	15
112	144	90	15
112	146	0	15
112	148	99	15
113	102	81	15
113	105	84	15
113	108	44	15
113	109	91	15
113	110	100	15
113	111	42	15
113	112	100	15
113	116	59	15
113	117	100	15
113	118	58	15
113	121	22	15
113	125	100	15
113	126	69	15
113	127	73	15
113	130	94	15
113	131	94	15
113	133	7	15
113	138	95	15
113	139	91	15
113	143	68	15
113	144	57	15
113	146	100	15
113	148	85	15
113	149	93	15
114	110	96	15
114	113	14	15
114	115	92	15
114	117	100	15
114	119	100	15
114	120	99	15
114	128	100	15
114	130	83	15
114	131	91	15
114	135	100	15
114	136	99	15
114	137	100	15
114	139	15	15
114	148	3	15
114	149	99	15
115	110	90	15
115	112	100	15
115	114	100	15
115	117	98	15
115	119	100	15
115	125	90	15
115	130	94	15
115	131	90	15
115	135	98	15
115	144	82	15
115	146	85	15
115	149	98	15
116	101	74	15
116	102	91	15
116	103	100	15
116	104	67	15
116	105	86	15
116	106	52	15
116	107	69	15
116	108	92	15
116	109	98	15
116	111	50	15
116	112	100	15
116	113	98	15
116	117	96	15
116	118	90	15
116	121	61	15
116	122	92	15
116	123	85	15
116	124	79	15
116	125	96	15
116	126	90	15
116	127	42	15
116	130	97	15
116	131	88	15
116	133	100	15
116	138	100	15
116	139	96	15
116	144	87	15
116	146	87	15
116	148	97	15
117	102	87	15
117	108	45	15
117	109	83	15
117	110	100	15
117	112	97	15
117	113	100	15
117	114	89	15
117	115	98	15
117	116	88	15
117	119	100	15
117	121	57	15
117	122	13	15
117	125	97	15
117	126	9	15
117	128	3	15
117	130	100	15
117	131	87	15
117	133	82	15
117	138	99	15
117	139	17	15
117	144	47	15
117	146	98	15
117	148	97	15
117	149	97	15
118	100	81	15
118	101	83	15
118	102	92	15
118	103	78	15
118	104	65	15
118	106	79	15
118	107	96	15
118	108	97	15
118	109	5	15
118	111	63	15
118	113	71	15
118	116	78	15
118	121	96	15
118	122	100	15
118	123	12	15
118	124	83	15
118	125	99	15
118	126	61	15
118	127	98	15
118	131	12	15
118	133	86	15
118	146	17	15
118	148	88	15
119	110	93	15
119	114	100	15
119	115	93	15
119	117	91	15
119	120	50	15
119	125	89	15
119	128	100	15
119	129	65	15
119	130	86	15
119	135	100	15
119	136	91	15
119	137	96	15
119	139	22	15
119	144	5	15
119	148	8	15
119	149	99	15
120	114	28	15
120	119	89	15
120	128	4	15
120	129	55	15
120	135	6	15
120	136	100	15
120	142	2	15
121	100	82	15
121	101	19	15
121	103	93	15
121	104	100	15
121	106	84	15
121	107	90	15
121	108	98	15
121	111	93	15
121	113	18	15
121	116	68	15
121	117	27	15
121	118	86	15
121	122	92	15
121	123	99	15
121	124	97	15
121	125	62	15
121	126	96	15
121	133	87	15
121	138	98	15
122	100	95	15
122	101	93	15
122	102	98	15
122	105	92	15
122	107	89	15
122	108	96	15
122	109	100	15
122	113	0	15
122	116	86	15
122	117	49	15
122	118	90	15
122	121	83	15
122	127	100	15
122	130	11	15
122	133	92	15
122	138	24	15
122	139	6	15
122	143	82	15
122	144	100	15
122	148	5	15
123	101	77	15
123	103	88	15
123	104	100	15
123	106	100	15
123	107	13	15
123	111	100	15
123	116	90	15
123	118	30	15
123	121	82	15
123	124	81	15
123	125	14	15
123	126	92	15
123	138	85	15
123	148	69	15
124	100	1	15
124	101	77	15
124	103	76	15
124	106	93	15
124	107	75	15
124	111	92	15
124	116	3	15
124	118	82	15
124	121	99	15
124	123	95	15
124	126	41	15
124	133	67	15
125	102	82	15
125	103	88	15
125	104	98	15
125	108	79	15
125	109	51	15
125	110	100	15
125	111	82	15
125	112	46	15
125	113	96	15
125	115	91	15
125	116	92	15
125	117	94	15
125	118	84	15
125	119	100	15
125	123	3	15
125	126	91	15
125	127	35	15
125	130	100	15
125	131	91	15
125	133	84	15
125	138	97	15
125	144	95	15
125	146	97	15
125	148	90	15
125	149	69	15
126	103	84	15
126	104	98	15
126	106	91	15
126	111	92	15
126	112	13	15
126	113	97	15
126	116	96	15
126	118	33	15
126	121	95	15
126	123	90	15
126	125	94	15
126	130	73	15
126	138	100	15
126	144	91	15
126	146	84	15
127	100	96	15
127	101	97	15
127	102	95	15
127	103	87	15
127	105	95	15
127	107	96	15
127	109	100	15
127	113	79	15
127	116	4	15
127	118	89	15
127	122	100	15
127	125	85	15
127	133	84	15
127	143	51	15
127	144	97	15
127	148	100	15
128	110	97	15
128	113	3	15
128	114	96	15
128	117	2	15
128	119	100	15
128	129	100	15
128	131	89	15
128	135	95	15
128	136	96	15
128	141	7	15
128	142	94	15
128	149	95	15
129	119	95	15
129	120	10	15
129	128	100	15
129	131	24	15
129	136	100	15
129	140	22	15
129	141	82	15
129	142	97	15
129	143	2	15
129	147	12	15
129	149	99	15
130	102	87	15
130	103	88	15
130	105	34	15
130	108	30	15
130	109	95	15
130	110	100	15
130	111	54	15
130	112	100	15
130	113	97	15
130	114	96	15
130	115	100	15
130	116	86	15
130	117	96	15
130	119	95	15
130	125	100	15
130	126	85	15
130	131	99	15
130	133	83	15
130	138	100	15
130	139	98	15
130	141	21	15
130	146	92	15
130	148	100	15
130	149	92	15
131	103	80	15
131	110	96	15
131	112	98	15
131	113	96	15
131	114	91	15
131	115	97	15
131	116	73	15
131	117	94	15
131	125	98	15
131	128	89	15
131	129	19	15
131	130	99	15
131	139	90	15
131	140	92	15
131	141	94	15
131	142	87	15
131	143	96	15
131	147	91	15
131	149	96	15
132	110	85	15
132	114	100	15
132	115	0	15
132	119	100	15
132	120	99	15
132	128	92	15
132	135	98	15
132	136	99	15
132	142	15	15
132	149	69	15
133	100	72	15
133	101	80	15
133	102	96	15
133	103	88	15
133	105	95	15
133	106	0	15
133	107	83	15
133	108	100	15
133	109	92	15
133	111	21	15
133	112	0	15
133	113	30	15
133	116	97	15
133	117	100	15
133	118	98	15
133	121	92	15
133	122	100	15
133	123	25	15
133	124	75	15
133	125	87	15
133	127	86	15
133	130	97	15
133	138	1	15
133	139	71	15
133	144	94	15
133	146	26	15
133	148	96	15
135	110	97	15
135	112	100	15
135	114	100	15
135	115	100	15
135	119	97	15
135	128	97	15
135	136	85	15
135	137	98	15
136	114	100	15
136	119	100	15
136	120	100	15
136	128	100	15
136	129	100	15
136	135	100	15
136	142	9	15
137	110	100	15
137	112	39	15
137	114	99	15
137	115	38	15
137	117	83	15
137	119	98	15
137	120	20	15
137	135	93	15
137	136	94	15
137	149	45	15
138	102	85	15
138	103	89	15
138	104	82	15
138	105	0	15
138	106	83	15
138	109	14	15
138	111	93	15
138	112	97	15
138	113	89	15
138	116	81	15
138	117	100	15
138	121	81	15
138	123	81	15
138	125	99	15
138	126	97	15
138	130	97	15
138	133	20	15
138	139	12	15
138	144	66	15
138	146	7	15
138	148	92	15
138	149	99	15
139	102	88	15
139	109	86	15
139	112	88	15
139	113	91	15
139	114	0	15
139	116	84	15
139	117	56	15
139	119	14	15
139	122	0	15
139	130	87	15
139	131	97	15
139	133	38	15
139	138	68	15
139	140	80	15
139	141	97	15
139	142	89	15
139	143	100	15
139	144	100	15
139	146	96	15
139	147	71	15
139	148	91	15
139	149	93	15
140	129	5	15
140	131	100	15
140	139	80	15
140	141	94	15
140	142	98	15
140	143	100	15
140	147	75	15
140	149	9	15
141	109	27	15
141	112	88	15
141	128	66	15
141	129	91	15
141	130	84	15
141	131	98	15
141	139	99	15
141	140	87	15
141	142	97	15
141	143	81	15
141	144	100	15
141	146	98	15
141	147	81	15
141	148	98	15
141	149	58	15
142	128	99	15
142	129	51	15
142	131	93	15
142	136	9	15
142	139	96	15
142	140	89	15
142	141	93	15
142	143	84	15
142	147	100	15
143	105	98	15
143	109	99	15
143	112	95	15
143	113	75	15
143	122	86	15
143	125	31	15
143	127	51	15
143	129	16	15
143	131	96	15
143	139	100	15
143	140	96	15
143	141	33	15
143	142	87	15
143	144	91	15
143	146	73	15
143	147	96	15
143	149	87	15
144	101	80	15
144	102	76	15
144	103	54	15
144	105	95	15
144	107	77	15
144	108	76	15
144	109	98	15
144	110	4	15
144	112	94	15
144	113	94	15
144	115	79	15
144	116	82	15
144	117	16	15
144	118	1	15
144	122	98	15
144	125	100	15
144	126	72	15
144	127	94	15
144	131	49	15
144	133	64	15
144	138	75	15
144	139	93	15
144	141	88	15
144	143	80	15
144	146	100	15
144	148	93	15
144	149	95	15
146	101	11	15
146	102	100	15
146	103	5	15
146	105	76	15
146	107	49	15
146	108	100	15
146	109	99	15
146	110	98	15
146	111	46	15
146	113	98	15
146	115	99	15
146	116	86	15
146	117	96	15
146	118	84	15
146	121	9	15
146	125	90	15
146	126	82	15
146	130	95	15
146	131	92	15
146	133	67	15
146	138	87	15
146	139	94	15
146	141	93	15
146	142	0	15
146	143	93	15
146	144	100	15
146	147	8	15
146	148	100	15
146	149	94	15
147	128	40	15
147	129	13	15
147	131	67	15
147	139	86	15
147	140	60	15
147	141	69	15
147	142	93	15
147	143	90	15
148	103	83	15
148	105	49	15
148	108	93	15
148	109	29	15
148	111	94	15
148	112	100	15
148	113	97	15
148	114	19	15
148	115	7	15
148	116	84	15
148	117	100	15
148	118	79	15
148	119	9	15
148	123	77	15
148	125	91	15
148	127	96	15
148	130	96	15
148	131	10	15
148	133	92	15
148	138	92	15
148	139	100	15
148	141	89	15
148	143	4	15
148	144	99	15
148	146	100	15
148	149	92	15
149	110	100	15
149	113	90	15
149	114	94	15
149	115	95	15
149	117	93	15
149	119	95	15
149	125	45	15
149	128	98	15
149	129	34	15
149	130	93	15
149	131	94	15
149	138	86	15
149	139	81	15
149	144	80	15
149	146	91	15
149	147	0	15
149	148	94	15
