100	101	94	26
100	102	86	26
100	105	96	26
100	106	50	26
100	107	93	26
100	108	95	26
100	109	98	26
100	118	94	26
100	122	93	26
100	127	94	26
100	133	64	26
101	100	95	26
101	102	90	26
101	105	100	26
101	106	94	26
101	107	90	26
101	108	95	26
101	109	98	26
101	116	100	26
101	121	89	26
101	122	95	26
101	127	98	26
101	133	92	26
101	148	13	26
102	100	92	26
102	101	94	26
102	103	97	26
102	105	98	26
102	107	100	26
102	108	94	26
102	109	99	26
102	112	98	26
102	113	97	26
102	115	0	26
102	116	100	26
102	118	100	26
102	122	99	26
102	125	15	26
102	126	86	26
102	127	100	26
102	133	100	26
102	138	98	26
102	139	88	26
102	144	96	26
102	146	60	26
102	148	100	26
103	102	90	26
103	104	98	26
103	106	89	26
103	107	92	26
103	108	97	26
103	111	99	26
103	113	95	26
103	116	97	26
103	117	5	26
103	118	97	26
103	121	100	26
103	123	96	26
103	124	96	26
103	125	98	26
103	126	100	26
103	130	98	26
103	131	100	26
103	133	85	26
103	138	96	26
103	146	51	26
103	148	100	26
104	103	93	26
104	106	88	26
104	108	22	26
104	111	92	26
104	112	82	26
104	118	89	26
104	121	94	26
104	123	100	26
104	124	96	26
104	126	99	26
104	138	95	26
105	100	95	26
105	101	99	26
105	102	98	26
105	108	100	26
105	109	98	26
105	113	100	26
105	116	25	26
105	118	93	26
105	122	97	26
105	127	99	26
105	130	100	26
105	133	73	26
105	138	17	26
105	139	100	26
105	141	94	26
105	143	96	26
105	144	100	26
105	146	97	26
106	100	2	26
106	101	6	26
106	103	97	26
106	104	100	26
106	108	50	26
106	109	2	26
106	111	100	26
106	116	2	26
106	118	95	26
106	121	100	26
106	122	14	26
106	123	100	26
106	124	98	26
106	125	79	26
106	126	96	26
106	133	100	26
106	138	94	26
107	100	96	26
107	101	100	26
107	102	92	26
107	103	100	26
107	108	100	26
107	109	82	26
107	116	86	26
107	118	94	26
107	121	94	26
107	122	99	26
107	124	99	26
107	125	3	26
107	127	99	26
107	144	96	26
108	100	98	26
108	101	99	26
108	102	95	26
108	103	100	26
108	104	67	26
108	105	92	26
108	106	93	26
108	107	100	26
108	109	98	26
108	111	23	26
108	113	9	26
108	116	95	26
108	117	62	26
108	118	95	26
108	121	94	26
108	122	98	26
108	123	97	26
108	125	90	26
108	127	98	26
108	130	0	26
108	133	98	26
108	138	97	26
108	139	93	26
108	144	99	26
108	148	93	26
109	100	100	26
109	101	93	26
109	102	100	26
109	105	100	26
109	106	68	26
109	107	94	26
109	108	100	26
109	112	100	26
109	116	99	26
109	117	100	26
109	122	97	26
109	125	98	26
109	126	93	26
109	127	96	26
109	130	100	26
109	131	51	26
109	133	90	26
109	138	99	26
109	139	36	26
109	143	76	26
109	144	96	26
109	147	5	26
109	148	94	26
110	112	100	26
110	113	98	26
110	114	98	26
110	115	100	26
110	119	100	26
110	125	98	26
110	128	100	26
110	130	100	26
110	131	100	26
110	135	99	26
110	136	3	26
110	137	99	26
110	139	11	26
110	146	97	26
110	149	97	26
111	103	99	26
111	104	100	26
111	106	97	26
111	113	95	26
111	116	91	26
111	117	93	26
111	118	92	26
111	121	97	26
111	123	93	26
111	124	98	26
111	125	50	26
111	126	100	26
111	133	96	26
111	138	100	26
111	148	81	26
112	102	95	26
112	104	48	26
112	109	90	26
112	110	94	26
112	113	99	26
112	115	89	26
112	116	92	26
112	117	95	26
112	119	93	26
112	125	100	26
112	128	99	26
112	130	99	26
112	131	100	26
112	133	90	26
112	138	96	26
112	139	9	26
112	144	8	26
112	146	58	26
112	148	100	26
112	149	100	26
113	102	95	26
113	103	97	26
113	105	22	26
113	110	100	26
113	111	85	26
113	112	100	26
113	115	99	26
113	116	95	26
113	117	93	26
113	118	96	26
113	119	97	26
113	121	91	26
113	122	100	26
113	125	100	26
113	130	100	26
113	131	100	26
113	133	88	26
113	138	96	26
113	139	100	26
113	143	17	26
113	144	96	26
113	146	96	26
113	148	92	26
113	149	96	26
114	110	96	26
114	115	21	26
114	117	34	26
114	119	95	26
114	120	99	26
114	125	57	26
114	128	100	26
114	129	35	26
114	130	35	26
114	135	99	26
114	136	100	26
114	137	100	26
114	146	12	26
115	110	100	26
115	112	29	26
115	113	96	26
115	114	7	26
115	117	98	26
115	119	97	26
115	125	99	26
115	128	2	26
115	130	96	26
115	131	92	26
115	138	90	26
115	141	14	26
115	146	98	26
115	149	96	26
116	101	99	26
116	102	100	26
116	103	96	26
116	104	0	26
116	107	84	26
116	108	96	26
116	109	100	26
116	111	95	26
116	112	96	26
116	113	98	26
116	115	0	26
116	117	98	26
116	118	99	26
116	122	94	26
116	123	71	26
116	125	100	26
116	126	87	26
116	127	90	26
116	130	96	26
116	133	82	26
116	138	96	26
116	139	94	26
116	144	96	26
116	146	93	26
116	148	96	26
116	149	22	26
117	108	46	26
117	109	97	26
117	110	9	26
117	111	98	26
117	112	100	26
117	113	100	26
117	115	99	26
117	116	92	26
117	118	5	26
117	119	97	26
117	120	4	26
117	125	96	26
117	126	88	26
117	130	98	26
117	131	96	26
117	133	90	26
117	135	75	26
117	137	93	26
117	138	100	26
117	139	27	26
117	144	94	26
117	146	100	26
117	148	99	26
117	149	95	26
118	100	100	26
118	102	96	26
118	103	97	26
118	104	91	26
118	105	7	26
118	106	88	26
118	107	95	26
118	108	95	26
118	111	100	26
118	112	3	26
118	113	100	26
118	116	94	26
118	117	12	26
118	121	96	26
118	122	98	26
118	123	99	26
118	124	91	26
118	125	95	26
118	126	91	26
118	127	10	26
118	130	95	26
118	131	0	26
118	133	98	26
118	138	93	26
118	144	100	26
118	146	97	26
119	110	100	26
119	112	97	26
119	113	95	26
119	114	93	26
119	115	98	26
119	117	91	26
119	120	100	26
119	128	98	26
119	129	99	26
119	130	51	26
119	131	96	26
119	135	100	26
119	136	95	26
119	137	100	26
119	139	3	26
119	144	28	26
119	146	100	26
119	148	96	26
119	149	100	26
120	114	99	26
120	119	87	26
120	128	99	26
120	129	93	26
120	135	99	26
120	136	96	26
120	142	91	26
121	101	95	26
121	103	99	26
121	104	98	26
121	106	98	26
121	107	94	26
121	108	98	26
121	111	95	26
121	113	93	26
121	118	99	26
121	123	94	26
121	124	96	26
121	125	12	26
121	126	97	26
121	133	95	26
121	138	96	26
121	148	4	26
122	100	100	26
122	101	99	26
122	102	99	26
122	105	98	26
122	106	90	26
122	107	98	26
122	108	96	26
122	109	97	26
122	113	98	26
122	116	100	26
122	117	86	26
122	118	95	26
122	121	7	26
122	123	86	26
122	124	97	26
122	125	96	26
122	127	94	26
122	130	0	26
122	133	100	26
122	139	48	26
122	143	91	26
122	144	98	26
122	148	90	26
123	103	96	26
123	104	100	26
123	106	95	26
123	108	100	26
123	111	100	26
123	112	5	26
123	116	50	26
123	118	96	26
123	121	100	26
123	122	1	26
123	124	100	26
123	126	100	26
123	130	48	26
123	133	31	26
123	138	97	26
123	148	54	26
124	103	100	26
124	104	96	26
124	106	100	26
124	107	92	26
124	111	98	26
124	118	99	26
124	121	97	26
124	123	100	26
124	126	73	26
124	138	27	26
125	102	58	26
125	103	100	26
125	106	23	26
125	108	84	26
125	109	93	26
125	110	98	26
125	111	47	26
125	112	99	26
125	113	97	26
125	114	0	26
125	115	96	26
125	116	100	26
125	117	96	26
125	118	90	26
125	121	9	26
125	122	67	26
125	126	96	26
125	127	10	26
125	130	100	26
125	131	99	26
125	133	95	26
125	138	100	26
125	139	0	26
125	144	16	26
125	148	96	26
125	149	97	26
126	102	94	26
126	103	95	26
126	104	96	26
126	106	100	26
126	109	60	26
126	110	8	26
126	111	99	26
126	113	79	26
126	116	94	26
126	117	92	26
126	118	97	26
126	121	100	26
126	123	95	26
126	124	100	26
126	125	96	26
126	133	1	26
126	138	100	26
126	144	92	26
126	146	100	26
126	148	100	26
127	100	97	26
127	101	95	26
127	102	100	26
127	105	95	26
127	107	100	26
127	108	96	26
127	109	98	26
127	113	100	26
127	116	94	26
127	118	95	26
127	122	93	26
127	125	79	26
127	133	59	26
127	143	17	26
127	144	100	26
127	146	94	26
127	148	96	26
128	110	62	26
128	112	88	26
128	114	96	26
128	115	9	26
128	119	100	26
128	120	99	26
128	129	96	26
128	135	98	26
128	136	0	26
128	142	100	26
128	149	92	26
129	114	59	26
129	119	96	26
129	120	94	26
129	128	100	26
129	131	98	26
129	135	1	26
129	136	97	26
129	140	82	26
129	142	96	26
129	147	97	26
130	103	96	26
130	105	55	26
130	109	91	26
130	110	100	26
130	112	100	26
130	113	100	26
130	114	7	26
130	115	100	26
130	116	94	26
130	117	98	26
130	118	97	26
130	119	22	26
130	123	36	26
130	125	95	26
130	131	94	26
130	138	100	26
130	139	94	26
130	141	44	26
130	143	87	26
130	144	95	26
130	146	99	26
130	148	100	26
130	149	78	26
131	103	88	26
131	110	100	26
131	112	94	26
131	113	97	26
131	115	98	26
131	117	100	26
131	119	97	26
131	125	99	26
131	128	3	26
131	129	34	26
131	130	100	26
131	138	30	26
131	139	98	26
131	140	100	26
131	141	100	26
131	142	100	26
131	143	93	26
131	144	86	26
131	146	100	26
131	147	15	26
131	148	93	26
131	149	100	26
132	110	79	26
132	112	10	26
132	114	100	26
132	115	100	26
132	119	97	26
132	120	99	26
132	129	95	26
132	135	100	26
132	136	100	26
132	137	99	26
133	100	22	26
133	101	100	26
133	102	99	26
133	103	88	26
133	106	96	26
133	108	97	26
133	109	70	26
133	111	100	26
133	112	97	26
133	113	92	26
133	116	62	26
133	117	100	26
133	118	100	26
133	121	99	26
133	122	100	26
133	123	58	26
133	125	100	26
133	127	0	26
133	138	100	26
133	144	94	26
133	146	100	26
133	148	92	26
135	110	100	26
135	114	96	26
135	117	93	26
135	119	94	26
135	120	100	26
135	128	100	26
135	136	94	26
135	137	97	26
135	149	98	26
136	114	91	26
136	119	98	26
136	120	97	26
136	128	77	26
136	129	96	26
136	135	100	26
136	137	0	26
136	142	7	26
137	110	98	26
137	112	7	26
137	114	100	26
137	115	80	26
137	117	96	26
137	119	100	26
137	135	100	26
137	136	0	26
138	102	55	26
138	103	97	26
138	104	100	26
138	106	96	26
138	108	94	26
138	109	100	26
138	111	96	26
138	112	100	26
138	113	97	26
138	115	97	26
138	116	97	26
138	117	99	26
138	118	96	26
138	121	96	26
138	123	98	26
138	124	5	26
138	125	100	26
138	126	100	26
138	130	100	26
138	131	26	26
138	133	90	26
138	146	84	26
138	148	94	26
139	102	55	26
139	105	96	26
139	108	56	26
139	112	2	26
139	113	99	26
139	116	95	26
139	117	30	26
139	130	93	26
139	131	96	26
139	140	97	26
139	141	100	26
139	142	100	26
139	143	97	26
139	144	100	26
139	147	94	26
139	148	95	26
139	149	82	26
140	129	6	26
140	131	98	26
140	139	96	26
140	141	96	26
140	143	100	26
140	147	100	26
141	105	42	26
141	112	9	26
141	115	82	26
141	120	3	26
141	125	0	26
141	130	42	26
141	131	100	26
141	139	99	26
141	140	100	26
141	142	100	26
141	143	98	26
141	146	99	26
141	147	90	26
141	148	100	26
141	149	91	26
142	120	100	26
142	128	96	26
142	129	100	26
142	131	91	26
142	136	93	26
142	139	92	26
142	140	1	26
142	141	99	26
142	143	92	26
142	147	92	26
143	105	88	26
143	113	81	26
143	130	76	26
143	131	99	26
143	139	95	26
143	140	99	26
143	141	93	26
143	142	99	26
143	144	83	26
143	146	100	26
143	147	100	26
144	102	92	26
144	105	100	26
144	107	94	26
144	108	96	26
144	109	100	26
144	111	1	26
144	112	78	26
144	113	95	26
144	116	98	26
144	117	100	26
144	118	99	26
144	119	81	26
144	122	99	26
144	125	66	26
144	126	64	26
144	127	96	26
144	130	100	26
144	131	100	26
144	133	98	26
144	139	93	26
144	143	84	26
144	146	100	26
144	148	96	26
146	102	100	26
146	103	99	26
146	105	100	26
146	110	96	26
146	112	92	26
146	113	97	26
146	114	79	26
146	115	97	26
146	116	96	26
146	117	93	26
146	118	95	26
146	119	96	26
146	126	96	26
146	127	93	26
146	128	100	26
146	130	96	26
146	131	97	26
146	133	97	26
146	138	92	26
146	141	98	26
146	143	92	26
146	144	100	26
146	148	98	26
146	149	100	26
147	129	93	26
147	131	89	26
147	139	99	26
147	140	100	26
147	141	92	26
147	142	100	26
147	143	96	26
148	102	100	26
148	103	79	26
148	108	100	26
148	109	100	26
148	111	81	26
148	112	100	26
148	113	97	26
148	116	99	26
148	117	100	26
148	119	100	26
148	122	74	26
148	125	100	26
148	126	89	26
148	127	95	26
148	130	95	26
148	131	100	26
148	133	99	26
148	138	99	26
148	139	100	26
148	141	97	26
148	144	94	26
148	146	99	26
148	149	100	26
149	110	99	26
149	112	94	26
149	113	100	26
149	115	97	26
149	116	8	26
149	117	100	26
149	119	100	26
149	125	96	26
149	128	97	26
149	130	95	26
149	131	94	26
149	135	93	26
149	139	100	26
149	141	98	26
149	146	98	26
149	148	91	26
100	101	61	25
100	102	97	25
100	105	57	25
100	107	94	25
100	108	97	25
100	109	99	25
100	116	81	25
100	118	99	25
100	121	95	25
100	122	99	25
100	127	100	25
100	133	9	25
100	144	15	25
101	100	42	25
101	102	100	25
101	103	68	25
101	105	100	25
101	106	100	25
101	107	93	25
101	108	100	25
101	109	96	25
101	116	97	25
101	118	95	25
101	121	95	25
101	122	100	25
101	123	4	25
101	124	19	25
101	127	93	25
101	133	98	25
101	144	21	25
102	100	98	25
102	101	97	25
102	103	99	25
102	105	100	25
102	107	95	25
102	108	99	25
102	109	96	25
102	112	54	25
102	113	88	25
102	116	100	25
102	118	93	25
102	122	100	25
102	124	96	25
102	125	97	25
102	126	77	25
102	127	100	25
102	133	100	25
102	138	100	25
102	139	99	25
102	144	99	25
102	146	93	25
102	148	68	25
103	101	95	25
103	102	95	25
103	104	96	25
103	106	94	25
103	108	99	25
103	109	97	25
103	111	100	25
103	113	99	25
103	116	99	25
103	118	100	25
103	121	98	25
103	123	100	25
103	124	98	25
103	125	42	25
103	126	100	25
103	130	100	25
103	131	4	25
103	133	98	25
103	138	93	25
103	139	100	25
103	144	34	25
103	146	91	25
104	103	100	25
104	106	97	25
104	108	11	25
104	111	94	25
104	118	54	25
104	121	97	25
104	123	96	25
104	124	100	25
104	125	73	25
104	126	98	25
104	138	97	25
105	100	96	25
105	101	97	25
105	102	99	25
105	103	51	25
105	107	100	25
105	108	99	25
105	109	100	25
105	113	91	25
105	116	89	25
105	117	1	25
105	122	98	25
105	125	95	25
105	127	95	25
105	130	100	25
105	133	100	25
105	138	97	25
105	139	93	25
105	143	97	25
105	144	96	25
105	146	92	25
105	148	11	25
106	101	98	25
106	103	96	25
106	104	100	25
106	107	9	25
106	111	95	25
106	116	14	25
106	118	98	25
106	121	99	25
106	123	96	25
106	124	98	25
106	125	97	25
106	126	15	25
106	130	34	25
106	133	100	25
106	138	94	25
107	100	98	25
107	101	96	25
107	102	98	25
107	105	100	25
107	108	98	25
107	109	100	25
107	116	100	25
107	118	100	25
107	121	98	25
107	122	98	25
107	124	100	25
107	127	93	25
107	133	100	25
107	144	96	25
107	146	84	25
108	100	100	25
108	101	96	25
108	102	97	25
108	103	100	25
108	105	100	25
108	107	94	25
108	109	98	25
108	113	98	25
108	116	96	25
108	118	99	25
108	121	100	25
108	122	98	25
108	123	81	25
108	124	100	25
108	125	96	25
108	127	19	25
108	130	93	25
108	133	95	25
108	138	96	25
108	139	65	25
108	144	95	25
108	148	96	25
109	100	97	25
109	101	100	25
109	102	99	25
109	103	100	25
109	105	94	25
109	107	100	25
109	108	98	25
109	113	100	25
109	116	92	25
109	117	99	25
109	118	100	25
109	122	100	25
109	124	1	25
109	125	93	25
109	127	95	25
109	130	97	25
109	131	0	25
109	133	100	25
109	138	97	25
109	139	96	25
109	141	2	25
109	143	99	25
109	144	96	25
109	146	97	25
109	148	99	25
110	112	96	25
110	113	97	25
110	114	92	25
110	115	96	25
110	117	100	25
110	119	100	25
110	128	97	25
110	130	96	25
110	131	100	25
110	135	100	25
110	137	100	25
110	138	81	25
110	139	72	25
110	143	25	25
110	146	92	25
110	149	95	25
111	103	94	25
111	104	96	25
111	108	10	25
111	113	99	25
111	116	100	25
111	118	96	25
111	125	99	25
111	126	99	25
111	130	12	25
111	133	100	25
111	138	100	25
111	148	94	25
112	102	90	25
112	110	92	25
112	113	98	25
112	115	96	25
112	116	98	25
112	117	97	25
112	119	97	25
112	125	100	25
112	126	2	25
112	128	95	25
112	131	100	25
112	137	100	25
112	138	100	25
112	141	96	25
112	146	96	25
112	148	99	25
112	149	100	25
113	102	95	25
113	103	96	25
113	108	93	25
113	109	0	25
113	110	95	25
113	111	99	25
113	112	100	25
113	115	99	25
113	116	94	25
113	117	97	25
113	118	58	25
113	119	92	25
113	121	0	25
113	125	97	25
113	127	100	25
113	130	99	25
113	131	96	25
113	133	12	25
113	137	83	25
113	138	14	25
113	139	98	25
113	144	100	25
113	146	97	25
113	148	96	25
113	149	95	25
114	110	97	25
114	115	79	25
114	119	100	25
114	120	100	25
114	128	100	25
114	129	14	25
114	130	61	25
114	131	61	25
114	135	100	25
114	136	93	25
114	137	95	25
114	148	0	25
115	110	100	25
115	112	100	25
115	113	98	25
115	114	96	25
115	117	98	25
115	119	100	25
115	125	99	25
115	130	100	25
115	131	100	25
115	146	0	25
115	149	100	25
116	100	79	25
116	101	98	25
116	102	100	25
116	103	100	25
116	105	47	25
116	106	79	25
116	107	97	25
116	108	100	25
116	109	100	25
116	111	96	25
116	112	100	25
116	113	100	25
116	117	96	25
116	118	100	25
116	121	94	25
116	122	97	25
116	123	1	25
116	125	100	25
116	126	79	25
116	127	19	25
116	130	100	25
116	131	100	25
116	133	100	25
116	138	99	25
116	139	0	25
116	144	2	25
116	146	99	25
116	148	94	25
117	109	97	25
117	110	100	25
117	111	0	25
117	112	100	25
117	113	100	25
117	114	94	25
117	115	100	25
117	116	89	25
117	119	97	25
117	125	97	25
117	126	100	25
117	130	67	25
117	131	100	25
117	133	100	25
117	135	100	25
117	137	97	25
117	138	100	25
117	146	98	25
117	148	99	25
117	149	100	25
118	100	98	25
118	101	100	25
118	102	92	25
118	103	100	25
118	104	33	25
118	106	6	25
118	107	96	25
118	108	99	25
118	109	97	25
118	111	96	25
118	113	100	25
118	116	96	25
118	121	95	25
118	122	96	25
118	123	19	25
118	124	100	25
118	125	95	25
118	126	100	25
118	127	92	25
118	130	100	25
118	133	100	25
118	138	98	25
118	146	85	25
118	148	100	25
119	110	100	25
119	112	94	25
119	113	99	25
119	114	98	25
119	115	98	25
119	117	100	25
119	120	100	25
119	125	100	25
119	128	100	25
119	129	98	25
119	130	96	25
119	131	5	25
119	135	100	25
119	136	100	25
119	137	98	25
119	146	94	25
119	148	94	25
119	149	100	25
120	114	98	25
120	119	99	25
120	128	97	25
120	129	97	25
120	131	33	25
120	136	97	25
120	142	94	25
121	100	89	25
121	101	93	25
121	102	0	25
121	103	100	25
121	104	100	25
121	106	100	25
121	107	97	25
121	108	100	25
121	111	37	25
121	113	98	25
121	116	90	25
121	118	100	25
121	122	99	25
121	123	97	25
121	124	98	25
121	125	5	25
121	126	100	25
121	133	100	25
121	138	96	25
121	148	1	25
122	100	100	25
122	101	95	25
122	102	100	25
122	103	82	25
122	105	100	25
122	106	3	25
122	107	100	25
122	108	95	25
122	109	100	25
122	111	99	25
122	113	54	25
122	116	100	25
122	118	100	25
122	121	97	25
122	123	20	25
122	124	38	25
122	125	100	25
122	126	8	25
122	127	99	25
122	130	97	25
122	133	100	25
122	144	93	25
122	148	100	25
123	101	12	25
123	103	100	25
123	104	94	25
123	106	100	25
123	108	97	25
123	118	74	25
123	121	94	25
123	124	97	25
123	126	100	25
123	130	97	25
123	133	91	25
123	138	100	25
123	148	96	25
124	101	65	25
124	102	93	25
124	103	94	25
124	104	97	25
124	106	98	25
124	107	98	25
124	108	90	25
124	111	15	25
124	118	99	25
124	121	100	25
124	123	95	25
125	102	100	25
125	103	92	25
125	104	38	25
125	105	26	25
125	106	100	25
125	108	93	25
125	109	35	25
125	111	98	25
125	112	96	25
125	113	96	25
125	115	95	25
125	116	99	25
125	117	100	25
125	118	98	25
125	119	96	25
125	122	96	25
125	126	100	25
125	130	98	25
125	131	97	25
125	133	100	25
125	138	97	25
125	144	100	25
125	146	100	25
125	148	98	25
126	102	73	25
126	103	100	25
126	104	100	25
126	111	96	25
126	117	100	25
126	118	90	25
126	121	100	25
126	123	96	25
126	125	100	25
126	130	98	25
126	138	98	25
126	144	99	25
126	146	99	25
127	100	97	25
127	101	100	25
127	102	100	25
127	105	98	25
127	107	97	25
127	108	86	25
127	109	100	25
127	113	93	25
127	116	16	25
127	122	100	25
127	125	4	25
127	130	0	25
127	133	100	25
127	138	10	25
127	143	86	25
127	144	100	25
127	146	97	25
127	148	97	25
128	110	100	25
128	114	95	25
128	119	94	25
128	120	100	25
128	129	98	25
128	135	100	25
128	142	99	25
128	149	99	25
129	114	54	25
129	119	100	25
129	120	99	25
129	128	100	25
129	131	74	25
129	136	97	25
129	140	98	25
129	142	99	25
129	143	74	25
129	147	98	25
130	103	97	25
130	105	66	25
130	106	3	25
130	108	100	25
130	109	94	25
130	110	99	25
130	113	96	25
130	114	41	25
130	115	93	25
130	116	100	25
130	118	97	25
130	119	96	25
130	122	14	25
130	123	99	25
130	125	100	25
130	126	100	25
130	131	100	25
130	133	99	25
130	138	100	25
130	139	100	25
130	141	6	25
130	143	96	25
130	144	100	25
130	146	99	25
130	148	100	25
130	149	57	25
131	103	6	25
131	110	100	25
131	112	100	25
131	113	100	25
131	114	82	25
131	115	100	25
131	116	8	25
131	117	98	25
131	120	25	25
131	125	100	25
131	129	43	25
131	130	96	25
131	138	17	25
131	139	97	25
131	141	92	25
131	142	98	25
131	143	100	25
131	144	97	25
131	147	15	25
131	148	97	25
131	149	100	25
132	114	96	25
132	115	98	25
132	119	100	25
132	120	100	25
132	128	39	25
132	129	100	25
132	135	100	25
132	136	100	25
132	137	72	25
133	101	92	25
133	102	100	25
133	103	96	25
133	105	100	25
133	106	95	25
133	107	93	25
133	108	100	25
133	109	100	25
133	111	96	25
133	113	71	25
133	116	98	25
133	117	96	25
133	118	98	25
133	121	100	25
133	122	100	25
133	123	6	25
133	125	99	25
133	127	100	25
133	130	100	25
133	138	98	25
133	144	93	25
133	146	100	25
133	148	99	25
134	102	100	25
134	110	100	25
134	112	100	25
134	113	98	25
134	114	98	25
134	115	100	25
134	116	33	25
134	117	98	25
134	119	99	25
134	120	21	25
134	125	100	25
134	128	99	25
134	130	100	25
134	131	99	25
134	133	83	25
134	137	93	25
134	138	100	25
134	139	50	25
134	141	16	25
134	143	100	25
134	144	97	25
134	146	100	25
134	148	97	25
134	149	73	25
135	110	100	25
135	114	100	25
135	117	100	25
135	119	100	25
135	128	100	25
135	136	100	25
135	137	98	25
135	149	97	25
136	114	95	25
136	119	100	25
136	120	100	25
136	128	18	25
136	129	100	25
136	135	99	25
136	137	25	25
136	142	97	25
137	110	99	25
137	112	94	25
137	113	94	25
137	114	96	25
137	115	26	25
137	117	98	25
137	119	100	25
137	128	8	25
137	135	99	25
137	136	68	25
138	102	94	25
138	103	95	25
138	104	94	25
138	105	0	25
138	106	100	25
138	108	96	25
138	109	7	25
138	110	14	25
138	111	100	25
138	112	96	25
138	116	97	25
138	117	100	25
138	118	98	25
138	121	100	25
138	123	94	25
138	125	100	25
138	126	92	25
138	130	98	25
138	131	0	25
138	133	81	25
138	144	3	25
138	146	99	25
138	148	95	25
138	149	25	25
139	102	97	25
139	103	93	25
139	105	96	25
139	108	78	25
139	109	98	25
139	110	84	25
139	113	98	25
139	128	4	25
139	130	99	25
139	131	100	25
139	140	99	25
139	141	98	25
139	143	100	25
139	144	97	25
139	146	98	25
139	147	96	25
139	149	71	25
140	129	96	25
140	139	100	25
140	141	100	25
140	142	99	25
140	143	95	25
140	147	100	25
141	112	96	25
141	128	0	25
141	130	88	25
141	131	97	25
141	139	97	25
141	140	94	25
141	142	99	25
141	143	98	25
141	144	99	25
141	147	13	25
141	148	99	25
141	149	99	25
142	120	95	25
142	128	95	25
142	129	100	25
142	131	96	25
142	136	98	25
142	139	22	25
142	140	97	25
142	141	97	25
142	143	97	25
142	146	15	25
142	147	100	25
143	105	96	25
143	109	94	25
143	110	24	25
143	129	22	25
143	130	98	25
143	131	100	25
143	139	99	25
143	140	100	25
143	141	97	25
143	142	97	25
143	144	100	25
143	147	97	25
143	148	100	25
144	100	5	25
144	101	90	25
144	102	100	25
144	103	100	25
144	105	96	25
144	107	100	25
144	108	99	25
144	109	96	25
144	113	100	25
144	116	1	25
144	122	100	25
144	125	99	25
144	126	96	25
144	127	97	25
144	130	98	25
144	131	100	25
144	133	100	25
144	138	100	25
144	139	100	25
144	141	98	25
144	143	97	25
144	146	96	25
144	148	100	25
144	149	26	25
146	102	99	25
146	103	100	25
146	105	97	25
146	107	100	25
146	108	4	25
146	109	93	25
146	110	100	25
146	112	93	25
146	113	95	25
146	116	100	25
146	117	98	25
146	118	100	25
146	119	97	25
146	125	92	25
146	126	94	25
146	127	100	25
146	128	65	25
146	130	95	25
146	133	95	25
146	138	100	25
146	139	100	25
146	142	37	25
146	144	100	25
146	148	99	25
146	149	97	25
147	129	100	25
147	131	38	25
147	139	100	25
147	140	100	25
147	142	100	25
147	143	95	25
148	102	97	25
148	108	100	25
148	109	97	25
148	110	4	25
148	111	100	25
148	112	93	25
148	113	100	25
148	114	79	25
148	116	100	25
148	117	96	25
148	118	100	25
148	119	98	25
148	123	99	25
148	125	95	25
148	126	53	25
148	127	100	25
148	130	99	25
148	131	97	25
148	133	100	25
148	138	100	25
148	141	100	25
148	143	99	25
148	144	100	25
148	146	99	25
148	149	97	25
149	108	1	25
149	110	98	25
149	112	95	25
149	113	100	25
149	115	100	25
149	117	100	25
149	119	100	25
149	128	95	25
149	130	100	25
149	131	94	25
149	135	100	25
149	138	95	25
149	139	98	25
149	141	100	25
149	143	1	25
149	144	30	25
149	146	97	25
149	148	97	25
100	101	77	24
100	102	99	24
100	105	94	24
100	107	96	24
100	108	93	24
100	109	40	24
100	116	6	24
100	118	100	24
100	122	71	24
100	127	96	24
100	133	89	24
100	144	30	24
101	102	90	24
101	103	100	24
101	105	100	24
101	107	99	24
101	108	98	24
101	109	95	24
101	116	100	24
101	118	100	24
101	121	96	24
101	122	97	24
101	123	72	24
101	124	49	24
101	127	99	24
101	133	96	24
102	100	91	24
102	101	100	24
102	103	96	24
102	107	100	24
102	108	99	24
102	109	93	24
102	112	52	24
102	113	98	24
102	116	100	24
102	117	87	24
102	118	100	24
102	122	100	24
102	123	8	24
102	124	97	24
102	125	100	24
102	126	90	24
102	127	91	24
102	130	6	24
102	133	100	24
102	138	100	24
102	139	10	24
102	144	93	24
102	146	97	24
102	148	100	24
103	101	63	24
103	102	98	24
103	104	100	24
103	106	100	24
103	107	97	24
103	108	97	24
103	111	100	24
103	113	100	24
103	116	100	24
103	118	98	24
103	121	99	24
103	122	73	24
103	123	98	24
103	124	11	24
103	125	98	24
103	126	100	24
103	130	100	24
103	131	91	24
103	133	98	24
103	138	99	24
103	139	99	24
103	144	93	24
103	146	5	24
103	148	100	24
104	103	94	24
104	106	93	24
104	111	97	24
104	113	90	24
104	116	99	24
104	117	57	24
104	118	86	24
104	121	99	24
104	123	97	24
104	124	100	24
104	125	47	24
104	126	97	24
104	133	8	24
104	138	98	24
104	148	45	24
105	100	100	24
105	101	96	24
105	103	29	24
105	108	100	24
105	109	96	24
105	112	45	24
105	116	100	24
105	117	57	24
105	118	14	24
105	122	96	24
105	125	96	24
105	126	2	24
105	127	96	24
105	130	100	24
105	133	100	24
105	138	92	24
105	139	95	24
105	141	97	24
105	143	96	24
105	144	95	24
105	146	100	24
105	148	100	24
105	149	0	24
106	101	28	24
106	102	13	24
106	103	100	24
106	104	64	24
106	107	12	24
106	108	0	24
106	111	100	24
106	113	67	24
106	116	42	24
106	117	73	24
106	118	29	24
106	121	100	24
106	123	100	24
106	124	98	24
106	125	65	24
106	126	95	24
106	130	46	24
106	133	92	24
106	138	100	24
107	100	89	24
107	101	91	24
107	102	100	24
107	103	92	24
107	108	100	24
107	109	100	24
107	116	100	24
107	118	97	24
107	121	98	24
107	122	98	24
107	123	27	24
107	124	98	24
107	127	95	24
107	133	100	24
107	144	98	24
107	146	18	24
107	148	62	24
108	100	67	24
108	101	96	24
108	102	100	24
108	103	94	24
108	105	60	24
108	106	7	24
108	107	100	24
108	109	88	24
108	113	5	24
108	116	96	24
108	117	33	24
108	118	100	24
108	121	99	24
108	122	96	24
108	123	3	24
108	124	100	24
108	125	96	24
108	126	98	24
108	127	10	24
108	130	96	24
108	133	97	24
108	144	91	24
108	146	78	24
108	148	100	24
109	100	92	24
109	101	97	24
109	102	94	24
109	103	47	24
109	105	96	24
109	107	96	24
109	108	92	24
109	111	5	24
109	112	100	24
109	113	100	24
109	115	6	24
109	116	100	24
109	117	97	24
109	118	100	24
109	119	34	24
109	122	97	24
109	124	22	24
109	125	100	24
109	127	100	24
109	130	96	24
109	131	49	24
109	133	96	24
109	138	100	24
109	139	100	24
109	140	9	24
109	143	89	24
109	144	100	24
109	146	100	24
109	148	98	24
109	149	94	24
110	112	100	24
110	113	99	24
110	114	96	24
110	115	100	24
110	117	100	24
110	119	94	24
110	120	95	24
110	125	94	24
110	128	63	24
110	130	100	24
110	131	100	24
110	135	94	24
110	137	97	24
110	139	47	24
110	146	92	24
110	148	90	24
110	149	97	24
111	102	4	24
111	103	98	24
111	104	99	24
111	106	91	24
111	108	3	24
111	112	76	24
111	117	84	24
111	118	65	24
111	121	95	24
111	123	96	24
111	124	50	24
111	125	100	24
111	126	97	24
111	130	100	24
111	133	99	24
111	138	98	24
111	144	10	24
111	146	26	24
111	148	96	24
112	102	49	24
112	109	54	24
112	110	95	24
112	111	56	24
112	113	98	24
112	115	99	24
112	116	94	24
112	117	99	24
112	118	57	24
112	119	97	24
112	125	97	24
112	130	100	24
112	131	96	24
112	135	61	24
112	137	100	24
112	138	99	24
112	139	100	24
112	141	74	24
112	146	98	24
112	148	94	24
112	149	97	24
113	102	95	24
113	103	90	24
113	104	100	24
113	106	5	24
113	108	9	24
113	109	91	24
113	110	89	24
113	112	96	24
113	115	100	24
113	116	95	24
113	117	100	24
113	118	97	24
113	119	96	24
113	121	3	24
113	125	100	24
113	127	95	24
113	130	95	24
113	131	96	24
113	133	86	24
113	135	63	24
113	137	84	24
113	138	99	24
113	139	100	24
113	143	76	24
113	144	96	24
113	146	98	24
113	148	96	24
113	149	100	24
114	110	96	24
114	112	18	24
114	115	96	24
114	117	100	24
114	119	97	24
114	120	99	24
114	125	0	24
114	128	98	24
114	129	96	24
114	130	72	24
114	131	6	24
114	135	97	24
114	136	100	24
114	137	100	24
114	148	87	24
114	149	99	24
115	110	100	24
115	112	100	24
115	113	96	24
115	114	97	24
115	116	30	24
115	117	100	24
115	119	100	24
115	125	98	24
115	130	100	24
115	131	19	24
115	135	41	24
115	137	93	24
115	139	93	24
115	146	94	24
115	148	29	24
115	149	95	24
116	100	14	24
116	101	93	24
116	102	100	24
116	103	93	24
116	104	100	24
116	105	64	24
116	106	53	24
116	107	97	24
116	108	100	24
116	109	93	24
116	112	97	24
116	113	92	24
116	115	47	24
116	117	99	24
116	118	97	24
116	121	23	24
116	122	95	24
116	123	81	24
116	124	70	24
116	125	100	24
116	126	94	24
116	127	88	24
116	130	98	24
116	131	95	24
116	133	99	24
116	138	100	24
116	144	57	24
116	146	100	24
116	148	100	24
116	149	98	24
117	102	74	24
117	104	23	24
117	106	17	24
117	108	15	24
117	109	97	24
117	110	94	24
117	111	76	24
117	112	99	24
117	113	97	24
117	114	96	24
117	115	100	24
117	116	97	24
117	119	100	24
117	125	100	24
117	126	100	24
117	128	8	24
117	130	97	24
117	131	97	24
117	133	100	24
117	135	100	24
117	137	99	24
117	138	96	24
117	144	95	24
117	146	100	24
117	148	92	24
117	149	99	24
118	100	100	24
118	101	96	24
118	102	96	24
118	103	100	24
118	104	100	24
118	106	86	24
118	107	100	24
118	108	100	24
118	109	99	24
118	111	31	24
118	112	68	24
118	113	98	24
118	116	100	24
118	121	94	24
118	122	71	24
118	123	98	24
118	124	75	24
118	125	100	24
118	126	6	24
118	130	95	24
118	131	15	24
118	133	98	24
118	138	86	24
118	144	58	24
118	146	0	24
118	148	100	24
119	110	92	24
119	112	96	24
119	113	100	24
119	114	98	24
119	115	95	24
119	117	100	24
119	120	100	24
119	125	100	24
119	128	97	24
119	129	100	24
119	130	98	24
119	131	100	24
119	135	96	24
119	139	7	24
119	144	6	24
119	146	97	24
119	148	96	24
119	149	100	24
120	110	100	24
120	114	100	24
120	119	93	24
120	128	99	24
120	129	100	24
120	135	99	24
120	136	97	24
120	137	97	24
121	101	99	24
121	103	100	24
121	104	93	24
121	106	97	24
121	107	96	24
121	108	100	24
121	111	94	24
121	113	10	24
121	118	100	24
121	122	100	24
121	123	98	24
121	124	97	24
121	125	96	24
121	126	97	24
121	130	13	24
121	133	100	24
121	138	98	24
122	100	83	24
122	101	97	24
122	102	98	24
122	103	97	24
122	105	100	24
122	107	96	24
122	108	97	24
122	109	99	24
122	111	4	24
122	113	99	24
122	116	36	24
122	118	93	24
122	121	91	24
122	124	16	24
122	125	92	24
122	126	17	24
122	127	100	24
122	130	34	24
122	133	96	24
122	138	94	24
122	143	92	24
122	144	97	24
122	146	23	24
122	148	85	24
123	101	97	24
123	102	49	24
123	103	100	24
123	104	100	24
123	106	100	24
123	107	12	24
123	108	14	24
123	111	95	24
123	116	62	24
123	118	100	24
123	121	94	24
123	124	91	24
123	125	100	24
123	126	100	24
123	130	100	24
123	133	98	24
123	138	97	24
124	101	100	24
124	102	91	24
124	103	58	24
124	104	99	24
124	106	97	24
124	107	100	24
124	108	91	24
124	118	75	24
124	121	95	24
124	123	98	24
124	125	96	24
124	126	15	24
124	133	83	24
125	102	98	24
125	103	93	24
125	104	11	24
125	105	83	24
125	106	56	24
125	108	83	24
125	109	7	24
125	110	100	24
125	111	94	24
125	112	95	24
125	113	97	24
125	115	97	24
125	116	94	24
125	117	100	24
125	118	97	24
125	119	99	24
125	121	95	24
125	122	33	24
125	123	61	24
125	124	95	24
125	126	100	24
125	130	100	24
125	133	100	24
125	138	100	24
125	144	8	24
125	146	95	24
125	148	99	24
126	102	76	24
126	103	92	24
126	104	95	24
126	106	93	24
126	108	95	24
126	111	99	24
126	116	100	24
126	117	100	24
126	118	27	24
126	121	96	24
126	123	100	24
126	125	94	24
126	130	100	24
126	138	100	24
126	144	94	24
126	146	96	24
126	148	100	24
127	100	100	24
127	101	72	24
127	102	100	24
127	105	92	24
127	107	95	24
127	108	72	24
127	109	97	24
127	113	98	24
127	116	95	24
127	122	100	24
127	130	32	24
127	133	92	24
127	143	97	24
127	144	97	24
127	146	98	24
127	148	100	24
128	114	100	24
128	119	97	24
128	120	95	24
128	129	27	24
128	135	96	24
128	137	0	24
128	140	6	24
128	142	100	24
128	149	95	24
129	114	96	24
129	119	100	24
129	120	100	24
129	128	91	24
129	131	100	24
129	136	100	24
129	140	88	24
129	143	66	24
129	147	80	24
129	149	71	24
130	102	5	24
130	103	98	24
130	105	9	24
130	106	11	24
130	108	91	24
130	109	98	24
130	110	91	24
130	111	100	24
130	112	99	24
130	113	98	24
130	114	92	24
130	115	100	24
130	116	96	24
130	117	100	24
130	118	93	24
130	119	99	24
130	121	1	24
130	123	96	24
130	125	100	24
130	126	100	24
130	131	100	24
130	133	94	24
130	138	97	24
130	139	99	24
130	141	27	24
130	143	0	24
130	144	100	24
130	146	96	24
130	148	99	24
130	149	58	24
131	103	97	24
131	110	95	24
131	112	96	24
131	113	98	24
131	114	26	24
131	115	29	24
131	116	87	24
131	117	100	24
131	118	37	24
131	119	90	24
131	125	0	24
131	129	94	24
131	130	99	24
131	138	90	24
131	139	97	24
131	140	96	24
131	141	100	24
131	142	95	24
131	143	100	24
131	144	97	24
131	146	99	24
131	147	85	24
131	148	100	24
131	149	99	24
132	110	90	24
132	112	97	24
132	114	100	24
132	115	100	24
132	119	100	24
132	120	98	24
132	128	100	24
132	129	98	24
132	135	100	24
132	136	100	24
132	137	100	24
132	149	95	24
133	100	90	24
133	101	97	24
133	102	99	24
133	103	97	24
133	105	97	24
133	106	100	24
133	107	95	24
133	108	99	24
133	109	100	24
133	111	95	24
133	113	93	24
133	116	100	24
133	117	100	24
133	118	97	24
133	121	97	24
133	122	99	24
133	123	59	24
133	124	99	24
133	125	98	24
133	127	89	24
133	130	100	24
133	138	100	24
133	144	100	24
133	146	98	24
133	148	98	24
135	110	99	24
135	112	76	24
135	113	72	24
135	114	92	24
135	117	79	24
135	119	100	24
135	120	89	24
135	128	96	24
135	136	96	24
135	137	100	24
135	149	100	24
136	114	100	24
136	120	100	24
136	129	100	24
136	135	97	24
137	110	100	24
137	112	89	24
137	113	86	24
137	114	96	24
137	115	98	24
137	117	99	24
137	120	99	24
137	125	7	24
137	128	28	24
137	135	96	24
137	136	0	24
137	149	100	24
138	102	85	24
138	103	89	24
138	104	100	24
138	105	62	24
138	106	100	24
138	108	1	24
138	109	54	24
138	111	98	24
138	112	100	24
138	113	96	24
138	116	90	24
138	117	100	24
138	118	92	24
138	121	28	24
138	123	84	24
138	125	99	24
138	126	99	24
138	130	95	24
138	131	54	24
138	133	51	24
138	144	100	24
138	146	99	24
138	148	100	24
139	102	32	24
139	103	92	24
139	105	65	24
139	109	90	24
139	110	65	24
139	112	98	24
139	113	100	24
139	115	100	24
139	119	5	24
139	130	99	24
139	131	95	24
139	140	97	24
139	141	100	24
139	142	100	24
139	143	100	24
139	144	100	24
139	146	100	24
139	147	96	24
139	148	29	24
139	149	100	24
140	128	52	24
140	129	97	24
140	131	98	24
140	139	100	24
140	141	100	24
140	142	100	24
140	143	93	24
140	146	76	24
140	147	100	24
141	105	78	24
141	110	37	24
141	112	100	24
141	113	1	24
141	130	97	24
141	131	99	24
141	139	95	24
141	140	95	24
141	142	93	24
141	143	100	24
141	144	98	24
141	146	98	24
141	147	100	24
141	148	98	24
141	149	94	24
142	114	0	24
142	128	96	24
142	131	100	24
142	139	96	24
142	140	99	24
142	141	100	24
142	143	94	24
142	147	94	24
143	105	86	24
143	109	94	24
143	113	83	24
143	122	0	24
143	127	9	24
143	129	74	24
143	130	18	24
143	131	97	24
143	139	100	24
143	140	99	24
143	141	100	24
143	142	100	24
143	144	92	24
143	146	58	24
143	147	94	24
143	148	0	24
143	149	48	24
144	100	7	24
144	102	100	24
144	103	93	24
144	105	99	24
144	107	95	24
144	108	95	24
144	109	98	24
144	111	5	24
144	113	96	24
144	116	72	24
144	117	94	24
144	118	5	24
144	122	62	24
144	125	6	24
144	126	100	24
144	127	74	24
144	130	97	24
144	131	100	24
144	133	100	24
144	138	95	24
144	139	94	24
144	141	98	24
144	143	91	24
144	146	96	24
144	148	96	24
144	149	95	24
146	102	100	24
146	103	15	24
146	105	83	24
146	107	67	24
146	108	92	24
146	109	97	24
146	110	96	24
146	111	2	24
146	112	96	24
146	113	100	24
146	115	100	24
146	116	97	24
146	117	100	24
146	118	11	24
146	119	100	24
146	125	100	24
146	126	100	24
146	127	89	24
146	130	93	24
146	131	96	24
146	133	95	24
146	138	98	24
146	139	100	24
146	140	79	24
146	141	93	24
146	143	61	24
146	144	100	24
146	148	100	24
146	149	100	24
147	129	80	24
147	131	95	24
147	139	91	24
147	140	100	24
147	141	93	24
147	142	93	24
147	143	98	24
148	102	91	24
148	103	81	24
148	104	24	24
148	105	22	24
148	107	63	24
148	108	90	24
148	109	94	24
148	110	91	24
148	111	86	24
148	112	90	24
148	113	82	24
148	114	100	24
148	115	48	24
148	116	94	24
148	117	92	24
148	118	90	24
148	119	91	24
148	125	84	24
148	126	86	24
148	127	84	24
148	130	83	24
148	131	85	24
148	133	92	24
148	138	93	24
148	139	6	24
148	141	84	24
148	144	84	24
148	146	83	24
148	149	87	24
149	110	96	24
149	112	97	24
149	113	100	24
149	114	89	24
149	115	99	24
149	116	80	24
149	117	97	24
149	119	100	24
149	128	97	24
149	129	56	24
149	130	74	24
149	131	99	24
149	135	99	24
149	137	100	24
149	139	100	24
149	141	94	24
149	143	43	24
149	144	96	24
149	146	100	24
149	148	100	24
100	101	100	23
100	102	12	23
100	105	97	23
100	107	32	23
100	108	96	23
100	109	92	23
100	118	90	23
100	122	97	23
100	124	6	23
100	127	100	23
101	100	100	23
101	102	100	23
101	105	99	23
101	107	95	23
101	108	99	23
101	109	96	23
101	116	91	23
101	118	97	23
101	121	97	23
101	122	100	23
101	123	92	23
101	124	99	23
101	127	95	23
101	133	100	23
101	144	0	23
102	101	98	23
102	103	95	23
102	105	97	23
102	107	97	23
102	108	94	23
102	109	100	23
102	111	93	23
102	113	95	23
102	116	100	23
102	117	97	23
102	118	95	23
102	122	97	23
102	125	99	23
102	127	97	23
102	133	97	23
102	138	100	23
102	144	100	23
102	146	99	23
102	148	97	23
103	101	9	23
103	102	100	23
103	104	97	23
103	105	6	23
103	106	96	23
103	107	95	23
103	108	95	23
103	111	96	23
103	113	100	23
103	116	100	23
103	118	75	23
103	121	93	23
103	122	83	23
103	123	100	23
103	124	79	23
103	125	98	23
103	126	96	23
103	127	2	23
103	130	100	23
103	131	62	23
103	133	99	23
103	138	78	23
103	146	44	23
103	148	69	23
104	103	92	23
104	106	92	23
104	111	96	23
104	113	0	23
104	116	87	23
104	118	26	23
104	123	94	23
104	124	65	23
104	125	85	23
104	126	99	23
104	138	100	23
105	100	90	23
105	101	87	23
105	102	93	23
105	103	91	23
105	107	44	23
105	108	71	23
105	109	97	23
105	113	94	23
105	116	91	23
105	122	96	23
105	125	94	23
105	127	91	23
105	133	86	23
105	138	85	23
105	139	77	23
105	141	98	23
105	143	96	23
105	144	99	23
105	148	99	23
106	103	98	23
106	104	97	23
106	107	74	23
106	108	78	23
106	111	100	23
106	116	97	23
106	117	34	23
106	118	10	23
106	121	94	23
106	123	98	23
106	124	100	23
106	126	90	23
106	133	30	23
106	138	94	23
107	101	89	23
107	102	95	23
107	103	94	23
107	106	80	23
107	108	100	23
107	109	100	23
107	116	98	23
107	118	95	23
107	121	93	23
107	122	97	23
107	124	72	23
107	127	95	23
107	133	83	23
108	100	98	23
108	101	100	23
108	102	100	23
108	103	97	23
108	105	76	23
108	106	87	23
108	107	96	23
108	109	100	23
108	111	15	23
108	116	99	23
108	117	73	23
108	118	95	23
108	121	96	23
108	122	100	23
108	123	100	23
108	126	100	23
108	127	98	23
108	133	96	23
108	138	87	23
108	144	98	23
108	146	79	23
108	148	10	23
109	100	99	23
109	101	100	23
109	102	93	23
109	103	98	23
109	105	100	23
109	107	100	23
109	108	98	23
109	112	96	23
109	113	96	23
109	115	43	23
109	116	98	23
109	117	95	23
109	118	79	23
109	121	16	23
109	122	95	23
109	126	63	23
109	127	96	23
109	130	89	23
109	133	97	23
109	138	95	23
109	139	88	23
109	141	93	23
109	143	100	23
109	144	97	23
109	146	91	23
109	148	99	23
110	112	97	23
110	113	100	23
110	114	87	23
110	115	100	23
110	117	99	23
110	119	99	23
110	120	8	23
110	125	90	23
110	128	0	23
110	130	95	23
110	131	94	23
110	135	93	23
110	137	96	23
110	138	59	23
110	139	33	23
110	146	88	23
110	149	100	23
111	102	75	23
111	103	87	23
111	104	94	23
111	106	100	23
111	108	72	23
111	116	66	23
111	117	87	23
111	118	60	23
111	121	93	23
111	123	96	23
111	124	5	23
111	125	95	23
111	126	95	23
111	130	21	23
111	133	75	23
111	138	100	23
111	148	58	23
112	109	74	23
112	110	100	23
112	113	100	23
112	114	93	23
112	115	100	23
112	117	93	23
112	118	18	23
112	119	100	23
112	125	96	23
112	130	99	23
112	131	94	23
112	138	94	23
112	139	98	23
112	146	81	23
112	148	100	23
112	149	97	23
113	102	89	23
113	103	95	23
113	104	68	23
113	105	72	23
113	109	91	23
113	110	93	23
113	112	97	23
113	115	97	23
113	116	3	23
113	117	92	23
113	118	76	23
113	119	96	23
113	125	96	23
113	130	100	23
113	131	84	23
113	135	88	23
113	138	98	23
113	139	98	23
113	143	92	23
113	144	100	23
113	146	99	23
113	148	99	23
113	149	99	23
114	112	6	23
114	115	100	23
114	117	96	23
114	119	100	23
114	120	96	23
114	128	100	23
114	129	100	23
114	135	94	23
114	136	98	23
114	142	6	23
114	149	26	23
115	110	96	23
115	112	100	23
115	113	92	23
115	114	83	23
115	117	92	23
115	119	100	23
115	125	94	23
115	130	94	23
115	131	1	23
115	135	90	23
115	137	23	23
115	138	63	23
115	139	0	23
115	141	9	23
115	143	20	23
115	146	95	23
115	149	100	23
116	101	96	23
116	102	93	23
116	103	100	23
116	104	93	23
116	105	93	23
116	106	96	23
116	107	95	23
116	108	96	23
116	109	92	23
116	111	100	23
116	113	42	23
116	117	96	23
116	118	97	23
116	122	89	23
116	123	77	23
116	125	98	23
116	126	98	23
116	127	87	23
116	130	100	23
116	133	95	23
116	138	98	23
116	144	100	23
116	146	99	23
116	148	100	23
117	101	0	23
117	102	91	23
117	106	19	23
117	108	76	23
117	109	96	23
117	110	96	23
117	111	92	23
117	112	100	23
117	113	99	23
117	114	93	23
117	115	100	23
117	116	99	23
117	119	100	23
117	125	100	23
117	126	95	23
117	130	99	23
117	131	99	23
117	133	100	23
117	138	100	23
117	141	7	23
117	144	37	23
117	146	97	23
117	148	15	23
117	149	92	23
118	100	79	23
118	101	99	23
118	102	94	23
118	103	85	23
118	104	7	23
118	106	8	23
118	107	92	23
118	108	99	23
118	109	95	23
118	111	45	23
118	113	99	23
118	116	94	23
118	121	93	23
118	122	38	23
118	123	99	23
118	124	94	23
118	125	100	23
118	127	0	23
118	130	92	23
118	133	96	23
118	138	92	23
118	144	82	23
118	146	84	23
119	110	96	23
119	112	98	23
119	113	96	23
119	114	99	23
119	115	99	23
119	117	97	23
119	120	96	23
119	125	91	23
119	128	99	23
119	129	100	23
119	130	93	23
119	131	98	23
119	135	59	23
119	137	95	23
119	144	5	23
119	148	90	23
119	149	98	23
120	114	100	23
120	119	98	23
120	128	97	23
120	129	98	23
120	135	100	23
120	136	96	23
121	100	23	23
121	101	94	23
121	103	99	23
121	104	20	23
121	106	98	23
121	107	92	23
121	108	92	23
121	109	74	23
121	111	98	23
121	113	11	23
121	116	81	23
121	117	2	23
121	118	100	23
121	122	94	23
121	123	98	23
121	124	96	23
121	125	84	23
121	126	100	23
121	133	95	23
121	138	75	23
122	100	100	23
122	101	94	23
122	102	100	23
122	103	96	23
122	105	100	23
122	106	67	23
122	107	98	23
122	108	99	23
122	109	93	23
122	113	60	23
122	116	93	23
122	121	93	23
122	123	16	23
122	124	58	23
122	127	95	23
122	133	100	23
122	138	23	23
122	144	99	23
122	146	100	23
123	101	91	23
123	103	85	23
123	104	98	23
123	106	94	23
123	108	67	23
123	111	95	23
123	118	78	23
123	121	97	23
123	124	95	23
123	126	97	23
123	133	84	23
123	138	87	23
124	101	93	23
124	103	93	23
124	104	100	23
124	106	97	23
124	107	89	23
124	118	98	23
124	121	90	23
124	122	55	23
124	123	96	23
124	126	19	23
124	133	82	23
125	102	100	23
125	103	96	23
125	104	100	23
125	105	69	23
125	106	0	23
125	108	71	23
125	110	45	23
125	111	99	23
125	112	100	23
125	113	100	23
125	115	100	23
125	116	92	23
125	117	99	23
125	118	94	23
125	119	96	23
125	121	4	23
125	126	100	23
125	130	100	23
125	133	99	23
125	138	95	23
125	144	98	23
125	146	100	23
125	148	96	23
126	103	92	23
126	104	100	23
126	106	98	23
126	108	86	23
126	111	97	23
126	116	93	23
126	117	100	23
126	121	89	23
126	123	81	23
126	124	15	23
126	125	100	23
126	130	96	23
126	138	93	23
126	144	7	23
126	146	90	23
126	148	1	23
127	100	97	23
127	101	99	23
127	102	100	23
127	103	91	23
127	105	94	23
127	107	94	23
127	108	87	23
127	109	98	23
127	113	2	23
127	116	83	23
127	118	48	23
127	122	98	23
127	130	96	23
127	133	84	23
127	139	0	23
127	143	90	23
127	144	95	23
127	148	100	23
128	114	75	23
128	119	96	23
128	120	73	23
128	129	98	23
128	135	69	23
128	142	97	23
129	114	96	23
129	119	95	23
129	120	93	23
129	128	96	23
129	131	87	23
129	136	100	23
129	140	94	23
129	142	99	23
129	143	17	23
130	103	94	23
130	109	97	23
130	110	95	23
130	111	3	23
130	112	96	23
130	113	99	23
130	114	17	23
130	115	98	23
130	116	99	23
130	117	98	23
130	118	63	23
130	119	94	23
130	125	99	23
130	126	98	23
130	127	57	23
130	131	98	23
130	133	97	23
130	139	14	23
130	141	95	23
130	144	100	23
130	146	100	23
130	148	97	23
131	103	91	23
131	110	94	23
131	112	96	23
131	113	88	23
131	115	93	23
131	117	95	23
131	119	100	23
131	128	35	23
131	129	97	23
131	130	93	23
131	140	93	23
131	141	94	23
131	142	98	23
131	144	98	23
131	146	94	23
131	147	99	23
131	149	95	23
132	110	95	23
132	112	3	23
132	114	94	23
132	119	100	23
132	120	100	23
132	128	100	23
132	135	100	23
132	136	96	23
133	101	88	23
133	102	91	23
133	103	97	23
133	104	15	23
133	105	83	23
133	107	85	23
133	108	94	23
133	109	90	23
133	111	93	23
133	116	98	23
133	117	92	23
133	118	100	23
133	121	91	23
133	122	90	23
133	123	97	23
133	124	72	23
133	125	97	23
133	127	81	23
133	130	100	23
133	138	0	23
133	139	15	23
133	144	2	23
133	146	90	23
135	110	67	23
135	113	6	23
135	114	100	23
135	115	68	23
135	119	71	23
135	120	88	23
135	128	83	23
135	136	100	23
135	137	96	23
135	149	79	23
136	114	100	23
136	120	97	23
136	129	100	23
136	135	100	23
136	142	99	23
137	110	95	23
137	112	37	23
137	114	96	23
137	115	92	23
137	119	97	23
137	120	13	23
137	128	1	23
137	135	100	23
137	136	0	23
138	102	91	23
138	103	63	23
138	104	94	23
138	105	67	23
138	106	85	23
138	108	83	23
138	109	2	23
138	111	100	23
138	112	95	23
138	113	97	23
138	115	54	23
138	116	100	23
138	117	100	23
138	118	87	23
138	123	89	23
138	125	99	23
138	126	100	23
138	144	94	23
138	148	29	23
139	105	6	23
139	112	100	23
139	113	100	23
139	115	20	23
139	130	34	23
139	133	24	23
139	138	2	23
139	140	99	23
139	141	98	23
139	142	77	23
139	143	99	23
139	144	99	23
139	146	100	23
139	147	96	23
139	148	96	23
139	149	100	23
140	129	99	23
140	131	98	23
140	139	48	23
140	141	100	23
140	142	92	23
140	143	98	23
140	146	3	23
140	147	96	23
141	105	94	23
141	109	73	23
141	115	23	23
141	117	18	23
141	130	95	23
141	131	95	23
141	139	94	23
141	140	99	23
141	142	95	23
141	143	97	23
141	144	100	23
141	146	92	23
141	147	95	23
141	149	100	23
142	114	46	23
142	128	96	23
142	129	97	23
142	131	92	23
142	136	97	23
142	139	98	23
142	140	97	23
142	141	100	23
142	143	96	23
142	146	8	23
142	147	93	23
143	105	93	23
143	109	100	23
143	113	90	23
143	115	31	23
143	127	88	23
143	139	98	23
143	140	95	23
143	141	97	23
143	142	94	23
143	147	97	23
144	101	81	23
144	102	97	23
144	103	21	23
144	105	98	23
144	108	100	23
144	109	100	23
144	113	100	23
144	116	97	23
144	117	88	23
144	118	70	23
144	119	43	23
144	122	96	23
144	125	94	23
144	126	86	23
144	127	99	23
144	130	97	23
144	131	100	23
144	133	57	23
144	138	98	23
144	139	96	23
144	141	100	23
144	143	51	23
144	146	97	23
144	148	100	23
146	101	0	23
146	102	94	23
146	103	35	23
146	108	50	23
146	109	91	23
146	110	20	23
146	112	81	23
146	113	94	23
146	115	92	23
146	116	99	23
146	117	94	23
146	118	19	23
146	122	36	23
146	125	95	23
146	126	86	23
146	128	30	23
146	130	99	23
146	131	97	23
146	133	78	23
146	138	13	23
146	139	90	23
146	141	99	23
146	144	100	23
146	148	96	23
146	149	41	23
147	131	95	23
147	139	86	23
147	140	96	23
147	141	94	23
147	142	99	23
147	143	100	23
148	102	95	23
148	103	88	23
148	105	81	23
148	108	85	23
148	109	93	23
148	111	92	23
148	112	92	23
148	113	97	23
148	116	95	23
148	117	94	23
148	118	59	23
148	119	87	23
148	122	2	23
148	123	32	23
148	125	98	23
148	126	91	23
148	127	83	23
148	130	97	23
148	138	92	23
148	139	93	23
148	143	9	23
148	144	100	23
148	146	100	23
148	149	21	23
149	110	95	23
149	112	99	23
149	113	92	23
149	114	95	23
149	115	95	23
149	117	93	23
149	119	100	23
149	131	97	23
149	135	100	23
149	139	97	23
149	141	99	23
149	146	92	23
100	101	100	22
100	102	100	22
100	105	73	22
100	107	99	22
100	108	63	22
100	109	92	22
100	116	40	22
100	118	20	22
100	121	90	22
100	122	97	22
100	127	92	22
101	100	98	22
101	102	100	22
101	103	81	22
101	105	96	22
101	107	100	22
101	108	100	22
101	109	95	22
101	116	94	22
101	118	93	22
101	121	100	22
101	122	97	22
101	123	63	22
101	124	59	22
101	127	99	22
101	133	72	22
101	144	13	22
102	100	85	22
102	101	92	22
102	103	94	22
102	105	96	22
102	106	31	22
102	107	98	22
102	108	100	22
102	109	100	22
102	111	13	22
102	113	100	22
102	116	94	22
102	117	93	22
102	118	100	22
102	121	88	22
102	122	96	22
102	124	96	22
102	125	99	22
102	126	52	22
102	127	95	22
102	130	96	22
102	138	100	22
102	146	97	22
102	148	100	22
103	101	6	22
103	102	94	22
103	104	96	22
103	106	100	22
103	107	96	22
103	108	90	22
103	109	100	22
103	111	96	22
103	113	93	22
103	116	98	22
103	118	93	22
103	121	97	22
103	122	92	22
103	123	94	22
103	124	95	22
103	125	25	22
103	126	100	22
103	127	0	22
103	131	50	22
103	133	100	22
103	138	97	22
103	146	6	22
103	148	7	22
104	103	92	22
104	106	96	22
104	111	96	22
104	113	44	22
104	121	99	22
104	123	89	22
104	124	40	22
104	125	91	22
104	126	7	22
104	138	97	22
105	100	93	22
105	101	96	22
105	102	90	22
105	103	65	22
105	107	91	22
105	108	88	22
105	109	95	22
105	113	94	22
105	122	95	22
105	124	27	22
105	125	64	22
105	127	100	22
105	130	65	22
105	133	3	22
105	138	69	22
105	139	61	22
105	141	51	22
105	143	90	22
105	144	100	22
105	146	99	22
105	148	94	22
106	102	71	22
106	103	90	22
106	104	92	22
106	107	79	22
106	108	87	22
106	111	97	22
106	116	93	22
106	118	26	22
106	121	65	22
106	122	3	22
106	123	100	22
106	124	97	22
106	125	91	22
106	126	97	22
106	133	13	22
106	138	91	22
107	100	100	22
107	101	92	22
107	102	100	22
107	103	95	22
107	105	60	22
107	108	100	22
107	109	96	22
107	116	94	22
107	118	98	22
107	122	94	22
107	124	100	22
107	127	96	22
107	130	75	22
107	133	3	22
108	100	4	22
108	101	98	22
108	102	94	22
108	103	60	22
108	105	97	22
108	106	100	22
108	107	96	22
108	109	100	22
108	111	80	22
108	116	100	22
108	117	80	22
108	118	98	22
108	121	90	22
108	122	92	22
108	124	91	22
108	125	36	22
108	127	93	22
108	130	31	22
108	133	100	22
108	144	96	22
108	148	84	22
109	100	90	22
109	101	94	22
109	102	95	22
109	103	100	22
109	105	96	22
109	107	100	22
109	108	100	22
109	112	96	22
109	113	95	22
109	116	97	22
109	117	96	22
109	118	94	22
109	121	99	22
109	122	100	22
109	125	92	22
109	126	95	22
109	127	97	22
109	130	95	22
109	133	100	22
109	138	94	22
109	139	97	22
109	143	94	22
109	144	100	22
109	148	94	22
109	149	10	22
110	112	98	22
110	113	92	22
110	114	97	22
110	115	98	22
110	117	100	22
110	119	100	22
110	120	3	22
110	128	96	22
110	130	96	22
110	131	100	22
110	135	97	22
110	137	95	22
110	138	0	22
110	139	91	22
110	146	100	22
110	149	100	22
111	102	93	22
111	103	98	22
111	104	100	22
111	106	100	22
111	107	7	22
111	108	98	22
111	113	93	22
111	116	91	22
111	117	96	22
111	118	95	22
111	121	92	22
111	122	12	22
111	123	96	22
111	124	100	22
111	125	100	22
111	126	97	22
111	130	98	22
111	133	98	22
111	138	97	22
111	146	9	22
112	102	75	22
112	109	95	22
112	110	96	22
112	113	90	22
112	114	95	22
112	115	96	22
112	117	100	22
112	119	100	22
112	125	96	22
112	126	95	22
112	130	57	22
112	131	98	22
112	133	94	22
112	135	92	22
112	137	96	22
112	138	100	22
112	139	100	22
112	144	92	22
112	146	99	22
112	148	97	22
112	149	91	22
113	102	100	22
113	103	92	22
113	104	4	22
113	105	67	22
113	109	92	22
113	110	98	22
113	111	71	22
113	112	97	22
113	115	57	22
113	117	97	22
113	119	90	22
113	121	9	22
113	122	5	22
113	125	93	22
113	126	95	22
113	130	100	22
113	131	88	22
113	133	31	22
113	135	100	22
113	138	97	22
113	139	21	22
113	143	100	22
113	144	99	22
113	146	94	22
113	149	95	22
114	110	100	22
114	112	93	22
114	115	100	22
114	117	99	22
114	119	97	22
114	120	99	22
114	128	96	22
114	129	100	22
114	130	2	22
114	131	52	22
114	135	97	22
114	136	100	22
114	137	99	22
114	142	0	22
115	102	14	22
115	110	100	22
115	112	100	22
115	113	83	22
115	114	92	22
115	117	92	22
115	119	100	22
115	125	82	22
115	130	72	22
115	131	97	22
115	135	98	22
115	137	100	22
115	138	85	22
115	139	89	22
115	146	89	22
115	149	98	22
116	100	80	22
116	101	94	22
116	102	100	22
116	103	97	22
116	106	96	22
116	107	100	22
116	108	92	22
116	109	100	22
116	111	97	22
116	117	100	22
116	118	98	22
116	121	93	22
116	122	87	22
116	124	88	22
116	125	100	22
116	126	93	22
116	130	100	22
116	133	90	22
116	138	98	22
116	144	94	22
116	146	98	22
116	148	98	22
117	102	93	22
117	108	76	22
117	109	68	22
117	110	99	22
117	111	82	22
117	112	100	22
117	113	100	22
117	114	91	22
117	115	100	22
117	116	80	22
117	118	71	22
117	119	85	22
117	125	99	22
117	126	93	22
117	130	92	22
117	131	99	22
117	133	90	22
117	135	26	22
117	137	56	22
117	138	100	22
117	144	88	22
117	146	99	22
117	148	89	22
117	149	95	22
118	100	5	22
118	101	93	22
118	102	93	22
118	103	94	22
118	106	4	22
118	107	94	22
118	108	93	22
118	109	89	22
118	111	91	22
118	116	92	22
118	117	82	22
118	121	94	22
118	122	81	22
118	123	86	22
118	124	96	22
118	125	95	22
118	133	100	22
118	138	92	22
118	139	3	22
118	144	24	22
118	146	18	22
119	110	94	22
119	112	96	22
119	113	97	22
119	114	98	22
119	115	99	22
119	117	94	22
119	120	92	22
119	128	100	22
119	129	99	22
119	130	93	22
119	131	96	22
119	135	96	22
119	136	45	22
119	137	100	22
119	144	52	22
119	146	55	22
119	149	100	22
120	110	94	22
120	114	63	22
120	119	100	22
120	128	99	22
120	129	95	22
120	135	97	22
120	136	100	22
120	142	100	22
121	100	66	22
121	101	93	22
121	102	87	22
121	103	97	22
121	104	94	22
121	106	33	22
121	107	100	22
121	108	96	22
121	109	91	22
121	111	93	22
121	113	73	22
121	116	95	22
121	118	100	22
121	122	96	22
121	123	95	22
121	124	94	22
121	125	87	22
121	126	95	22
121	130	96	22
121	133	96	22
121	138	99	22
121	148	94	22
122	100	100	22
122	101	91	22
122	102	94	22
122	103	97	22
122	105	100	22
122	106	30	22
122	107	96	22
122	108	96	22
122	109	96	22
122	111	19	22
122	113	83	22
122	116	94	22
122	118	81	22
122	121	88	22
122	123	67	22
122	124	93	22
122	125	94	22
122	127	100	22
122	130	98	22
122	133	94	22
122	143	88	22
122	144	97	22
122	148	5	22
123	101	40	22
123	102	4	22
123	103	84	22
123	104	98	22
123	106	95	22
123	111	95	22
123	118	39	22
123	121	78	22
123	122	15	22
123	124	81	22
123	126	80	22
123	133	51	22
124	101	90	22
124	102	89	22
124	103	95	22
124	104	60	22
124	106	98	22
124	107	71	22
124	108	88	22
124	111	87	22
124	116	77	22
124	118	88	22
124	121	95	22
124	122	92	22
124	123	93	22
124	126	83	22
124	133	90	22
125	102	99	22
125	103	89	22
125	104	97	22
125	105	2	22
125	106	85	22
125	108	76	22
125	109	86	22
125	111	90	22
125	112	98	22
125	113	98	22
125	114	23	22
125	115	98	22
125	116	97	22
125	117	100	22
125	118	93	22
125	121	53	22
125	122	80	22
125	126	95	22
125	130	97	22
125	131	46	22
125	133	95	22
125	138	100	22
125	139	91	22
125	141	81	22
125	144	100	22
125	146	0	22
125	148	100	22
125	149	100	22
126	102	52	22
126	103	95	22
126	106	100	22
126	109	7	22
126	111	100	22
126	112	51	22
126	113	100	22
126	116	93	22
126	117	91	22
126	121	89	22
126	123	98	22
126	124	92	22
126	125	93	22
126	130	94	22
126	133	93	22
126	138	99	22
126	148	44	22
127	100	91	22
127	101	98	22
127	102	93	22
127	103	85	22
127	105	92	22
127	107	93	22
127	108	88	22
127	109	100	22
127	118	7	22
127	122	89	22
127	130	71	22
127	133	90	22
127	139	84	22
127	143	94	22
127	144	100	22
127	146	93	22
128	110	90	22
128	114	100	22
128	119	100	22
128	120	96	22
128	129	94	22
128	135	99	22
128	142	90	22
129	114	96	22
129	119	98	22
129	120	91	22
129	128	97	22
129	136	100	22
129	140	92	22
129	141	8	22
129	142	100	22
129	143	57	22
129	147	91	22
129	149	7	22
130	102	95	22
130	109	91	22
130	110	96	22
130	111	100	22
130	113	100	22
130	114	8	22
130	115	10	22
130	116	93	22
130	117	100	22
130	119	99	22
130	122	75	22
130	125	94	22
130	126	100	22
130	131	98	22
130	138	100	22
130	139	90	22
130	141	6	22
130	144	100	22
130	146	98	22
130	148	100	22
130	149	96	22
131	103	86	22
131	110	94	22
131	112	96	22
131	113	100	22
131	114	100	22
131	115	100	22
131	117	94	22
131	119	96	22
131	126	18	22
131	130	97	22
131	139	91	22
131	140	100	22
131	141	100	22
131	143	95	22
131	144	100	22
131	146	94	22
131	147	97	22
131	148	11	22
131	149	99	22
132	110	2	22
132	114	96	22
132	119	100	22
132	120	100	22
132	128	100	22
132	129	98	22
132	135	100	22
132	136	99	22
132	137	42	22
133	101	6	22
133	102	94	22
133	103	98	22
133	105	14	22
133	106	98	22
133	108	93	22
133	109	95	22
133	111	90	22
133	112	89	22
133	116	98	22
133	117	100	22
133	118	100	22
133	121	97	22
133	122	90	22
133	123	76	22
133	124	93	22
133	125	92	22
133	126	91	22
133	127	86	22
133	138	20	22
133	139	33	22
133	144	2	22
133	146	92	22
135	110	82	22
135	112	93	22
135	113	90	22
135	114	76	22
135	115	99	22
135	119	99	22
135	120	95	22
135	128	100	22
135	136	96	22
135	137	100	22
136	114	100	22
136	119	45	22
136	120	98	22
136	128	44	22
136	129	99	22
136	135	97	22
136	142	43	22
137	110	100	22
137	112	97	22
137	113	6	22
137	114	100	22
137	115	97	22
137	117	42	22
137	119	100	22
137	135	96	22
138	102	94	22
138	103	86	22
138	104	99	22
138	106	99	22
138	109	91	22
138	111	100	22
138	112	99	22
138	113	100	22
138	115	83	22
138	116	94	22
138	117	98	22
138	118	92	22
138	121	100	22
138	125	100	22
138	126	96	22
138	130	96	22
138	144	90	22
138	146	20	22
138	148	95	22
139	102	7	22
139	105	6	22
139	109	13	22
139	110	92	22
139	112	91	22
139	113	97	22
139	115	93	22
139	125	92	22
139	127	19	22
139	130	93	22
139	131	93	22
139	140	100	22
139	141	100	22
139	142	41	22
139	143	100	22
139	144	98	22
139	146	100	22
139	147	95	22
139	148	100	22
139	149	95	22
140	129	5	22
140	131	98	22
140	139	98	22
140	141	100	22
140	142	100	22
140	143	100	22
140	147	89	22
141	102	0	22
141	105	0	22
141	125	80	22
141	128	4	22
141	129	15	22
141	130	76	22
141	131	100	22
141	139	99	22
141	140	98	22
141	142	97	22
141	143	100	22
141	144	97	22
141	146	100	22
141	147	97	22
141	148	69	22
142	114	45	22
142	120	99	22
142	128	96	22
142	129	95	22
142	131	12	22
142	136	14	22
142	139	17	22
142	140	81	22
142	141	96	22
142	143	96	22
142	147	86	22
143	105	0	22
143	109	89	22
143	113	100	22
143	122	64	22
143	127	92	22
143	129	1	22
143	131	99	22
143	139	100	22
143	140	97	22
143	141	97	22
143	142	97	22
143	144	93	22
143	147	93	22
143	148	94	22
144	101	80	22
144	105	96	22
144	108	100	22
144	109	91	22
144	111	48	22
144	112	100	22
144	113	96	22
144	116	89	22
144	117	98	22
144	118	1	22
144	119	100	22
144	122	100	22
144	125	87	22
144	126	37	22
144	127	94	22
144	130	98	22
144	131	98	22
144	133	93	22
144	138	94	22
144	139	100	22
144	141	99	22
144	143	100	22
144	146	96	22
144	148	96	22
146	102	92	22
146	103	29	22
146	105	9	22
146	110	97	22
146	111	4	22
146	112	91	22
146	113	98	22
146	114	0	22
146	115	100	22
146	116	89	22
146	117	99	22
146	118	5	22
146	119	89	22
146	125	11	22
146	126	47	22
146	127	78	22
146	130	97	22
146	131	89	22
146	133	25	22
146	138	92	22
146	139	96	22
146	141	95	22
146	144	99	22
146	148	100	22
146	149	98	22
147	129	43	22
147	131	98	22
147	139	93	22
147	140	96	22
147	141	100	22
147	142	98	22
147	143	99	22
148	102	98	22
148	103	93	22
148	105	93	22
148	108	85	22
148	109	91	22
148	111	26	22
148	112	97	22
148	113	87	22
148	115	25	22
148	116	93	22
148	117	93	22
148	121	91	22
148	122	31	22
148	125	100	22
148	126	99	22
148	130	99	22
148	131	4	22
148	138	99	22
148	139	98	22
148	141	32	22
148	143	91	22
148	144	98	22
148	146	99	22
148	149	59	22
149	109	17	22
149	110	91	22
149	112	93	22
149	113	89	22
149	115	93	22
149	117	100	22
149	119	100	22
149	125	99	22
149	129	72	22
149	130	100	22
149	131	98	22
149	135	100	22
149	139	86	22
149	143	7	22
149	146	93	22
149	148	72	22
100	101	99	21
100	105	100	21
100	106	34	21
100	108	100	21
100	116	89	21
100	118	90	21
100	121	91	21
100	122	98	21
100	127	92	21
100	133	69	21
100	144	69	21
101	100	99	21
101	102	89	21
101	105	97	21
101	106	86	21
101	107	93	21
101	108	96	21
101	109	95	21
101	116	54	21
101	118	78	21
101	121	100	21
101	122	100	21
101	127	97	21
101	133	23	21
102	101	89	21
102	103	88	21
102	105	97	21
102	107	98	21
102	108	100	21
102	109	100	21
102	111	96	21
102	113	99	21
102	116	100	21
102	117	37	21
102	118	95	21
102	121	84	21
102	122	85	21
102	125	94	21
102	126	46	21
102	127	94	21
102	130	41	21
102	133	95	21
102	138	97	21
102	144	93	21
102	146	100	21
103	102	42	21
103	106	62	21
103	107	61	21
103	109	90	21
103	111	99	21
103	116	97	21
103	118	98	21
103	121	100	21
103	122	86	21
103	123	100	21
103	124	92	21
103	126	100	21
103	131	32	21
103	133	97	21
103	138	99	21
103	144	27	21
104	106	71	21
104	111	94	21
104	116	68	21
104	121	90	21
104	123	93	21
104	125	91	21
104	126	90	21
104	138	100	21
105	100	81	21
105	101	85	21
105	102	93	21
105	107	80	21
105	108	88	21
105	109	97	21
105	113	98	21
105	116	50	21
105	118	54	21
105	122	88	21
105	125	6	21
105	127	100	21
105	133	92	21
105	139	93	21
105	143	99	21
105	144	100	21
105	146	96	21
105	148	96	21
106	101	66	21
106	103	52	21
106	104	64	21
106	107	10	21
106	108	80	21
106	111	88	21
106	116	64	21
106	118	92	21
106	121	96	21
106	123	92	21
106	124	95	21
106	126	98	21
106	133	12	21
106	138	62	21
107	100	0	21
107	101	91	21
107	102	99	21
107	103	83	21
107	105	57	21
107	108	91	21
107	109	68	21
107	116	87	21
107	118	100	21
107	121	97	21
107	122	32	21
107	124	76	21
107	127	0	21
107	133	45	21
107	144	40	21
108	100	94	21
108	101	100	21
108	102	99	21
108	103	64	21
108	105	91	21
108	106	100	21
108	107	100	21
108	109	99	21
108	116	100	21
108	118	100	21
108	121	100	21
108	122	89	21
108	124	7	21
108	127	100	21
108	133	100	21
108	138	95	21
108	144	85	21
108	146	96	21
109	101	99	21
109	102	100	21
109	103	99	21
109	105	100	21
109	107	85	21
109	108	100	21
109	111	0	21
109	112	100	21
109	113	85	21
109	116	94	21
109	117	7	21
109	118	87	21
109	122	96	21
109	125	99	21
109	126	97	21
109	127	100	21
109	130	76	21
109	133	96	21
109	138	95	21
109	139	96	21
109	141	16	21
109	143	95	21
109	144	100	21
109	146	0	21
109	148	98	21
110	112	95	21
110	113	11	21
110	114	90	21
110	115	93	21
110	117	95	21
110	119	100	21
110	125	40	21
110	128	61	21
110	130	84	21
110	131	94	21
110	135	98	21
110	137	100	21
110	139	49	21
110	146	88	21
110	149	97	21
111	102	13	21
111	103	100	21
111	104	100	21
111	106	86	21
111	113	10	21
111	116	98	21
111	117	95	21
111	118	27	21
111	121	93	21
111	123	100	21
111	124	42	21
111	125	87	21
111	126	98	21
111	133	98	21
111	138	97	21
111	144	1	21
112	109	97	21
112	110	97	21
112	113	89	21
112	114	92	21
112	115	93	21
112	116	80	21
112	117	97	21
112	119	100	21
112	126	92	21
112	130	100	21
112	131	97	21
112	133	95	21
112	135	97	21
112	138	100	21
112	139	94	21
112	144	96	21
112	146	98	21
112	148	3	21
112	149	94	21
113	102	66	21
113	105	97	21
113	109	92	21
113	110	94	21
113	111	54	21
113	112	70	21
113	116	45	21
113	117	96	21
113	119	94	21
113	125	99	21
113	126	92	21
113	127	31	21
113	130	100	21
113	131	97	21
113	135	83	21
113	138	100	21
113	139	94	21
113	144	93	21
113	146	99	21
113	148	51	21
113	149	100	21
114	110	96	21
114	112	99	21
114	115	100	21
114	117	94	21
114	119	95	21
114	128	96	21
114	129	96	21
114	131	19	21
114	135	100	21
114	136	98	21
114	137	94	21
115	110	100	21
115	112	100	21
115	114	98	21
115	117	96	21
115	119	96	21
115	125	97	21
115	131	99	21
115	135	94	21
115	137	97	21
115	138	86	21
115	139	91	21
115	146	59	21
115	149	99	21
116	100	6	21
116	101	76	21
116	102	91	21
116	103	94	21
116	105	2	21
116	106	51	21
116	107	90	21
116	108	100	21
116	109	100	21
116	111	100	21
116	117	66	21
116	118	98	21
116	121	87	21
116	122	94	21
116	125	97	21
116	126	61	21
116	133	100	21
116	138	96	21
116	144	94	21
116	146	98	21
116	148	100	21
117	110	100	21
117	111	90	21
117	112	98	21
117	113	95	21
117	114	100	21
117	115	99	21
117	116	92	21
117	118	85	21
117	119	51	21
117	125	97	21
117	126	100	21
117	130	96	21
117	131	100	21
117	133	3	21
117	135	4	21
117	138	100	21
117	144	89	21
117	146	94	21
117	149	94	21
118	100	88	21
118	101	8	21
118	102	96	21
118	103	96	21
118	105	20	21
118	106	99	21
118	107	99	21
118	108	100	21
118	109	95	21
118	111	92	21
118	116	98	21
118	117	96	21
118	121	100	21
118	122	92	21
118	123	99	21
118	124	87	21
118	125	6	21
118	126	39	21
118	127	95	21
118	131	37	21
118	133	93	21
118	138	93	21
118	144	76	21
118	146	37	21
119	110	99	21
119	112	80	21
119	113	100	21
119	114	100	21
119	115	100	21
119	117	73	21
119	120	98	21
119	128	98	21
119	129	32	21
119	131	100	21
119	135	96	21
119	136	92	21
119	149	97	21
120	110	98	21
120	114	100	21
120	119	89	21
120	128	100	21
120	129	99	21
120	136	100	21
121	101	96	21
121	102	89	21
121	103	97	21
121	104	97	21
121	106	100	21
121	107	99	21
121	108	93	21
121	111	95	21
121	116	96	21
121	118	89	21
121	122	91	21
121	123	88	21
121	124	98	21
121	125	3	21
121	126	94	21
121	133	98	21
121	138	100	21
122	100	93	21
122	101	90	21
122	102	92	21
122	103	91	21
122	105	93	21
122	106	1	21
122	107	66	21
122	108	98	21
122	109	96	21
122	116	89	21
122	118	100	21
122	121	95	21
122	123	97	21
122	127	93	21
122	131	7	21
122	133	58	21
122	143	84	21
122	144	99	21
122	146	71	21
123	101	0	21
123	103	86	21
123	104	100	21
123	106	98	21
123	111	96	21
123	118	100	21
123	121	95	21
123	122	61	21
123	124	94	21
123	126	96	21
123	138	51	21
124	101	73	21
124	103	93	21
124	106	96	21
124	111	87	21
124	118	92	21
124	121	92	21
124	123	100	21
124	126	99	21
124	133	100	21
125	102	89	21
125	103	27	21
125	104	95	21
125	105	32	21
125	109	93	21
125	110	96	21
125	111	94	21
125	113	97	21
125	115	94	21
125	116	89	21
125	117	96	21
125	118	81	21
125	121	66	21
125	126	84	21
125	130	100	21
125	133	96	21
125	138	100	21
125	139	74	21
125	144	94	21
125	146	73	21
125	148	96	21
126	103	98	21
126	104	98	21
126	106	98	21
126	109	37	21
126	111	97	21
126	112	100	21
126	113	100	21
126	116	86	21
126	117	100	21
126	118	0	21
126	121	96	21
126	123	94	21
126	124	88	21
126	125	100	21
126	138	100	21
126	146	70	21
127	100	99	21
127	101	95	21
127	102	100	21
127	105	100	21
127	107	12	21
127	108	92	21
127	109	100	21
127	113	5	21
127	116	19	21
127	118	27	21
127	122	100	21
127	139	81	21
127	143	90	21
127	144	98	21
128	110	90	21
128	114	96	21
128	119	98	21
128	120	91	21
128	129	99	21
128	131	13	21
128	135	16	21
128	149	86	21
129	110	5	21
129	114	99	21
129	120	96	21
129	128	99	21
129	131	65	21
129	136	94	21
129	140	100	21
129	142	89	21
129	143	0	21
130	102	88	21
130	105	13	21
130	109	90	21
130	110	96	21
130	111	99	21
130	112	96	21
130	113	94	21
130	114	90	21
130	115	100	21
130	116	81	21
130	117	96	21
130	122	0	21
130	125	91	21
130	126	93	21
130	131	100	21
130	133	87	21
130	135	17	21
130	138	96	21
130	139	98	21
130	144	96	21
130	146	96	21
130	148	98	21
130	149	96	21
131	103	52	21
131	110	100	21
131	112	96	21
131	113	91	21
131	114	37	21
131	115	100	21
131	117	99	21
131	119	95	21
131	129	3	21
131	130	96	21
131	135	59	21
131	139	100	21
131	140	100	21
131	141	94	21
131	142	88	21
131	144	98	21
131	147	100	21
131	149	94	21
132	114	95	21
132	119	96	21
132	120	98	21
132	128	96	21
132	129	95	21
132	135	96	21
132	136	98	21
132	142	77	21
133	101	81	21
133	102	92	21
133	103	99	21
133	105	80	21
133	106	54	21
133	107	30	21
133	108	98	21
133	109	96	21
133	111	89	21
133	112	84	21
133	116	100	21
133	118	98	21
133	121	96	21
133	122	71	21
133	124	90	21
133	125	98	21
133	130	94	21
133	131	0	21
133	138	99	21
133	144	100	21
133	146	64	21
135	110	99	21
135	112	88	21
135	114	94	21
135	115	100	21
135	119	100	21
135	131	68	21
135	136	89	21
135	137	100	21
136	114	89	21
136	119	79	21
136	120	98	21
136	129	96	21
136	135	100	21
137	110	97	21
137	112	28	21
137	114	100	21
137	115	98	21
137	117	83	21
137	135	100	21
138	102	84	21
138	103	89	21
138	104	93	21
138	106	3	21
138	109	80	21
138	111	95	21
138	112	54	21
138	113	97	21
138	116	96	21
138	117	93	21
138	121	94	21
138	123	68	21
138	125	95	21
138	126	100	21
138	130	99	21
138	133	81	21
138	144	93	21
138	148	48	21
139	105	89	21
139	109	85	21
139	110	92	21
139	112	100	21
139	113	0	21
139	115	0	21
139	125	8	21
139	127	10	21
139	130	63	21
139	131	100	21
139	140	95	21
139	141	100	21
139	143	95	21
139	144	100	21
139	146	94	21
139	147	15	21
139	148	96	21
140	129	60	21
140	131	97	21
140	139	100	21
140	141	93	21
140	142	100	21
140	143	98	21
140	147	47	21
141	105	7	21
141	109	95	21
141	129	96	21
141	131	96	21
141	139	100	21
141	140	94	21
141	142	100	21
141	143	98	21
141	144	96	21
141	146	100	21
141	147	95	21
142	114	32	21
142	129	90	21
142	131	91	21
142	139	4	21
142	140	100	21
142	141	66	21
142	143	96	21
142	147	93	21
143	105	89	21
143	109	88	21
143	122	13	21
143	127	53	21
143	129	10	21
143	131	8	21
143	139	100	21
143	140	95	21
143	141	100	21
143	142	94	21
143	144	96	21
143	146	89	21
143	147	94	21
143	148	9	21
144	102	9	21
144	103	82	21
144	105	92	21
144	107	0	21
144	108	0	21
144	109	92	21
144	112	77	21
144	113	94	21
144	116	91	21
144	117	100	21
144	118	26	21
144	122	85	21
144	125	100	21
144	127	94	21
144	130	100	21
144	131	94	21
144	133	87	21
144	138	95	21
144	139	100	21
144	141	100	21
144	143	100	21
144	146	100	21
144	148	97	21
146	102	72	21
146	105	93	21
146	108	90	21
146	109	1	21
146	110	98	21
146	112	95	21
146	113	100	21
146	116	82	21
146	117	97	21
146	118	11	21
146	122	17	21
146	125	25	21
146	126	92	21
146	127	2	21
146	130	95	21
146	131	50	21
146	133	31	21
146	139	94	21
146	141	98	21
146	143	98	21
146	144	94	21
146	148	94	21
146	149	94	21
147	131	94	21
147	139	95	21
147	140	31	21
147	141	99	21
147	142	96	21
147	143	97	21
148	102	0	21
148	103	90	21
148	105	100	21
148	109	86	21
148	110	3	21
148	112	78	21
148	113	28	21
148	116	100	21
148	117	89	21
148	121	88	21
148	123	71	21
148	125	99	21
148	126	100	21
148	130	98	21
148	138	95	21
148	139	92	21
148	143	96	21
148	144	97	21
148	146	100	21
148	149	95	21
149	110	100	21
149	112	84	21
149	113	98	21
149	114	90	21
149	115	100	21
149	117	98	21
149	119	99	21
149	128	97	21
149	129	14	21
149	130	95	21
149	131	99	21
149	135	100	21
149	138	8	21
149	140	10	21
149	146	100	21
149	148	81	21
100	101	100	20
100	102	93	20
100	106	56	20
100	107	100	20
100	108	100	20
100	109	10	20
100	116	92	20
100	118	100	20
100	121	3	20
100	122	100	20
100	124	8	20
100	127	100	20
100	133	87	20
100	144	100	20
101	100	99	20
101	102	100	20
101	105	45	20
101	106	97	20
101	107	100	20
101	108	100	20
101	109	96	20
101	116	99	20
101	118	100	20
101	121	100	20
101	122	98	20
101	123	100	20
101	127	96	20
101	144	34	20
101	146	38	20
102	100	98	20
102	101	95	20
102	103	100	20
102	105	99	20
102	107	99	20
102	108	100	20
102	109	96	20
102	111	100	20
102	113	99	20
102	116	95	20
102	118	94	20
102	121	99	20
102	122	100	20
102	124	100	20
102	125	98	20
102	126	100	20
102	127	100	20
102	130	100	20
102	133	100	20
102	138	96	20
102	139	88	20
102	146	23	20
102	148	97	20
103	101	2	20
103	102	99	20
103	104	96	20
103	106	98	20
103	108	90	20
103	109	95	20
103	111	100	20
103	113	100	20
103	116	94	20
103	117	65	20
103	118	100	20
103	121	100	20
103	122	84	20
103	123	95	20
103	124	91	20
103	130	100	20
103	131	100	20
103	133	98	20
103	138	97	20
103	148	92	20
104	103	93	20
104	106	99	20
104	108	19	20
104	111	96	20
104	112	77	20
104	113	49	20
104	116	100	20
104	121	97	20
104	123	100	20
104	124	96	20
104	125	100	20
104	126	100	20
104	138	35	20
105	100	36	20
105	101	88	20
105	102	100	20
105	107	100	20
105	108	95	20
105	109	97	20
105	113	100	20
105	118	95	20
105	122	99	20
105	125	99	20
105	127	100	20
105	130	98	20
105	131	64	20
105	133	2	20
105	139	83	20
105	141	100	20
105	143	100	20
105	144	98	20
105	146	97	20
105	148	98	20
106	100	92	20
106	101	96	20
106	102	3	20
106	103	97	20
106	104	100	20
106	108	100	20
106	111	96	20
106	116	99	20
106	118	94	20
106	121	98	20
106	123	99	20
106	124	96	20
106	125	82	20
106	126	94	20
106	130	84	20
106	133	96	20
107	100	92	20
107	101	93	20
107	102	100	20
107	105	100	20
107	106	15	20
107	108	94	20
107	109	93	20
107	111	53	20
107	116	75	20
107	118	100	20
107	121	100	20
107	122	100	20
107	123	92	20
107	124	97	20
107	125	14	20
107	127	6	20
107	130	2	20
107	133	92	20
107	148	12	20
108	100	97	20
108	101	100	20
108	102	100	20
108	103	99	20
108	104	3	20
108	105	40	20
108	106	100	20
108	107	98	20
108	109	100	20
108	112	39	20
108	116	98	20
108	117	12	20
108	118	95	20
108	121	95	20
108	122	100	20
108	123	64	20
108	124	98	20
108	125	93	20
108	126	100	20
108	127	98	20
108	130	100	20
108	133	94	20
108	138	96	20
108	139	100	20
108	144	100	20
108	146	93	20
108	148	86	20
109	100	80	20
109	101	100	20
109	102	100	20
109	103	100	20
109	105	98	20
109	107	89	20
109	108	92	20
109	111	81	20
109	112	100	20
109	113	7	20
109	115	93	20
109	116	98	20
109	117	100	20
109	118	89	20
109	122	100	20
109	125	100	20
109	127	100	20
109	131	63	20
109	133	90	20
109	138	95	20
109	139	100	20
109	141	100	20
109	143	100	20
109	144	100	20
109	146	76	20
109	148	98	20
110	112	98	20
110	113	98	20
110	114	100	20
110	115	99	20
110	117	97	20
110	119	100	20
110	120	98	20
110	125	99	20
110	128	100	20
110	130	100	20
110	131	100	20
110	135	100	20
110	137	100	20
110	138	93	20
110	146	99	20
110	149	100	20
111	102	98	20
111	103	100	20
111	104	97	20
111	106	97	20
111	107	90	20
111	109	6	20
111	113	98	20
111	116	100	20
111	117	27	20
111	118	50	20
111	121	100	20
111	123	99	20
111	124	73	20
111	125	7	20
111	126	98	20
111	130	97	20
111	133	96	20
111	138	95	20
111	144	99	20
111	148	3	20
112	104	96	20
112	108	31	20
112	109	100	20
112	110	97	20
112	113	94	20
112	114	96	20
112	115	98	20
112	116	96	20
112	117	100	20
112	118	40	20
112	119	100	20
112	125	100	20
112	126	100	20
112	130	99	20
112	131	98	20
112	135	96	20
112	137	96	20
112	138	100	20
112	139	97	20
112	143	97	20
112	144	0	20
112	146	99	20
112	148	83	20
112	149	97	20
113	102	96	20
113	103	95	20
113	104	28	20
113	105	92	20
113	110	97	20
113	111	74	20
113	112	96	20
113	114	47	20
113	115	93	20
113	116	91	20
113	117	100	20
113	118	26	20
113	119	100	20
113	121	9	20
113	125	96	20
113	126	99	20
113	127	61	20
113	130	100	20
113	131	95	20
113	133	96	20
113	137	1	20
113	138	97	20
113	139	97	20
113	143	85	20
113	144	95	20
113	146	94	20
113	148	91	20
113	149	100	20
114	110	100	20
114	112	96	20
114	113	79	20
114	115	99	20
114	117	93	20
114	119	100	20
114	120	100	20
114	125	1	20
114	128	100	20
114	130	100	20
114	131	75	20
114	135	98	20
114	136	100	20
114	137	97	20
115	110	100	20
115	112	100	20
115	113	100	20
115	114	99	20
115	117	96	20
115	119	100	20
115	125	100	20
115	130	100	20
115	131	97	20
115	135	97	20
115	136	17	20
115	137	100	20
115	138	56	20
115	139	30	20
115	144	0	20
115	149	96	20
116	100	100	20
116	101	100	20
116	102	99	20
116	103	97	20
116	104	94	20
116	106	93	20
116	107	63	20
116	108	100	20
116	109	100	20
116	111	100	20
116	112	99	20
116	113	97	20
116	117	94	20
116	118	96	20
116	121	97	20
116	122	96	20
116	123	25	20
116	124	67	20
116	125	99	20
116	126	87	20
116	130	97	20
116	133	100	20
116	138	98	20
116	144	95	20
116	146	17	20
116	148	99	20
117	103	93	20
117	108	5	20
117	109	39	20
117	110	100	20
117	111	0	20
117	112	96	20
117	113	93	20
117	114	100	20
117	115	92	20
117	116	99	20
117	118	85	20
117	119	96	20
117	120	7	20
117	125	100	20
117	126	100	20
117	130	97	20
117	131	91	20
117	133	99	20
117	137	61	20
117	138	100	20
117	143	0	20
117	144	92	20
117	146	98	20
117	148	100	20
117	149	99	20
118	100	100	20
118	101	97	20
118	102	100	20
118	103	100	20
118	104	0	20
118	105	88	20
118	106	88	20
118	107	100	20
118	108	98	20
118	111	5	20
118	112	3	20
118	116	95	20
118	117	100	20
118	121	98	20
118	122	64	20
118	123	100	20
118	124	100	20
118	125	99	20
118	126	0	20
118	127	100	20
118	130	93	20
118	131	91	20
118	133	100	20
118	144	92	20
118	148	97	20
119	110	99	20
119	112	99	20
119	113	93	20
119	114	100	20
119	115	99	20
119	117	97	20
119	120	99	20
119	125	90	20
119	128	99	20
119	131	100	20
119	135	100	20
119	136	96	20
119	137	98	20
119	144	97	20
119	148	93	20
119	149	97	20
120	110	98	20
120	114	98	20
120	117	20	20
120	119	95	20
120	128	97	20
120	129	100	20
120	135	58	20
120	136	96	20
120	142	54	20
121	100	83	20
121	101	100	20
121	102	94	20
121	103	93	20
121	104	96	20
121	106	96	20
121	107	100	20
121	108	100	20
121	111	100	20
121	113	38	20
121	116	100	20
121	118	100	20
121	122	99	20
121	123	95	20
121	124	100	20
121	126	100	20
121	127	0	20
121	130	96	20
121	133	100	20
121	138	99	20
122	100	100	20
122	101	90	20
122	102	100	20
122	103	95	20
122	105	99	20
122	107	96	20
122	108	96	20
122	109	94	20
122	116	100	20
122	117	72	20
122	118	98	20
122	121	93	20
122	123	38	20
122	125	96	20
122	127	100	20
122	131	6	20
122	133	50	20
122	139	41	20
122	143	98	20
122	144	100	20
122	146	95	20
123	101	90	20
123	103	100	20
123	104	96	20
123	106	99	20
123	107	100	20
123	108	97	20
123	111	100	20
123	116	41	20
123	118	100	20
123	121	98	20
123	124	94	20
123	125	97	20
123	126	99	20
123	130	75	20
123	138	100	20
123	148	91	20
124	102	99	20
124	103	100	20
124	104	38	20
124	106	99	20
124	107	94	20
124	108	98	20
124	111	91	20
124	116	98	20
124	118	100	20
124	121	96	20
124	123	98	20
124	125	18	20
124	126	99	20
124	133	99	20
124	138	88	20
125	102	100	20
125	104	99	20
125	105	70	20
125	106	24	20
125	108	64	20
125	109	100	20
125	110	100	20
125	112	100	20
125	113	95	20
125	114	18	20
125	115	100	20
125	116	95	20
125	117	98	20
125	118	93	20
125	119	21	20
125	123	96	20
125	124	16	20
125	126	92	20
125	130	96	20
125	131	96	20
125	133	100	20
125	138	97	20
125	139	91	20
125	144	98	20
125	146	99	20
125	148	100	20
126	102	97	20
126	104	100	20
126	106	95	20
126	108	95	20
126	111	97	20
126	112	99	20
126	113	96	20
126	116	96	20
126	117	92	20
126	121	96	20
126	123	97	20
126	124	96	20
126	125	98	20
126	130	96	20
126	138	100	20
126	146	98	20
126	148	99	20
127	100	97	20
127	101	100	20
127	102	100	20
127	105	96	20
127	107	100	20
127	108	100	20
127	109	94	20
127	112	2	20
127	113	100	20
127	116	0	20
127	118	100	20
127	121	9	20
127	122	98	20
127	125	79	20
127	133	97	20
127	138	24	20
127	139	99	20
127	143	53	20
127	144	100	20
128	110	96	20
128	114	100	20
128	119	98	20
128	120	97	20
128	129	100	20
128	131	94	20
128	135	11	20
128	136	25	20
128	142	98	20
128	149	97	20
129	114	100	20
129	120	98	20
129	128	96	20
129	131	1	20
129	136	92	20
129	139	58	20
129	140	95	20
129	141	94	20
129	142	96	20
129	143	28	20
129	147	57	20
130	102	100	20
130	103	91	20
130	105	48	20
130	106	39	20
130	107	0	20
130	108	100	20
130	110	96	20
130	111	91	20
130	112	96	20
130	113	97	20
130	114	85	20
130	115	100	20
130	116	100	20
130	117	100	20
130	118	45	20
130	121	96	20
130	123	35	20
130	125	99	20
130	126	97	20
130	131	97	20
130	133	99	20
130	135	35	20
130	138	100	20
130	139	100	20
130	144	98	20
130	146	92	20
130	148	99	20
130	149	94	20
131	103	93	20
131	110	97	20
131	112	96	20
131	113	96	20
131	114	92	20
131	115	95	20
131	117	100	20
131	118	77	20
131	119	97	20
131	125	100	20
131	128	94	20
131	130	100	20
131	133	64	20
131	135	100	20
131	138	26	20
131	139	100	20
131	140	98	20
131	141	93	20
131	143	10	20
131	144	12	20
131	146	2	20
131	147	94	20
131	149	96	20
132	114	99	20
132	115	95	20
132	119	100	20
132	120	100	20
132	128	100	20
132	129	100	20
132	135	100	20
132	136	100	20
132	137	97	20
132	142	14	20
132	149	91	20
133	100	91	20
133	101	40	20
133	102	100	20
133	103	100	20
133	104	9	20
133	106	100	20
133	107	77	20
133	108	95	20
133	109	99	20
133	111	100	20
133	113	99	20
133	116	100	20
133	117	100	20
133	118	100	20
133	121	92	20
133	124	100	20
133	125	94	20
133	127	99	20
133	130	100	20
133	131	100	20
133	138	100	20
133	144	100	20
133	146	93	20
133	148	100	20
135	110	100	20
135	112	98	20
135	114	100	20
135	115	96	20
135	119	95	20
135	120	8	20
135	130	75	20
135	131	98	20
135	136	92	20
135	137	96	20
135	149	8	20
136	114	96	20
136	115	3	20
136	119	97	20
136	120	96	20
136	128	21	20
136	129	100	20
136	135	96	20
136	137	93	20
137	110	100	20
137	112	93	20
137	113	71	20
137	114	97	20
137	115	97	20
137	117	38	20
137	119	100	20
137	135	93	20
137	136	100	20
138	102	98	20
138	103	96	20
138	105	0	20
138	106	4	20
138	108	92	20
138	109	97	20
138	110	91	20
138	111	100	20
138	112	98	20
138	113	88	20
138	115	19	20
138	116	98	20
138	117	92	20
138	121	97	20
138	123	98	20
138	124	62	20
138	125	100	20
138	126	100	20
138	130	100	20
138	131	0	20
138	133	95	20
138	144	94	20
138	146	9	20
138	148	100	20
138	149	90	20
139	102	66	20
139	105	10	20
139	108	86	20
139	109	96	20
139	112	98	20
139	113	92	20
139	114	2	20
139	115	88	20
139	116	52	20
139	125	100	20
139	127	97	20
139	129	47	20
139	130	97	20
139	131	100	20
139	140	99	20
139	141	94	20
139	142	100	20
139	143	100	20
139	144	100	20
139	146	100	20
139	147	93	20
139	148	99	20
139	149	98	20
140	129	96	20
140	131	100	20
140	139	100	20
140	141	98	20
140	142	92	20
140	143	97	20
140	147	100	20
140	149	100	20
141	105	83	20
141	109	99	20
141	113	18	20
141	119	6	20
141	129	94	20
141	131	96	20
141	139	98	20
141	140	100	20
141	142	96	20
141	143	98	20
141	144	100	20
141	146	100	20
141	147	100	20
141	148	100	20
141	149	97	20
142	114	6	20
142	120	70	20
142	128	97	20
142	129	94	20
142	139	100	20
142	140	100	20
142	141	94	20
142	143	99	20
142	146	34	20
142	147	97	20
143	105	100	20
143	109	96	20
143	112	91	20
143	113	95	20
143	117	5	20
143	122	86	20
143	129	97	20
143	130	13	20
143	131	55	20
143	139	95	20
143	140	100	20
143	141	98	20
143	142	100	20
143	144	100	20
143	146	100	20
143	147	97	20
143	148	97	20
144	100	100	20
144	101	38	20
144	102	24	20
144	105	94	20
144	108	93	20
144	109	95	20
144	111	84	20
144	113	100	20
144	116	94	20
144	117	98	20
144	118	94	20
144	119	8	20
144	122	96	20
144	125	100	20
144	126	2	20
144	127	99	20
144	130	97	20
144	133	100	20
144	138	100	20
144	139	100	20
144	141	98	20
144	143	96	20
144	146	99	20
144	148	95	20
144	149	63	20
146	101	66	20
146	102	91	20
146	105	100	20
146	108	100	20
146	109	73	20
146	110	94	20
146	112	100	20
146	113	96	20
146	116	37	20
146	117	97	20
146	122	45	20
146	125	93	20
146	126	100	20
146	130	99	20
146	138	58	20
146	139	92	20
146	141	100	20
146	142	36	20
146	143	100	20
146	144	99	20
146	148	100	20
146	149	97	20
147	131	93	20
147	139	95	20
147	140	98	20
147	141	100	20
147	142	100	20
147	143	98	20
148	102	100	20
148	103	96	20
148	105	99	20
148	107	9	20
148	108	82	20
148	109	98	20
148	112	52	20
148	113	100	20
148	116	99	20
148	117	100	20
148	118	92	20
148	119	90	20
148	123	99	20
148	125	99	20
148	126	93	20
148	130	96	20
148	133	87	20
148	138	98	20
148	139	99	20
148	140	2	20
148	141	27	20
148	143	100	20
148	144	100	20
148	146	97	20
148	149	95	20
149	110	96	20
149	112	100	20
149	113	94	20
149	115	98	20
149	117	98	20
149	119	100	20
149	128	100	20
149	130	97	20
149	131	94	20
149	135	68	20
149	138	94	20
149	139	96	20
149	140	97	20
149	141	100	20
149	144	65	20
149	146	98	20
149	148	99	20
100	101	100	15
100	102	10	15
100	105	62	15
100	107	93	15
100	109	73	15
100	118	84	15
100	121	78	15
100	122	94	15
100	124	1	15
100	127	95	15
100	133	0	15
101	100	100	15
101	102	85	15
101	103	86	15
101	105	94	15
101	106	74	15
101	107	86	15
101	108	81	15
101	109	91	15
101	116	92	15
101	118	84	15
101	121	62	15
101	122	100	15
101	123	93	15
101	124	47	15
101	127	100	15
101	133	9	15
101	144	70	15
102	100	0	15
102	101	80	15
102	103	72	15
102	105	97	15
102	107	91	15
102	108	100	15
102	109	90	15
102	112	99	15
102	113	95	15
102	116	84	15
102	117	97	15
102	118	96	15
102	122	82	15
102	125	93	15
102	127	91	15
102	130	93	15
102	131	5	15
102	133	78	15
102	138	92	15
102	139	91	15
102	144	99	15
102	146	97	15
102	148	26	15
103	100	4	15
103	101	71	15
103	102	8	15
103	104	71	15
103	106	73	15
103	108	89	15
103	109	74	15
103	111	91	15
103	113	39	15
103	116	86	15
103	118	76	15
103	121	89	15
103	123	86	15
103	124	78	15
103	125	90	15
103	126	100	15
103	127	65	15
103	130	100	15
103	131	99	15
103	133	84	15
103	138	96	15
103	144	79	15
103	148	93	15
104	103	84	15
104	106	89	15
104	111	96	15
104	116	61	15
104	118	83	15
104	121	90	15
104	123	98	15
104	125	91	15
104	126	93	15
104	138	100	15
105	100	74	15
105	101	92	15
105	102	98	15
105	107	24	15
105	108	74	15
105	109	92	15
105	113	88	15
105	116	75	15
105	118	62	15
105	121	6	15
105	122	100	15
105	126	34	15
105	127	100	15
105	133	72	15
105	138	16	15
105	139	9	15
105	141	8	15
105	143	79	15
105	144	95	15
105	146	95	15
105	148	55	15
106	101	87	15
106	103	84	15
106	104	99	15
106	107	15	15
106	108	84	15
106	111	98	15
106	116	82	15
106	117	25	15
106	118	86	15
106	121	100	15
106	123	100	15
106	124	85	15
106	126	87	15
106	133	25	15
106	138	98	15
107	100	89	15
107	101	91	15
107	102	93	15
107	105	5	15
107	108	86	15
107	109	93	15
107	111	9	15
107	116	1	15
107	118	86	15
107	121	87	15
107	122	89	15
107	124	91	15
107	127	87	15
107	133	83	15
107	144	93	15
108	100	2	15
108	101	98	15
108	102	96	15
108	103	97	15
108	105	99	15
108	106	89	15
108	107	79	15
108	109	95	15
108	111	78	15
108	112	69	15
108	113	52	15
108	116	99	15
108	117	21	15
108	118	99	15
108	121	90	15
108	122	100	15
108	124	3	15
108	125	87	15
108	126	65	15
108	127	88	15
108	130	63	15
108	133	87	15
108	138	37	15
108	139	4	15
108	144	100	15
108	146	96	15
108	148	98	15
109	100	85	15
109	101	91	15
109	102	95	15
109	103	74	15
109	105	96	15
109	107	81	15
109	108	91	15
109	113	100	15
109	116	92	15
109	117	76	15
109	118	19	15
109	122	94	15
109	125	82	15
109	127	100	15
109	130	84	15
109	133	90	15
109	138	78	15
109	139	87	15
109	143	91	15
109	144	100	15
109	146	92	15
109	147	5	15
109	148	5	15
110	112	100	15
110	113	100	15
110	114	96	15
110	115	100	15
110	117	96	15
110	119	100	15
110	125	100	15
110	128	99	15
110	130	83	15
110	131	90	15
110	135	96	15
110	137	100	15
110	146	46	15
110	149	100	15
111	103	97	15
111	104	90	15
111	106	91	15
111	107	59	15
111	108	56	15
111	113	87	15
111	116	87	15
111	118	71	15
111	121	94	15
111	123	100	15
111	124	92	15
111	125	84	15
111	126	96	15
111	130	62	15
111	138	97	15
111	144	30	15
111	148	90	15
112	102	79	15
112	108	74	15
112	109	24	15
112	110	97	15
112	113	95	15
112	114	10	15
112	115	100	15
112	116	88	15
112	117	96	15
112	125	84	15
112	126	62	15
112	130	100	15
112	131	97	15
112	133	48	15
112	135	100	15
112	138	99	15
112	139	27	15
112	143	82	15
112	144	93	15
112	146	5	15
112	148	95	15
113	102	78	15
113	105	89	15
113	108	45	15
113	109	93	15
113	110	95	15
113	111	42	15
113	112	100	15
113	116	56	15
113	117	98	15
113	118	60	15
113	121	14	15
113	125	98	15
113	126	65	15
113	127	73	15
113	130	100	15
113	131	94	15
113	133	6	15
113	138	98	15
113	139	94	15
113	143	67	15
113	144	54	15
113	146	97	15
113	148	90	15
113	149	94	15
114	110	99	15
114	113	18	15
114	115	93	15
114	117	100	15
114	119	100	15
114	120	99	15
114	128	96	15
114	130	88	15
114	131	92	15
114	135	96	15
114	136	100	15
114	137	100	15
114	139	14	15
114	148	0	15
114	149	100	15
115	110	94	15
115	112	99	15
115	114	97	15
115	117	99	15
115	119	99	15
115	125	90	15
115	130	95	15
115	131	93	15
115	135	97	15
115	144	81	15
115	146	82	15
115	149	96	15
116	101	78	15
116	102	89	15
116	103	97	15
116	104	62	15
116	105	91	15
116	106	54	15
116	107	73	15
116	108	84	15
116	109	96	15
116	111	52	15
116	112	99	15
116	113	96	15
116	117	100	15
116	118	87	15
116	121	57	15
116	122	94	15
116	123	83	15
116	124	81	15
116	125	100	15
116	126	89	15
116	127	41	15
116	130	96	15
116	131	90	15
116	133	100	15
116	138	100	15
116	139	91	15
116	144	85	15
116	146	87	15
116	148	92	15
117	102	82	15
117	108	46	15
117	109	80	15
117	110	100	15
117	112	100	15
117	113	100	15
117	114	97	15
117	115	96	15
117	116	85	15
117	119	96	15
117	121	60	15
117	122	18	15
117	125	97	15
117	126	9	15
117	128	3	15
117	130	96	15
117	131	94	15
117	133	80	15
117	138	100	15
117	139	20	15
117	144	48	15
117	146	97	15
117	148	93	15
117	149	93	15
118	100	89	15
118	101	80	15
118	102	94	15
118	103	80	15
118	104	65	15
118	106	77	15
118	107	96	15
118	108	97	15
118	109	7	15
118	111	64	15
118	113	68	15
118	116	83	15
118	121	100	15
118	122	99	15
118	123	8	15
118	124	86	15
118	125	100	15
118	126	68	15
118	127	94	15
118	131	10	15
118	133	92	15
118	146	12	15
118	148	86	15
119	110	98	15
119	114	100	15
119	115	97	15
119	117	93	15
119	120	55	15
119	125	92	15
119	128	100	15
119	129	65	15
119	130	86	15
119	135	96	15
119	136	93	15
119	137	91	15
119	139	21	15
119	144	2	15
119	148	14	15
119	149	100	15
120	114	25	15
120	119	88	15
120	128	3	15
120	129	55	15
120	135	4	15
120	136	97	15
120	142	0	15
121	100	81	15
121	101	16	15
121	103	93	15
121	104	100	15
121	106	85	15
121	107	87	15
121	108	96	15
121	111	90	15
121	113	21	15
121	116	72	15
121	117	26	15
121	118	89	15
121	122	92	15
121	123	98	15
121	124	96	15
121	125	67	15
121	126	100	15
121	133	86	15
121	138	99	15
122	100	100	15
122	101	96	15
122	102	98	15
122	105	94	15
122	107	93	15
122	108	96	15
122	109	100	15
122	113	0	15
122	116	83	15
122	117	48	15
122	118	88	15
122	121	86	15
122	127	100	15
122	130	7	15
122	133	90	15
122	138	25	15
122	139	1	15
122	143	83	15
122	144	99	15
122	148	10	15
123	101	80	15
123	103	88	15
123	104	100	15
123	106	100	15
123	107	13	15
123	111	98	15
123	116	89	15
123	118	36	15
123	121	87	15
123	124	84	15
123	125	14	15
123	126	98	15
123	138	89	15
123	148	70	15
124	100	0	15
124	101	73	15
124	103	79	15
124	106	95	15
124	107	67	15
124	111	92	15
124	116	4	15
124	118	76	15
124	121	98	15
124	123	97	15
124	126	39	15
124	133	63	15
125	102	74	15
125	103	86	15
125	104	99	15
125	108	81	15
125	109	58	15
125	110	100	15
125	111	81	15
125	112	47	15
125	113	91	15
125	115	94	15
125	116	93	15
125	117	94	15
125	118	83	15
125	119	98	15
125	123	4	15
125	126	89	15
125	127	34	15
125	130	100	15
125	131	96	15
125	133	84	15
125	138	100	15
125	144	91	15
125	146	97	15
125	148	92	15
125	149	73	15
126	103	89	15
126	104	97	15
126	106	87	15
126	111	92	15
126	112	15	15
126	113	98	15
126	116	95	15
126	118	34	15
126	121	94	15
126	123	93	15
126	125	97	15
126	130	72	15
126	138	97	15
126	144	91	15
126	146	88	15
127	100	98	15
127	101	100	15
127	102	89	15
127	103	89	15
127	105	98	15
127	107	96	15
127	109	100	15
127	113	81	15
127	116	8	15
127	118	86	15
127	122	100	15
127	125	83	15
127	133	87	15
127	143	58	15
127	144	97	15
127	148	100	15
128	110	95	15
128	113	2	15
128	114	100	15
128	117	9	15
128	119	100	15
128	129	98	15
128	131	93	15
128	135	89	15
128	136	99	15
128	141	2	15
128	142	95	15
128	149	95	15
129	119	92	15
129	120	12	15
129	128	95	15
129	131	23	15
129	136	100	15
129	140	19	15
129	141	82	15
129	142	98	15
129	143	0	15
129	147	11	15
129	149	99	15
130	102	87	15
130	103	88	15
130	105	34	15
130	108	33	15
130	109	95	15
130	110	96	15
130	111	57	15
130	112	96	15
130	113	98	15
130	114	99	15
130	115	100	15
130	116	86	15
130	117	98	15
130	119	98	15
130	125	100	15
130	126	83	15
130	131	100	15
130	133	81	15
130	138	100	15
130	139	100	15
130	141	17	15
130	146	92	15
130	148	96	15
130	149	95	15
131	103	83	15
131	110	96	15
131	112	100	15
131	113	96	15
131	114	90	15
131	115	97	15
131	116	77	15
131	117	93	15
131	125	99	15
131	128	90	15
131	129	21	15
131	130	97	15
131	139	86	15
131	140	88	15
131	141	93	15
131	142	94	15
131	143	91	15
131	147	90	15
131	149	100	15
132	110	80	15
132	114	100	15
132	115	3	15
132	119	99	15
132	120	97	15
132	128	93	15
132	135	100	15
132	136	92	15
132	142	8	15
132	149	70	15
133	100	76	15
133	101	79	15
133	102	100	15
133	103	90	15
133	105	92	15
133	106	0	15
133	107	80	15
133	108	98	15
133	109	94	15
133	111	17	15
133	112	0	15
133	113	32	15
133	116	100	15
133	117	95	15
133	118	97	15
133	121	90	15
133	122	98	15
133	123	22	15
133	124	74	15
133	125	90	15
133	127	88	15
133	130	95	15
133	138	3	15
133	139	72	15
133	144	95	15
133	146	20	15
133	148	92	15
135	110	100	15
135	112	99	15
135	114	100	15
135	115	100	15
135	119	99	15
135	128	92	15
135	136	87	15
135	137	99	15
136	114	96	15
136	119	100	15
136	120	100	15
136	128	97	15
136	129	100	15
136	135	98	15
136	142	5	15
137	110	100	15
137	112	39	15
137	114	97	15
137	115	39	15
137	117	81	15
137	119	100	15
137	120	21	15
137	135	93	15
137	136	90	15
137	149	51	15
138	102	85	15
138	103	84	15
138	104	82	15
138	105	0	15
138	106	81	15
138	109	16	15
138	111	97	15
138	112	100	15
138	113	89	15
138	116	86	15
138	117	100	15
138	121	79	15
138	123	78	15
138	125	95	15
138	126	95	15
138	130	100	15
138	133	23	15
138	139	12	15
138	144	68	15
138	146	13	15
138	148	86	15
138	149	93	15
139	102	80	15
139	109	84	15
139	112	90	15
139	113	88	15
139	114	3	15
139	116	84	15
139	117	61	15
139	119	10	15
139	122	0	15
139	130	94	15
139	131	95	15
139	133	39	15
139	138	67	15
139	140	83	15
139	141	97	15
139	142	86	15
139	143	100	15
139	144	100	15
139	146	100	15
139	147	72	15
139	148	94	15
139	149	93	15
140	129	3	15
140	131	100	15
140	139	82	15
140	141	91	15
140	142	98	15
140	143	97	15
140	147	72	15
140	149	5	15
141	109	34	15
141	112	92	15
141	128	62	15
141	129	87	15
141	130	88	15
141	131	92	15
141	139	97	15
141	140	88	15
141	142	100	15
141	143	81	15
141	144	100	15
141	146	100	15
141	147	83	15
141	148	95	15
141	149	61	15
142	128	100	15
142	129	53	15
142	131	94	15
142	136	9	15
142	139	100	15
142	140	92	15
142	141	92	15
142	143	86	15
142	147	100	15
143	105	100	15
143	109	100	15
143	112	94	15
143	113	77	15
143	122	93	15
143	125	28	15
143	127	48	15
143	129	18	15
143	131	100	15
143	139	99	15
143	140	100	15
143	141	30	15
143	142	87	15
143	144	91	15
143	146	77	15
143	147	96	15
143	149	88	15
144	101	79	15
144	102	77	15
144	103	52	15
144	105	100	15
144	107	80	15
144	108	79	15
144	109	100	15
144	110	9	15
144	112	98	15
144	113	99	15
144	115	79	15
144	116	81	15
144	117	14	15
144	118	0	15
144	122	99	15
144	125	99	15
144	126	76	15
144	127	87	15
144	131	54	15
144	133	61	15
144	138	74	15
144	139	93	15
144	141	94	15
144	143	82	15
144	146	100	15
144	148	97	15
144	149	95	15
146	101	9	15
146	102	94	15
146	103	8	15
146	105	80	15
146	107	46	15
146	108	97	15
146	109	96	15
146	110	100	15
146	111	43	15
146	113	100	15
146	115	100	15
146	116	85	15
146	117	97	15
146	118	78	15
146	121	10	15
146	125	98	15
146	126	87	15
146	130	94	15
146	131	91	15
146	133	69	15
146	138	88	15
146	139	97	15
146	141	96	15
146	142	4	15
146	143	92	15
146	144	98	15
146	147	7	15
146	148	100	15
146	149	92	15
147	128	40	15
147	129	9	15
147	131	69	15
147	139	86	15
147	140	66	15
147	141	71	15
147	142	92	15
147	143	96	15
148	103	87	15
148	105	55	15
148	108	89	15
148	109	29	15
148	111	94	15
148	112	95	15
148	113	96	15
148	114	17	15
148	115	4	15
148	116	82	15
148	117	100	15
148	118	81	15
148	119	10	15
148	123	77	15
148	125	94	15
148	127	96	15
148	130	100	15
148	131	6	15
148	133	92	15
148	138	97	15
148	139	98	15
148	141	87	15
148	143	7	15
148	144	100	15
148	146	99	15
148	149	84	15
149	110	100	15
149	113	83	15
149	114	96	15
149	115	94	15
149	117	91	15
149	119	100	15
149	125	40	15
149	128	97	15
149	129	34	15
149	130	90	15
149	131	100	15
149	138	92	15
149	139	88	15
149	144	87	15
149	146	87	15
149	147	4	15
149	148	89	15
