100	101	87	26
100	102	96	26
100	105	92	26
100	106	48	26
100	107	90	26
100	108	98	26
100	109	100	26
100	118	96	26
100	122	92	26
100	127	100	26
100	133	66	26
101	100	99	26
101	102	100	26
101	105	98	26
101	106	89	26
101	107	92	26
101	108	100	26
101	109	100	26
101	116	96	26
101	121	97	26
101	122	99	26
101	127	98	26
101	133	92	26
101	148	13	26
102	100	88	26
102	101	90	26
102	103	99	26
102	105	96	26
102	107	100	26
102	108	97	26
102	109	100	26
102	112	95	26
102	113	100	26
102	115	0	26
102	116	99	26
102	118	93	26
102	122	100	26
102	125	22	26
102	126	88	26
102	127	99	26
102	133	99	26
102	138	99	26
102	139	89	26
102	144	98	26
102	146	59	26
102	148	99	26
103	102	98	26
103	104	89	26
103	106	90	26
103	107	86	26
103	108	92	26
103	111	94	26
103	113	98	26
103	116	100	26
103	117	8	26
103	118	98	26
103	121	94	26
103	123	99	26
103	124	100	26
103	125	100	26
103	126	100	26
103	130	95	26
103	131	100	26
103	133	88	26
103	138	98	26
103	146	51	26
103	148	100	26
104	103	92	26
104	106	85	26
104	108	19	26
104	111	97	26
104	112	82	26
104	118	89	26
104	121	93	26
104	123	98	26
104	124	93	26
104	126	98	26
104	138	100	26
105	100	98	26
105	101	95	26
105	102	96	26
105	108	97	26
105	109	99	26
105	113	100	26
105	116	24	26
105	118	95	26
105	122	95	26
105	127	98	26
105	130	99	26
105	133	74	26
105	138	13	26
105	139	91	26
105	141	96	26
105	143	100	26
105	144	96	26
105	146	91	26
106	100	1	26
106	101	9	26
106	103	99	26
106	104	100	26
106	108	58	26
106	109	7	26
106	111	97	26
106	116	5	26
106	118	98	26
106	121	99	26
106	122	12	26
106	123	95	26
106	124	97	26
106	125	74	26
106	126	97	26
106	133	98	26
106	138	87	26
107	100	98	26
107	101	98	26
107	102	91	26
107	103	97	26
107	108	98	26
107	109	83	26
107	116	89	26
107	118	92	26
107	121	93	26
107	122	93	26
107	124	92	26
107	125	3	26
107	127	91	26
107	144	86	26
108	100	100	26
108	101	100	26
108	102	94	26
108	103	99	26
108	104	69	26
108	105	91	26
108	106	94	26
108	107	100	26
108	109	100	26
108	111	17	26
108	113	7	26
108	116	98	26
108	117	68	26
108	118	92	26
108	121	100	26
108	122	100	26
108	123	97	26
108	125	85	26
108	127	98	26
108	130	1	26
108	133	100	26
108	138	99	26
108	139	99	26
108	144	100	26
108	148	91	26
109	100	96	26
109	101	91	26
109	102	100	26
109	105	100	26
109	106	72	26
109	107	89	26
109	108	97	26
109	112	100	26
109	116	100	26
109	117	100	26
109	122	92	26
109	125	97	26
109	126	95	26
109	127	100	26
109	130	100	26
109	131	40	26
109	133	90	26
109	138	100	26
109	139	34	26
109	143	68	26
109	144	99	26
109	147	5	26
109	148	100	26
110	112	95	26
110	113	100	26
110	114	100	26
110	115	100	26
110	119	100	26
110	125	92	26
110	128	95	26
110	130	100	26
110	131	99	26
110	135	100	26
110	136	2	26
110	137	98	26
110	139	18	26
110	146	96	26
110	149	100	26
111	103	100	26
111	104	100	26
111	106	97	26
111	113	92	26
111	116	88	26
111	117	94	26
111	118	90	26
111	121	98	26
111	123	92	26
111	124	95	26
111	125	55	26
111	126	100	26
111	133	100	26
111	138	98	26
111	148	84	26
112	102	97	26
112	104	42	26
112	109	89	26
112	110	97	26
112	113	97	26
112	115	93	26
112	116	90	26
112	117	93	26
112	119	94	26
112	125	100	26
112	128	100	26
112	130	100	26
112	131	98	26
112	133	92	26
112	138	94	26
112	139	5	26
112	144	4	26
112	146	61	26
112	148	100	26
112	149	99	26
113	102	95	26
113	103	99	26
113	105	22	26
113	110	98	26
113	111	80	26
113	112	96	26
113	115	100	26
113	116	97	26
113	117	89	26
113	118	100	26
113	119	94	26
113	121	95	26
113	122	97	26
113	125	98	26
113	130	96	26
113	131	93	26
113	133	86	26
113	138	98	26
113	139	100	26
113	143	10	26
113	144	100	26
113	146	96	26
113	148	93	26
113	149	99	26
114	110	100	26
114	115	20	26
114	117	38	26
114	119	100	26
114	120	98	26
114	125	49	26
114	128	100	26
114	129	29	26
114	130	35	26
114	135	98	26
114	136	96	26
114	137	99	26
114	146	19	26
115	110	100	26
115	112	25	26
115	113	97	26
115	114	9	26
115	117	96	26
115	119	96	26
115	125	100	26
115	128	0	26
115	130	93	26
115	131	100	26
115	138	90	26
115	141	11	26
115	146	93	26
115	149	100	26
116	101	100	26
116	102	97	26
116	103	95	26
116	104	0	26
116	107	82	26
116	108	96	26
116	109	100	26
116	111	99	26
116	112	92	26
116	113	98	26
116	115	5	26
116	117	100	26
116	118	97	26
116	122	95	26
116	123	74	26
116	125	97	26
116	126	90	26
116	127	90	26
116	130	100	26
116	133	82	26
116	138	100	26
116	139	96	26
116	144	100	26
116	146	89	26
116	148	99	26
116	149	23	26
117	108	46	26
117	109	97	26
117	110	7	26
117	111	95	26
117	112	99	26
117	113	98	26
117	115	100	26
117	116	97	26
117	118	2	26
117	119	96	26
117	120	8	26
117	125	98	26
117	126	89	26
117	130	100	26
117	131	99	26
117	133	96	26
117	135	76	26
117	137	97	26
117	138	100	26
117	139	31	26
117	144	92	26
117	146	93	26
117	148	98	26
117	149	100	26
118	100	100	26
118	102	98	26
118	103	100	26
118	104	100	26
118	105	2	26
118	106	91	26
118	107	92	26
118	108	91	26
118	111	97	26
118	112	4	26
118	113	100	26
118	116	97	26
118	117	12	26
118	121	99	26
118	122	96	26
118	123	97	26
118	124	90	26
118	125	100	26
118	126	86	26
118	127	10	26
118	130	97	26
118	131	3	26
118	133	88	26
118	138	97	26
118	144	99	26
118	146	98	26
119	110	97	26
119	112	96	26
119	113	95	26
119	114	91	26
119	115	97	26
119	117	95	26
119	120	96	26
119	128	90	26
119	129	99	26
119	130	41	26
119	131	98	26
119	135	97	26
119	136	99	26
119	137	100	26
119	139	6	26
119	144	24	26
119	146	100	26
119	148	95	26
119	149	100	26
120	114	100	26
120	119	86	26
120	128	100	26
120	129	90	26
120	135	96	26
120	136	93	26
120	142	94	26
121	101	100	26
121	103	93	26
121	104	91	26
121	106	98	26
121	107	94	26
121	108	88	26
121	111	98	26
121	113	95	26
121	118	93	26
121	123	93	26
121	124	99	26
121	125	16	26
121	126	94	26
121	133	88	26
121	138	100	26
121	148	3	26
122	100	100	26
122	101	97	26
122	102	93	26
122	105	93	26
122	106	87	26
122	107	98	26
122	108	100	26
122	109	96	26
122	113	100	26
122	116	100	26
122	117	85	26
122	118	100	26
122	121	4	26
122	123	91	26
122	124	100	26
122	125	95	26
122	127	93	26
122	130	0	26
122	133	99	26
122	139	49	26
122	143	95	26
122	144	89	26
122	148	95	26
123	103	99	26
123	104	98	26
123	106	92	26
123	108	99	26
123	111	100	26
123	112	9	26
123	116	54	26
123	118	90	26
123	121	99	26
123	122	0	26
123	124	96	26
123	126	98	26
123	130	44	26
123	133	28	26
123	138	97	26
123	148	60	26
124	103	100	26
124	104	95	26
124	106	98	26
124	107	91	26
124	111	100	26
124	118	100	26
124	121	96	26
124	123	100	26
124	126	67	26
124	138	23	26
125	102	56	26
125	103	100	26
125	106	22	26
125	108	79	26
125	109	100	26
125	110	93	26
125	111	39	26
125	112	98	26
125	113	100	26
125	114	3	26
125	115	96	26
125	116	97	26
125	117	100	26
125	118	90	26
125	121	14	26
125	122	68	26
125	126	100	26
125	127	12	26
125	130	96	26
125	131	100	26
125	133	98	26
125	138	97	26
125	139	0	26
125	144	12	26
125	148	98	26
125	149	100	26
126	102	97	26
126	103	100	26
126	104	100	26
126	106	100	26
126	109	59	26
126	110	4	26
126	111	96	26
126	113	82	26
126	116	91	26
126	117	94	26
126	118	100	26
126	121	98	26
126	123	93	26
126	124	95	26
126	125	98	26
126	133	8	26
126	138	95	26
126	144	93	26
126	146	99	26
126	148	100	26
127	100	89	26
127	101	98	26
127	102	97	26
127	105	100	26
127	107	100	26
127	108	99	26
127	109	100	26
127	113	96	26
127	116	92	26
127	118	92	26
127	122	99	26
127	125	81	26
127	133	60	26
127	143	14	26
127	144	100	26
127	146	91	26
127	148	100	26
128	110	59	26
128	112	89	26
128	114	94	26
128	115	5	26
128	119	96	26
128	120	100	26
128	129	100	26
128	135	97	26
128	136	0	26
128	142	100	26
128	149	96	26
129	114	58	26
129	119	99	26
129	120	93	26
129	128	100	26
129	131	95	26
129	135	0	26
129	136	100	26
129	140	75	26
129	142	99	26
129	147	99	26
130	103	91	26
130	105	54	26
130	109	99	26
130	110	96	26
130	112	100	26
130	113	100	26
130	114	11	26
130	115	94	26
130	116	90	26
130	117	97	26
130	118	95	26
130	119	24	26
130	123	33	26
130	125	99	26
130	131	100	26
130	138	100	26
130	139	94	26
130	141	38	26
130	143	92	26
130	144	100	26
130	146	100	26
130	148	98	26
130	149	73	26
131	103	96	26
131	110	100	26
131	112	93	26
131	113	96	26
131	115	100	26
131	117	100	26
131	119	97	26
131	125	97	26
131	128	6	26
131	129	34	26
131	130	100	26
131	138	32	26
131	139	92	26
131	140	98	26
131	141	100	26
131	142	95	26
131	143	93	26
131	144	91	26
131	146	93	26
131	147	18	26
131	148	94	26
131	149	94	26
132	110	82	26
132	112	7	26
132	114	94	26
132	115	99	26
132	119	100	26
132	120	98	26
132	129	92	26
132	135	96	26
132	136	100	26
132	137	92	26
133	100	16	26
133	101	96	26
133	102	100	26
133	103	82	26
133	106	89	26
133	108	94	26
133	109	71	26
133	111	100	26
133	112	98	26
133	113	95	26
133	116	71	26
133	117	99	26
133	118	95	26
133	121	98	26
133	122	99	26
133	123	63	26
133	125	95	26
133	127	4	26
133	138	100	26
133	144	98	26
133	146	100	26
133	148	98	26
135	110	100	26
135	114	100	26
135	117	94	26
135	119	100	26
135	120	97	26
135	128	100	26
135	136	96	26
135	137	100	26
135	149	98	26
136	114	95	26
136	119	91	26
136	120	94	26
136	128	86	26
136	129	100	26
136	135	95	26
136	137	0	26
136	142	4	26
137	110	98	26
137	112	4	26
137	114	97	26
137	115	83	26
137	117	90	26
137	119	100	26
137	135	98	26
137	136	7	26
138	102	61	26
138	103	98	26
138	104	99	26
138	106	95	26
138	108	89	26
138	109	98	26
138	111	92	26
138	112	97	26
138	113	91	26
138	115	97	26
138	116	94	26
138	117	99	26
138	118	92	26
138	121	97	26
138	123	96	26
138	124	9	26
138	125	100	26
138	126	97	26
138	130	99	26
138	131	24	26
138	133	88	26
138	146	81	26
138	148	94	26
139	102	56	26
139	105	93	26
139	108	54	26
139	112	6	26
139	113	90	26
139	116	91	26
139	117	30	26
139	130	91	26
139	131	100	26
139	140	94	26
139	141	100	26
139	142	100	26
139	143	94	26
139	144	100	26
139	147	100	26
139	148	93	26
139	149	80	26
140	129	1	26
140	131	95	26
140	139	90	26
140	141	91	26
140	143	100	26
140	147	100	26
141	105	42	26
141	112	8	26
141	115	82	26
141	120	4	26
141	125	0	26
141	130	41	26
141	131	100	26
141	139	97	26
141	140	98	26
141	142	97	26
141	143	98	26
141	146	99	26
141	147	92	26
141	148	96	26
141	149	92	26
142	120	96	26
142	128	99	26
142	129	97	26
142	131	92	26
142	136	88	26
142	139	89	26
142	140	2	26
142	141	100	26
142	143	97	26
142	147	93	26
143	105	98	26
143	113	86	26
143	130	68	26
143	131	99	26
143	139	100	26
143	140	100	26
143	141	100	26
143	142	99	26
143	144	78	26
143	146	100	26
143	147	96	26
144	102	93	26
144	105	97	26
144	107	93	26
144	108	96	26
144	109	100	26
144	111	9	26
144	112	79	26
144	113	98	26
144	116	94	26
144	117	98	26
144	118	92	26
144	119	82	26
144	122	100	26
144	125	62	26
144	126	73	26
144	127	99	26
144	130	100	26
144	131	95	26
144	133	93	26
144	139	96	26
144	143	76	26
144	146	100	26
144	148	98	26
146	102	98	26
146	103	96	26
146	105	99	26
146	110	91	26
146	112	97	26
146	113	93	26
146	114	88	26
146	115	100	26
146	116	100	26
146	117	94	26
146	118	88	26
146	119	95	26
146	126	93	26
146	127	88	26
146	128	98	26
146	130	100	26
146	131	99	26
146	133	100	26
146	138	93	26
146	141	100	26
146	143	91	26
146	144	97	26
146	148	100	26
146	149	94	26
147	129	99	26
147	131	81	26
147	139	100	26
147	140	100	26
147	141	88	26
147	142	100	26
147	143	96	26
148	102	100	26
148	103	86	26
148	108	99	26
148	109	99	26
148	111	77	26
148	112	100	26
148	113	93	26
148	116	91	26
148	117	98	26
148	119	98	26
148	122	72	26
148	125	100	26
148	126	92	26
148	127	95	26
148	130	89	26
148	131	100	26
148	133	94	26
148	138	97	26
148	139	100	26
148	141	96	26
148	144	98	26
148	146	94	26
148	149	100	26
149	110	100	26
149	112	95	26
149	113	94	26
149	115	94	26
149	116	10	26
149	117	100	26
149	119	100	26
149	125	100	26
149	128	98	26
149	130	91	26
149	131	100	26
149	135	94	26
149	139	97	26
149	141	100	26
149	146	100	26
149	148	91	26
100	101	60	25
100	102	100	25
100	105	55	25
100	107	94	25
100	108	95	25
100	109	99	25
100	116	74	25
100	118	94	25
100	121	92	25
100	122	95	25
100	127	98	25
100	133	9	25
100	144	20	25
101	100	40	25
101	102	98	25
101	103	69	25
101	105	91	25
101	106	96	25
101	107	100	25
101	108	96	25
101	109	97	25
101	116	99	25
101	118	92	25
101	121	95	25
101	122	97	25
101	123	0	25
101	124	16	25
101	127	92	25
101	133	97	25
101	144	17	25
102	100	96	25
102	101	97	25
102	103	100	25
102	105	100	25
102	107	97	25
102	108	99	25
102	109	100	25
102	112	60	25
102	113	87	25
102	116	100	25
102	118	92	25
102	122	96	25
102	124	100	25
102	125	94	25
102	126	73	25
102	127	98	25
102	133	97	25
102	138	100	25
102	139	95	25
102	144	97	25
102	146	97	25
102	148	67	25
103	101	97	25
103	102	100	25
103	104	100	25
103	106	90	25
103	108	95	25
103	109	96	25
103	111	100	25
103	113	100	25
103	116	95	25
103	118	100	25
103	121	96	25
103	123	98	25
103	124	99	25
103	125	38	25
103	126	96	25
103	130	100	25
103	131	2	25
103	133	97	25
103	138	97	25
103	139	96	25
103	144	34	25
103	146	91	25
104	103	96	25
104	106	97	25
104	108	12	25
104	111	100	25
104	118	60	25
104	121	100	25
104	123	100	25
104	124	100	25
104	125	71	25
104	126	95	25
104	138	92	25
105	100	100	25
105	101	97	25
105	102	99	25
105	103	50	25
105	107	96	25
105	108	100	25
105	109	98	25
105	113	91	25
105	116	89	25
105	117	0	25
105	122	100	25
105	125	93	25
105	127	95	25
105	130	99	25
105	133	100	25
105	138	100	25
105	139	96	25
105	143	99	25
105	144	100	25
105	146	97	25
105	148	13	25
106	101	97	25
106	103	100	25
106	104	95	25
106	107	3	25
106	111	95	25
106	116	11	25
106	118	100	25
106	121	99	25
106	123	97	25
106	124	97	25
106	125	97	25
106	126	13	25
106	130	32	25
106	133	100	25
106	138	96	25
107	100	95	25
107	101	96	25
107	102	95	25
107	105	100	25
107	108	97	25
107	109	100	25
107	116	99	25
107	118	99	25
107	121	93	25
107	122	96	25
107	124	98	25
107	127	100	25
107	133	99	25
107	144	91	25
107	146	83	25
108	100	96	25
108	101	100	25
108	102	100	25
108	103	93	25
108	105	93	25
108	107	100	25
108	109	95	25
108	113	100	25
108	116	100	25
108	118	100	25
108	121	92	25
108	122	100	25
108	123	84	25
108	124	100	25
108	125	91	25
108	127	23	25
108	130	98	25
108	133	96	25
108	138	98	25
108	139	61	25
108	144	94	25
108	148	94	25
109	100	97	25
109	101	95	25
109	102	94	25
109	103	100	25
109	105	94	25
109	107	97	25
109	108	96	25
109	113	92	25
109	116	96	25
109	117	99	25
109	118	100	25
109	122	100	25
109	124	2	25
109	125	89	25
109	127	92	25
109	130	100	25
109	131	0	25
109	133	100	25
109	138	100	25
109	139	99	25
109	141	5	25
109	143	100	25
109	144	100	25
109	146	97	25
109	148	100	25
110	112	100	25
110	113	99	25
110	114	99	25
110	115	97	25
110	117	100	25
110	119	99	25
110	128	95	25
110	130	99	25
110	131	96	25
110	135	99	25
110	137	100	25
110	138	80	25
110	139	77	25
110	143	26	25
110	146	99	25
110	149	100	25
111	103	100	25
111	104	100	25
111	108	6	25
111	113	95	25
111	116	96	25
111	118	95	25
111	125	96	25
111	126	100	25
111	130	6	25
111	133	100	25
111	138	100	25
111	148	94	25
112	102	97	25
112	110	99	25
112	113	95	25
112	115	94	25
112	116	98	25
112	117	98	25
112	119	98	25
112	125	95	25
112	126	2	25
112	128	93	25
112	131	100	25
112	137	96	25
112	138	100	25
112	141	92	25
112	146	94	25
112	148	100	25
112	149	100	25
113	102	95	25
113	103	100	25
113	108	97	25
113	109	3	25
113	110	97	25
113	111	100	25
113	112	100	25
113	115	100	25
113	116	92	25
113	117	96	25
113	118	63	25
113	119	95	25
113	121	6	25
113	125	100	25
113	127	100	25
113	130	93	25
113	131	98	25
113	133	6	25
113	137	78	25
113	138	14	25
113	139	100	25
113	144	97	25
113	146	95	25
113	148	97	25
113	149	99	25
114	110	98	25
114	115	80	25
114	119	98	25
114	120	99	25
114	128	99	25
114	129	20	25
114	130	62	25
114	131	56	25
114	135	100	25
114	136	100	25
114	137	100	25
114	148	0	25
115	110	97	25
115	112	98	25
115	113	100	25
115	114	98	25
115	117	100	25
115	119	100	25
115	125	100	25
115	130	96	25
115	131	100	25
115	146	0	25
115	149	99	25
116	100	81	25
116	101	93	25
116	102	100	25
116	103	100	25
116	105	46	25
116	106	80	25
116	107	100	25
116	108	100	25
116	109	93	25
116	111	96	25
116	112	92	25
116	113	96	25
116	117	96	25
116	118	98	25
116	121	97	25
116	122	100	25
116	123	0	25
116	125	100	25
116	126	79	25
116	127	15	25
116	130	100	25
116	131	96	25
116	133	96	25
116	138	100	25
116	139	7	25
116	144	1	25
116	146	100	25
116	148	95	25
117	109	95	25
117	110	100	25
117	111	3	25
117	112	100	25
117	113	97	25
117	114	88	25
117	115	100	25
117	116	90	25
117	119	96	25
117	125	94	25
117	126	99	25
117	130	73	25
117	131	92	25
117	133	96	25
117	135	95	25
117	137	92	25
117	138	95	25
117	146	99	25
117	148	99	25
117	149	100	25
118	100	95	25
118	101	100	25
118	102	100	25
118	103	100	25
118	104	31	25
118	106	9	25
118	107	93	25
118	108	99	25
118	109	100	25
118	111	90	25
118	113	98	25
118	116	100	25
118	121	92	25
118	122	99	25
118	123	19	25
118	124	100	25
118	125	100	25
118	126	91	25
118	127	95	25
118	130	99	25
118	133	98	25
118	138	99	25
118	146	83	25
118	148	100	25
119	110	100	25
119	112	98	25
119	113	92	25
119	114	96	25
119	115	100	25
119	117	100	25
119	120	100	25
119	125	96	25
119	128	100	25
119	129	96	25
119	130	95	25
119	131	3	25
119	135	98	25
119	136	100	25
119	137	100	25
119	146	97	25
119	148	98	25
119	149	97	25
120	114	96	25
120	119	100	25
120	128	93	25
120	129	90	25
120	131	35	25
120	136	100	25
120	142	90	25
121	100	97	25
121	101	100	25
121	102	2	25
121	103	98	25
121	104	99	25
121	106	96	25
121	107	100	25
121	108	99	25
121	111	41	25
121	113	100	25
121	116	87	25
121	118	100	25
121	122	100	25
121	123	96	25
121	124	95	25
121	125	0	25
121	126	96	25
121	133	99	25
121	138	94	25
121	148	0	25
122	100	98	25
122	101	97	25
122	102	100	25
122	103	84	25
122	105	100	25
122	106	0	25
122	107	100	25
122	108	99	25
122	109	100	25
122	111	97	25
122	113	48	25
122	116	97	25
122	118	100	25
122	121	98	25
122	123	22	25
122	124	40	25
122	125	100	25
122	126	9	25
122	127	97	25
122	130	96	25
122	133	100	25
122	144	93	25
122	148	96	25
123	101	14	25
123	103	100	25
123	104	99	25
123	106	100	25
123	108	93	25
123	118	77	25
123	121	97	25
123	124	96	25
123	126	93	25
123	130	95	25
123	133	89	25
123	138	96	25
123	148	95	25
124	101	67	25
124	102	93	25
124	103	93	25
124	104	99	25
124	106	97	25
124	107	94	25
124	108	95	25
124	111	14	25
124	118	96	25
124	121	100	25
124	123	96	25
125	102	97	25
125	103	93	25
125	104	45	25
125	105	26	25
125	106	100	25
125	108	100	25
125	109	31	25
125	111	97	25
125	112	94	25
125	113	94	25
125	115	98	25
125	116	99	25
125	117	97	25
125	118	91	25
125	119	98	25
125	122	92	25
125	126	94	25
125	130	97	25
125	131	93	25
125	133	97	25
125	138	100	25
125	144	100	25
125	146	97	25
125	148	95	25
126	102	69	25
126	103	92	25
126	104	100	25
126	111	95	25
126	117	99	25
126	118	83	25
126	121	97	25
126	123	89	25
126	125	98	25
126	130	100	25
126	138	93	25
126	144	100	25
126	146	100	25
127	100	92	25
127	101	98	25
127	102	98	25
127	105	94	25
127	107	97	25
127	108	95	25
127	109	97	25
127	113	93	25
127	116	17	25
127	122	94	25
127	125	0	25
127	130	3	25
127	133	100	25
127	138	8	25
127	143	82	25
127	144	100	25
127	146	100	25
127	148	94	25
128	110	100	25
128	114	98	25
128	119	92	25
128	120	100	25
128	129	95	25
128	135	99	25
128	142	96	25
128	149	100	25
129	114	57	25
129	119	100	25
129	120	100	25
129	128	100	25
129	131	72	25
129	136	100	25
129	140	96	25
129	142	100	25
129	143	67	25
129	147	100	25
130	103	98	25
130	105	74	25
130	106	2	25
130	108	96	25
130	109	92	25
130	110	100	25
130	113	96	25
130	114	46	25
130	115	88	25
130	116	100	25
130	118	100	25
130	119	100	25
130	122	16	25
130	123	100	25
130	125	95	25
130	126	100	25
130	131	95	25
130	133	100	25
130	138	100	25
130	139	95	25
130	141	1	25
130	143	100	25
130	144	95	25
130	146	94	25
130	148	97	25
130	149	51	25
131	103	4	25
131	110	97	25
131	112	100	25
131	113	100	25
131	114	79	25
131	115	97	25
131	116	7	25
131	117	97	25
131	120	22	25
131	125	100	25
131	129	40	25
131	130	92	25
131	138	13	25
131	139	94	25
131	141	98	25
131	142	100	25
131	143	100	25
131	144	98	25
131	147	16	25
131	148	96	25
131	149	100	25
132	114	94	25
132	115	94	25
132	119	100	25
132	120	98	25
132	128	33	25
132	129	100	25
132	135	100	25
132	136	100	25
132	137	64	25
133	101	99	25
133	102	97	25
133	103	99	25
133	105	98	25
133	106	89	25
133	107	93	25
133	108	96	25
133	109	100	25
133	111	100	25
133	113	70	25
133	116	100	25
133	117	100	25
133	118	99	25
133	121	100	25
133	122	97	25
133	123	4	25
133	125	100	25
133	127	99	25
133	130	100	25
133	138	100	25
133	144	96	25
133	146	98	25
133	148	100	25
134	102	96	25
134	110	100	25
134	112	97	25
134	113	95	25
134	114	100	25
134	115	98	25
134	116	37	25
134	117	95	25
134	119	97	25
134	120	22	25
134	125	98	25
134	128	100	25
134	130	100	25
134	131	100	25
134	133	89	25
134	137	97	25
134	138	91	25
134	139	52	25
134	141	8	25
134	143	96	25
134	144	93	25
134	146	100	25
134	148	96	25
134	149	69	25
135	110	95	25
135	114	96	25
135	117	100	25
135	119	100	25
135	128	100	25
135	136	100	25
135	137	98	25
135	149	93	25
136	114	100	25
136	119	94	25
136	120	96	25
136	128	18	25
136	129	99	25
136	135	100	25
136	137	30	25
136	142	100	25
137	110	98	25
137	112	95	25
137	113	93	25
137	114	96	25
137	115	28	25
137	117	100	25
137	119	100	25
137	128	8	25
137	135	95	25
137	136	73	25
138	102	93	25
138	103	97	25
138	104	99	25
138	105	0	25
138	106	100	25
138	108	100	25
138	109	15	25
138	110	16	25
138	111	100	25
138	112	96	25
138	116	91	25
138	117	99	25
138	118	90	25
138	121	93	25
138	123	100	25
138	125	96	25
138	126	99	25
138	130	100	25
138	131	3	25
138	133	84	25
138	144	9	25
138	146	97	25
138	148	100	25
138	149	28	25
139	102	100	25
139	103	89	25
139	105	97	25
139	108	79	25
139	109	100	25
139	110	80	25
139	113	98	25
139	128	0	25
139	130	99	25
139	131	100	25
139	140	100	25
139	141	100	25
139	143	100	25
139	144	100	25
139	146	98	25
139	147	100	25
139	149	66	25
140	129	96	25
140	139	100	25
140	141	97	25
140	142	96	25
140	143	98	25
140	147	100	25
141	112	97	25
141	128	1	25
141	130	87	25
141	131	90	25
141	139	98	25
141	140	98	25
141	142	100	25
141	143	99	25
141	144	96	25
141	147	12	25
141	148	94	25
141	149	100	25
142	120	98	25
142	128	100	25
142	129	98	25
142	131	99	25
142	136	97	25
142	139	23	25
142	140	98	25
142	141	100	25
142	143	100	25
142	146	19	25
142	147	97	25
143	105	100	25
143	109	100	25
143	110	28	25
143	129	29	25
143	130	99	25
143	131	100	25
143	139	97	25
143	140	100	25
143	141	95	25
143	142	96	25
143	144	97	25
143	147	99	25
143	148	100	25
144	100	10	25
144	101	90	25
144	102	100	25
144	103	100	25
144	105	92	25
144	107	100	25
144	108	93	25
144	109	100	25
144	113	98	25
144	116	7	25
144	122	100	25
144	125	99	25
144	126	95	25
144	127	100	25
144	130	93	25
144	131	97	25
144	133	97	25
144	138	100	25
144	139	97	25
144	141	97	25
144	143	100	25
144	146	100	25
144	148	99	25
144	149	25	25
146	102	96	25
146	103	98	25
146	105	96	25
146	107	99	25
146	108	3	25
146	109	100	25
146	110	100	25
146	112	93	25
146	113	90	25
146	116	97	25
146	117	97	25
146	118	96	25
146	119	100	25
146	125	97	25
146	126	97	25
146	127	100	25
146	128	64	25
146	130	96	25
146	133	100	25
146	138	99	25
146	139	97	25
146	142	34	25
146	144	96	25
146	148	98	25
146	149	100	25
147	129	100	25
147	131	37	25
147	139	98	25
147	140	100	25
147	142	98	25
147	143	95	25
148	102	95	25
148	108	100	25
148	109	97	25
148	110	12	25
148	111	100	25
148	112	95	25
148	113	96	25
148	114	68	25
148	116	99	25
148	117	100	25
148	118	100	25
148	119	100	25
148	123	99	25
148	125	99	25
148	126	58	25
148	127	100	25
148	130	100	25
148	131	91	25
148	133	97	25
148	138	100	25
148	141	96	25
148	143	98	25
148	144	100	25
148	146	97	25
148	149	96	25
149	108	3	25
149	110	97	25
149	112	97	25
149	113	98	25
149	115	96	25
149	117	94	25
149	119	98	25
149	128	94	25
149	130	98	25
149	131	99	25
149	135	97	25
149	138	95	25
149	139	91	25
149	141	100	25
149	143	5	25
149	144	23	25
149	146	93	25
149	148	98	25
100	101	74	24
100	102	95	24
100	105	95	24
100	107	100	24
100	108	93	24
100	109	39	24
100	116	2	24
100	118	96	24
100	122	78	24
100	127	100	24
100	133	80	24
100	144	26	24
101	102	98	24
101	103	99	24
101	105	99	24
101	107	100	24
101	108	96	24
101	109	100	24
101	116	97	24
101	118	100	24
101	121	92	24
101	122	96	24
101	123	72	24
101	124	52	24
101	127	100	24
101	133	99	24
102	100	88	24
102	101	98	24
102	103	94	24
102	107	100	24
102	108	98	24
102	109	91	24
102	112	52	24
102	113	100	24
102	116	100	24
102	117	89	24
102	118	100	24
102	122	100	24
102	123	15	24
102	124	100	24
102	125	99	24
102	126	91	24
102	127	99	24
102	130	6	24
102	133	99	24
102	138	96	24
102	139	4	24
102	144	99	24
102	146	100	24
102	148	94	24
103	101	58	24
103	102	99	24
103	104	99	24
103	106	96	24
103	107	100	24
103	108	98	24
103	111	95	24
103	113	93	24
103	116	97	24
103	118	92	24
103	121	95	24
103	122	73	24
103	123	100	24
103	124	11	24
103	125	98	24
103	126	98	24
103	130	97	24
103	131	90	24
103	133	100	24
103	138	100	24
103	139	100	24
103	144	95	24
103	146	3	24
103	148	98	24
104	103	95	24
104	106	90	24
104	111	96	24
104	113	99	24
104	116	96	24
104	117	47	24
104	118	88	24
104	121	95	24
104	123	100	24
104	124	100	24
104	125	46	24
104	126	100	24
104	133	13	24
104	138	97	24
104	148	34	24
105	100	88	24
105	101	100	24
105	103	22	24
105	108	99	24
105	109	99	24
105	112	37	24
105	116	97	24
105	117	62	24
105	118	16	24
105	122	100	24
105	125	100	24
105	126	8	24
105	127	97	24
105	130	98	24
105	133	100	24
105	138	97	24
105	139	99	24
105	141	100	24
105	143	90	24
105	144	96	24
105	146	98	24
105	148	95	24
105	149	0	24
106	101	26	24
106	102	15	24
106	103	96	24
106	104	62	24
106	107	9	24
106	108	6	24
106	111	96	24
106	113	73	24
106	116	39	24
106	117	69	24
106	118	27	24
106	121	93	24
106	123	100	24
106	124	95	24
106	125	68	24
106	126	97	24
106	130	46	24
106	133	100	24
106	138	96	24
107	100	86	24
107	101	92	24
107	102	98	24
107	103	94	24
107	108	93	24
107	109	100	24
107	116	100	24
107	118	96	24
107	121	93	24
107	122	98	24
107	123	37	24
107	124	95	24
107	127	88	24
107	133	97	24
107	144	97	24
107	146	27	24
107	148	63	24
108	100	74	24
108	101	92	24
108	102	100	24
108	103	98	24
108	105	63	24
108	106	8	24
108	107	96	24
108	109	85	24
108	113	3	24
108	116	96	24
108	117	33	24
108	118	100	24
108	121	89	24
108	122	95	24
108	123	5	24
108	124	95	24
108	125	95	24
108	126	96	24
108	127	8	24
108	130	100	24
108	133	91	24
108	144	91	24
108	146	80	24
108	148	96	24
109	100	97	24
109	101	93	24
109	102	94	24
109	103	50	24
109	105	100	24
109	107	98	24
109	108	88	24
109	111	0	24
109	112	96	24
109	113	100	24
109	115	13	24
109	116	100	24
109	117	95	24
109	118	97	24
109	119	34	24
109	122	96	24
109	124	27	24
109	125	99	24
109	127	98	24
109	130	100	24
109	131	51	24
109	133	92	24
109	138	93	24
109	139	100	24
109	140	13	24
109	143	96	24
109	144	96	24
109	146	98	24
109	148	96	24
109	149	85	24
110	112	94	24
110	113	100	24
110	114	99	24
110	115	100	24
110	117	100	24
110	119	93	24
110	120	99	24
110	125	96	24
110	128	62	24
110	130	96	24
110	131	100	24
110	135	93	24
110	137	99	24
110	139	51	24
110	146	91	24
110	148	95	24
110	149	99	24
111	102	6	24
111	103	100	24
111	104	98	24
111	106	91	24
111	108	10	24
111	112	79	24
111	117	91	24
111	118	54	24
111	121	98	24
111	123	94	24
111	124	47	24
111	125	99	24
111	126	96	24
111	130	100	24
111	133	99	24
111	138	100	24
111	144	1	24
111	146	26	24
111	148	99	24
112	102	49	24
112	109	56	24
112	110	100	24
112	111	55	24
112	113	97	24
112	115	100	24
112	116	92	24
112	117	96	24
112	118	65	24
112	119	96	24
112	125	96	24
112	130	100	24
112	131	92	24
112	135	64	24
112	137	92	24
112	138	90	24
112	139	100	24
112	141	82	24
112	146	100	24
112	148	100	24
112	149	98	24
113	102	95	24
113	103	91	24
113	104	97	24
113	106	1	24
113	108	12	24
113	109	97	24
113	110	90	24
113	112	100	24
113	115	100	24
113	116	99	24
113	117	96	24
113	118	100	24
113	119	96	24
113	121	8	24
113	125	100	24
113	127	94	24
113	130	95	24
113	131	99	24
113	133	82	24
113	135	58	24
113	137	81	24
113	138	95	24
113	139	100	24
113	143	77	24
113	144	96	24
113	146	96	24
113	148	98	24
113	149	99	24
114	110	100	24
114	112	13	24
114	115	92	24
114	117	97	24
114	119	100	24
114	120	99	24
114	125	0	24
114	128	100	24
114	129	92	24
114	130	73	24
114	131	10	24
114	135	100	24
114	136	96	24
114	137	92	24
114	148	82	24
114	149	94	24
115	110	100	24
115	112	96	24
115	113	93	24
115	114	97	24
115	116	27	24
115	117	100	24
115	119	100	24
115	125	96	24
115	130	100	24
115	131	18	24
115	135	48	24
115	137	95	24
115	139	100	24
115	146	89	24
115	148	32	24
115	149	100	24
116	100	12	24
116	101	93	24
116	102	96	24
116	103	95	24
116	104	100	24
116	105	58	24
116	106	58	24
116	107	97	24
116	108	98	24
116	109	93	24
116	112	100	24
116	113	100	24
116	115	50	24
116	117	98	24
116	118	92	24
116	121	25	24
116	122	97	24
116	123	83	24
116	124	72	24
116	125	95	24
116	126	100	24
116	127	89	24
116	130	97	24
116	131	100	24
116	133	96	24
116	138	95	24
116	144	62	24
116	146	94	24
116	148	100	24
116	149	93	24
117	102	78	24
117	104	24	24
117	106	14	24
117	108	12	24
117	109	100	24
117	110	100	24
117	111	85	24
117	112	98	24
117	113	100	24
117	114	100	24
117	115	92	24
117	116	99	24
117	119	96	24
117	125	100	24
117	126	100	24
117	128	6	24
117	130	94	24
117	131	100	24
117	133	100	24
117	135	93	24
117	137	96	24
117	138	100	24
117	144	100	24
117	146	96	24
117	148	95	24
117	149	99	24
118	100	99	24
118	101	97	24
118	102	100	24
118	103	100	24
118	104	99	24
118	106	81	24
118	107	100	24
118	108	100	24
118	109	100	24
118	111	37	24
118	112	77	24
118	113	100	24
118	116	100	24
118	121	99	24
118	122	71	24
118	123	100	24
118	124	80	24
118	125	92	24
118	126	6	24
118	130	94	24
118	131	21	24
118	133	93	24
118	138	82	24
118	144	64	24
118	146	0	24
118	148	96	24
119	110	99	24
119	112	96	24
119	113	97	24
119	114	95	24
119	115	97	24
119	117	100	24
119	120	97	24
119	125	100	24
119	128	100	24
119	129	99	24
119	130	94	24
119	131	100	24
119	135	100	24
119	139	12	24
119	144	0	24
119	146	100	24
119	148	96	24
119	149	100	24
120	110	100	24
120	114	100	24
120	119	92	24
120	128	100	24
120	129	100	24
120	135	100	24
120	136	100	24
120	137	99	24
121	101	96	24
121	103	97	24
121	104	96	24
121	106	95	24
121	107	95	24
121	108	100	24
121	111	100	24
121	113	8	24
121	118	100	24
121	122	98	24
121	123	98	24
121	124	96	24
121	125	100	24
121	126	92	24
121	130	14	24
121	133	96	24
121	138	97	24
122	100	76	24
122	101	97	24
122	102	100	24
122	103	96	24
122	105	99	24
122	107	96	24
122	108	96	24
122	109	100	24
122	111	9	24
122	113	94	24
122	116	42	24
122	118	89	24
122	121	99	24
122	124	21	24
122	125	100	24
122	126	13	24
122	127	91	24
122	130	39	24
122	133	95	24
122	138	94	24
122	143	93	24
122	144	93	24
122	146	26	24
122	148	78	24
123	101	88	24
123	102	49	24
123	103	98	24
123	104	100	24
123	106	100	24
123	107	8	24
123	108	22	24
123	111	91	24
123	116	56	24
123	118	96	24
123	121	100	24
123	124	99	24
123	125	99	24
123	126	95	24
123	130	97	24
123	133	100	24
123	138	100	24
124	101	100	24
124	102	95	24
124	103	56	24
124	104	96	24
124	106	98	24
124	107	95	24
124	108	96	24
124	118	73	24
124	121	90	24
124	123	100	24
124	125	98	24
124	126	20	24
124	133	85	24
125	102	95	24
125	103	94	24
125	104	10	24
125	105	83	24
125	106	57	24
125	108	81	24
125	109	12	24
125	110	100	24
125	111	97	24
125	112	94	24
125	113	100	24
125	115	93	24
125	116	97	24
125	117	98	24
125	118	97	24
125	119	96	24
125	121	97	24
125	122	33	24
125	123	64	24
125	124	100	24
125	126	94	24
125	130	100	24
125	133	99	24
125	138	98	24
125	144	7	24
125	146	92	24
125	148	98	24
126	102	79	24
126	103	98	24
126	104	94	24
126	106	86	24
126	108	96	24
126	111	100	24
126	116	100	24
126	117	94	24
126	118	29	24
126	121	100	24
126	123	100	24
126	125	95	24
126	130	94	24
126	138	100	24
126	144	92	24
126	146	90	24
126	148	92	24
127	100	97	24
127	101	77	24
127	102	94	24
127	105	96	24
127	107	100	24
127	108	73	24
127	109	99	24
127	113	99	24
127	116	100	24
127	122	100	24
127	130	36	24
127	133	90	24
127	143	96	24
127	144	98	24
127	146	98	24
127	148	99	24
128	114	95	24
128	119	97	24
128	120	91	24
128	129	23	24
128	135	96	24
128	137	6	24
128	140	3	24
128	142	100	24
128	149	94	24
129	114	100	24
129	119	97	24
129	120	98	24
129	128	92	24
129	131	98	24
129	136	100	24
129	140	86	24
129	143	63	24
129	147	82	24
129	149	77	24
130	102	9	24
130	103	97	24
130	105	19	24
130	106	12	24
130	108	93	24
130	109	100	24
130	110	89	24
130	111	94	24
130	112	100	24
130	113	100	24
130	114	95	24
130	115	94	24
130	116	96	24
130	117	96	24
130	118	92	24
130	119	98	24
130	121	0	24
130	123	87	24
130	125	98	24
130	126	94	24
130	131	100	24
130	133	96	24
130	138	100	24
130	139	96	24
130	141	25	24
130	143	1	24
130	144	97	24
130	146	97	24
130	148	92	24
130	149	57	24
131	103	96	24
131	110	91	24
131	112	100	24
131	113	93	24
131	114	35	24
131	115	28	24
131	116	89	24
131	117	97	24
131	118	36	24
131	119	93	24
131	125	0	24
131	129	100	24
131	130	95	24
131	138	89	24
131	139	97	24
131	140	93	24
131	141	100	24
131	142	92	24
131	143	97	24
131	144	94	24
131	146	96	24
131	147	82	24
131	148	98	24
131	149	100	24
132	110	91	24
132	112	100	24
132	114	96	24
132	115	98	24
132	119	96	24
132	120	100	24
132	128	100	24
132	129	100	24
132	135	100	24
132	136	100	24
132	137	99	24
132	149	96	24
133	100	83	24
133	101	94	24
133	102	99	24
133	103	97	24
133	105	100	24
133	106	96	24
133	107	91	24
133	108	89	24
133	109	96	24
133	111	97	24
133	113	99	24
133	116	98	24
133	117	97	24
133	118	100	24
133	121	100	24
133	122	99	24
133	123	59	24
133	124	90	24
133	125	91	24
133	127	85	24
133	130	99	24
133	138	97	24
133	144	100	24
133	146	96	24
133	148	100	24
135	110	94	24
135	112	82	24
135	113	71	24
135	114	99	24
135	117	75	24
135	119	97	24
135	120	95	24
135	128	100	24
135	136	97	24
135	137	96	24
135	149	100	24
136	114	92	24
136	120	100	24
136	129	99	24
136	135	93	24
137	110	99	24
137	112	93	24
137	113	79	24
137	114	91	24
137	115	100	24
137	117	99	24
137	120	91	24
137	125	8	24
137	128	31	24
137	135	99	24
137	136	3	24
137	149	98	24
138	102	85	24
138	103	84	24
138	104	100	24
138	105	66	24
138	106	98	24
138	108	0	24
138	109	64	24
138	111	98	24
138	112	97	24
138	113	96	24
138	116	95	24
138	117	97	24
138	118	100	24
138	121	32	24
138	123	89	24
138	125	96	24
138	126	99	24
138	130	95	24
138	131	59	24
138	133	54	24
138	144	94	24
138	146	92	24
138	148	100	24
139	102	37	24
139	103	92	24
139	105	66	24
139	109	97	24
139	110	60	24
139	112	100	24
139	113	100	24
139	115	100	24
139	119	11	24
139	130	96	24
139	131	99	24
139	140	100	24
139	141	99	24
139	142	100	24
139	143	98	24
139	144	100	24
139	146	100	24
139	147	96	24
139	148	28	24
139	149	100	24
140	128	49	24
140	129	95	24
140	131	100	24
140	139	100	24
140	141	100	24
140	142	100	24
140	143	96	24
140	146	74	24
140	147	98	24
141	105	74	24
141	110	37	24
141	112	100	24
141	113	0	24
141	130	99	24
141	131	99	24
141	139	98	24
141	140	100	24
141	142	100	24
141	143	100	24
141	144	96	24
141	146	100	24
141	147	97	24
141	148	100	24
141	149	90	24
142	114	0	24
142	128	95	24
142	131	98	24
142	139	100	24
142	140	96	24
142	141	93	24
142	143	100	24
142	147	96	24
143	105	85	24
143	109	100	24
143	113	81	24
143	122	0	24
143	127	12	24
143	129	69	24
143	130	15	24
143	131	96	24
143	139	92	24
143	140	100	24
143	141	96	24
143	142	98	24
143	144	96	24
143	146	53	24
143	147	89	24
143	148	5	24
143	149	48	24
144	100	4	24
144	102	100	24
144	103	93	24
144	105	98	24
144	107	93	24
144	108	98	24
144	109	99	24
144	111	7	24
144	113	100	24
144	116	70	24
144	117	96	24
144	118	7	24
144	122	59	24
144	125	8	24
144	126	100	24
144	127	80	24
144	130	100	24
144	131	98	24
144	133	96	24
144	138	98	24
144	139	98	24
144	141	95	24
144	143	88	24
144	146	99	24
144	148	100	24
144	149	93	24
146	102	92	24
146	103	15	24
146	105	81	24
146	107	61	24
146	108	88	24
146	109	100	24
146	110	89	24
146	111	4	24
146	112	97	24
146	113	99	24
146	115	98	24
146	116	95	24
146	117	95	24
146	118	7	24
146	119	100	24
146	125	95	24
146	126	95	24
146	127	87	24
146	130	98	24
146	131	95	24
146	133	100	24
146	138	100	24
146	139	97	24
146	140	79	24
146	141	100	24
146	143	51	24
146	144	100	24
146	148	96	24
146	149	100	24
147	129	80	24
147	131	95	24
147	139	95	24
147	140	100	24
147	141	95	24
147	142	100	24
147	143	96	24
148	102	89	24
148	103	85	24
148	104	25	24
148	105	26	24
148	107	61	24
148	108	85	24
148	109	90	24
148	110	83	24
148	111	90	24
148	112	93	24
148	113	86	24
148	114	94	24
148	115	51	24
148	116	94	24
148	117	91	24
148	118	92	24
148	119	86	24
148	125	89	24
148	126	86	24
148	127	84	24
148	130	81	24
148	131	90	24
148	133	82	24
148	138	91	24
148	139	2	24
148	141	86	24
148	144	82	24
148	146	88	24
148	149	79	24
149	110	98	24
149	112	96	24
149	113	100	24
149	114	97	24
149	115	93	24
149	116	72	24
149	117	94	24
149	119	95	24
149	128	99	24
149	129	65	24
149	130	80	24
149	131	98	24
149	135	100	24
149	137	100	24
149	139	100	24
149	141	92	24
149	143	46	24
149	144	100	24
149	146	100	24
149	148	95	24
100	101	95	23
100	102	9	23
100	105	96	23
100	107	34	23
100	108	96	23
100	109	92	23
100	118	88	23
100	122	100	23
100	124	7	23
100	127	97	23
101	100	100	23
101	102	100	23
101	105	97	23
101	107	87	23
101	108	98	23
101	109	93	23
101	116	94	23
101	118	97	23
101	121	96	23
101	122	100	23
101	123	86	23
101	124	99	23
101	127	98	23
101	133	96	23
101	144	1	23
102	101	100	23
102	103	100	23
102	105	92	23
102	107	100	23
102	108	99	23
102	109	97	23
102	111	90	23
102	113	91	23
102	116	100	23
102	117	95	23
102	118	100	23
102	122	90	23
102	125	96	23
102	127	99	23
102	133	99	23
102	138	97	23
102	144	97	23
102	146	95	23
102	148	99	23
103	101	0	23
103	102	97	23
103	104	90	23
103	105	11	23
103	106	89	23
103	107	99	23
103	108	97	23
103	111	95	23
103	113	98	23
103	116	95	23
103	118	76	23
103	121	94	23
103	122	88	23
103	123	97	23
103	124	83	23
103	125	97	23
103	126	94	23
103	127	5	23
103	130	99	23
103	131	61	23
103	133	95	23
103	138	85	23
103	146	50	23
103	148	67	23
104	103	93	23
104	106	95	23
104	111	98	23
104	113	0	23
104	116	86	23
104	118	24	23
104	123	98	23
104	124	54	23
104	125	88	23
104	126	97	23
104	138	99	23
105	100	91	23
105	101	89	23
105	102	94	23
105	103	83	23
105	107	49	23
105	108	72	23
105	109	100	23
105	113	94	23
105	116	86	23
105	122	93	23
105	125	94	23
105	127	97	23
105	133	84	23
105	138	86	23
105	139	82	23
105	141	100	23
105	143	94	23
105	144	100	23
105	148	92	23
106	103	98	23
106	104	97	23
106	107	78	23
106	108	72	23
106	111	100	23
106	116	96	23
106	117	37	23
106	118	16	23
106	121	100	23
106	123	97	23
106	124	96	23
106	126	95	23
106	133	36	23
106	138	88	23
107	101	92	23
107	102	100	23
107	103	100	23
107	106	84	23
107	108	100	23
107	109	95	23
107	116	98	23
107	118	94	23
107	121	98	23
107	122	93	23
107	124	74	23
107	127	97	23
107	133	81	23
108	100	96	23
108	101	97	23
108	102	100	23
108	103	100	23
108	105	82	23
108	106	80	23
108	107	97	23
108	109	100	23
108	111	9	23
108	116	100	23
108	117	74	23
108	118	100	23
108	121	98	23
108	122	100	23
108	123	93	23
108	126	100	23
108	127	100	23
108	133	100	23
108	138	85	23
108	144	95	23
108	146	73	23
108	148	6	23
109	100	91	23
109	101	100	23
109	102	89	23
109	103	88	23
109	105	96	23
109	107	94	23
109	108	100	23
109	112	100	23
109	113	100	23
109	115	39	23
109	116	100	23
109	117	100	23
109	118	75	23
109	121	21	23
109	122	94	23
109	126	57	23
109	127	100	23
109	130	92	23
109	133	92	23
109	138	95	23
109	139	95	23
109	141	96	23
109	143	100	23
109	144	95	23
109	146	94	23
109	148	100	23
110	112	93	23
110	113	99	23
110	114	87	23
110	115	93	23
110	117	94	23
110	119	96	23
110	120	14	23
110	125	87	23
110	128	0	23
110	130	95	23
110	131	100	23
110	135	88	23
110	137	100	23
110	138	56	23
110	139	34	23
110	146	89	23
110	149	100	23
111	102	80	23
111	103	98	23
111	104	98	23
111	106	98	23
111	108	77	23
111	116	72	23
111	117	90	23
111	118	66	23
111	121	98	23
111	123	97	23
111	124	1	23
111	125	98	23
111	126	98	23
111	130	13	23
111	133	73	23
111	138	98	23
111	148	54	23
112	109	74	23
112	110	99	23
112	113	100	23
112	114	100	23
112	115	92	23
112	117	96	23
112	118	11	23
112	119	93	23
112	125	100	23
112	130	99	23
112	131	94	23
112	138	98	23
112	139	100	23
112	146	84	23
112	148	100	23
112	149	100	23
113	102	89	23
113	103	99	23
113	104	65	23
113	105	67	23
113	109	93	23
113	110	95	23
113	112	99	23
113	115	100	23
113	116	8	23
113	117	91	23
113	118	76	23
113	119	100	23
113	125	96	23
113	130	99	23
113	131	83	23
113	135	87	23
113	138	95	23
113	139	100	23
113	143	93	23
113	144	98	23
113	146	95	23
113	148	93	23
113	149	96	23
114	112	10	23
114	115	100	23
114	117	100	23
114	119	100	23
114	120	94	23
114	128	97	23
114	129	96	23
114	135	100	23
114	136	97	23
114	142	4	23
114	149	22	23
115	110	91	23
115	112	100	23
115	113	96	23
115	114	78	23
115	117	87	23
115	119	100	23
115	125	88	23
115	130	100	23
115	131	2	23
115	135	83	23
115	137	19	23
115	138	62	23
115	139	2	23
115	141	3	23
115	143	18	23
115	146	100	23
115	149	100	23
116	101	94	23
116	102	86	23
116	103	100	23
116	104	91	23
116	105	97	23
116	106	90	23
116	107	94	23
116	108	100	23
116	109	99	23
116	111	97	23
116	113	45	23
116	117	98	23
116	118	100	23
116	122	91	23
116	123	86	23
116	125	96	23
116	126	98	23
116	127	95	23
116	130	100	23
116	133	96	23
116	138	95	23
116	144	95	23
116	146	100	23
116	148	96	23
117	101	0	23
117	102	89	23
117	106	22	23
117	108	77	23
117	109	95	23
117	110	92	23
117	111	89	23
117	112	99	23
117	113	100	23
117	114	90	23
117	115	97	23
117	116	95	23
117	119	96	23
117	125	96	23
117	126	92	23
117	130	100	23
117	131	93	23
117	133	100	23
117	138	99	23
117	141	8	23
117	144	38	23
117	146	98	23
117	148	7	23
117	149	92	23
118	100	76	23
118	101	100	23
118	102	100	23
118	103	90	23
118	104	5	23
118	106	4	23
118	107	93	23
118	108	92	23
118	109	92	23
118	111	44	23
118	113	99	23
118	116	100	23
118	121	99	23
118	122	33	23
118	123	98	23
118	124	88	23
118	125	100	23
118	127	2	23
118	130	91	23
118	133	97	23
118	138	97	23
118	144	80	23
118	146	89	23
119	110	100	23
119	112	99	23
119	113	97	23
119	114	98	23
119	115	100	23
119	117	96	23
119	120	100	23
119	125	90	23
119	128	98	23
119	129	96	23
119	130	100	23
119	131	100	23
119	135	54	23
119	137	100	23
119	144	2	23
119	148	88	23
119	149	100	23
120	114	95	23
120	119	95	23
120	128	99	23
120	129	97	23
120	135	99	23
120	136	100	23
121	100	25	23
121	101	95	23
121	103	98	23
121	104	26	23
121	106	100	23
121	107	89	23
121	108	93	23
121	109	71	23
121	111	88	23
121	113	8	23
121	116	77	23
121	117	2	23
121	118	99	23
121	122	83	23
121	123	100	23
121	124	100	23
121	125	83	23
121	126	100	23
121	133	94	23
121	138	69	23
122	100	96	23
122	101	94	23
122	102	96	23
122	103	100	23
122	105	98	23
122	106	65	23
122	107	99	23
122	108	95	23
122	109	99	23
122	113	56	23
122	116	90	23
122	121	93	23
122	123	17	23
122	124	56	23
122	127	98	23
122	133	97	23
122	138	19	23
122	144	99	23
122	146	100	23
123	101	90	23
123	103	88	23
123	104	100	23
123	106	96	23
123	108	78	23
123	111	97	23
123	118	75	23
123	121	99	23
123	124	96	23
123	126	94	23
123	133	83	23
123	138	87	23
124	101	91	23
124	103	95	23
124	104	99	23
124	106	95	23
124	107	84	23
124	118	95	23
124	121	84	23
124	122	49	23
124	123	100	23
124	126	20	23
124	133	82	23
125	102	95	23
125	103	100	23
125	104	100	23
125	105	70	23
125	106	2	23
125	108	74	23
125	110	34	23
125	111	100	23
125	112	100	23
125	113	96	23
125	115	99	23
125	116	100	23
125	117	92	23
125	118	87	23
125	119	96	23
125	121	12	23
125	126	100	23
125	130	98	23
125	133	100	23
125	138	100	23
125	144	98	23
125	146	100	23
125	148	100	23
126	103	99	23
126	104	100	23
126	106	96	23
126	108	83	23
126	111	98	23
126	116	99	23
126	117	100	23
126	121	89	23
126	123	86	23
126	124	11	23
126	125	97	23
126	130	99	23
126	138	93	23
126	144	5	23
126	146	90	23
126	148	0	23
127	100	100	23
127	101	96	23
127	102	98	23
127	103	88	23
127	105	94	23
127	107	94	23
127	108	92	23
127	109	92	23
127	113	0	23
127	116	80	23
127	118	52	23
127	122	100	23
127	130	92	23
127	133	85	23
127	139	2	23
127	143	94	23
127	144	98	23
127	148	100	23
128	114	75	23
128	119	92	23
128	120	79	23
128	129	92	23
128	135	65	23
128	142	97	23
129	114	100	23
129	119	100	23
129	120	95	23
129	128	94	23
129	131	89	23
129	136	100	23
129	140	89	23
129	142	98	23
129	143	19	23
130	103	92	23
130	109	90	23
130	110	92	23
130	111	4	23
130	112	100	23
130	113	96	23
130	114	17	23
130	115	94	23
130	116	100	23
130	117	100	23
130	118	64	23
130	119	93	23
130	125	94	23
130	126	100	23
130	127	61	23
130	131	100	23
130	133	99	23
130	139	16	23
130	141	97	23
130	144	100	23
130	146	100	23
130	148	96	23
131	103	88	23
131	110	88	23
131	112	98	23
131	113	86	23
131	115	93	23
131	117	99	23
131	119	95	23
131	128	35	23
131	129	97	23
131	130	95	23
131	140	96	23
131	141	100	23
131	142	98	23
131	144	93	23
131	146	98	23
131	147	100	23
131	149	95	23
132	110	99	23
132	112	1	23
132	114	97	23
132	119	100	23
132	120	97	23
132	128	96	23
132	135	100	23
132	136	100	23
133	101	86	23
133	102	96	23
133	103	99	23
133	104	11	23
133	105	79	23
133	107	90	23
133	108	95	23
133	109	97	23
133	111	93	23
133	116	96	23
133	117	96	23
133	118	97	23
133	121	93	23
133	122	96	23
133	123	98	23
133	124	65	23
133	125	95	23
133	127	85	23
133	130	97	23
133	138	5	23
133	139	13	23
133	144	2	23
133	146	100	23
135	110	69	23
135	113	7	23
135	114	96	23
135	115	65	23
135	119	76	23
135	120	90	23
135	128	77	23
135	136	100	23
135	137	97	23
135	149	72	23
136	114	95	23
136	120	98	23
136	129	99	23
136	135	100	23
136	142	99	23
137	110	96	23
137	112	38	23
137	114	100	23
137	115	95	23
137	119	97	23
137	120	18	23
137	128	0	23
137	135	96	23
137	136	1	23
138	102	93	23
138	103	68	23
138	104	94	23
138	105	68	23
138	106	93	23
138	108	86	23
138	109	6	23
138	111	94	23
138	112	94	23
138	113	93	23
138	115	54	23
138	116	94	23
138	117	97	23
138	118	85	23
138	123	95	23
138	125	96	23
138	126	100	23
138	144	100	23
138	148	25	23
139	105	0	23
139	112	92	23
139	113	98	23
139	115	17	23
139	130	37	23
139	133	25	23
139	138	5	23
139	140	100	23
139	141	99	23
139	142	71	23
139	143	100	23
139	144	92	23
139	146	97	23
139	147	100	23
139	148	98	23
139	149	96	23
140	129	95	23
140	131	97	23
140	139	49	23
140	141	93	23
140	142	96	23
140	143	95	23
140	146	4	23
140	147	100	23
141	105	97	23
141	109	79	23
141	115	28	23
141	117	18	23
141	130	93	23
141	131	94	23
141	139	94	23
141	140	100	23
141	142	100	23
141	143	91	23
141	144	97	23
141	146	97	23
141	147	97	23
141	149	93	23
142	114	46	23
142	128	97	23
142	129	100	23
142	131	93	23
142	136	99	23
142	139	93	23
142	140	99	23
142	141	97	23
142	143	97	23
142	146	2	23
142	147	96	23
143	105	95	23
143	109	97	23
143	113	89	23
143	115	36	23
143	127	87	23
143	139	100	23
143	140	98	23
143	141	94	23
143	142	98	23
143	147	96	23
144	101	74	23
144	102	100	23
144	103	15	23
144	105	94	23
144	108	97	23
144	109	100	23
144	113	100	23
144	116	95	23
144	117	91	23
144	118	65	23
144	119	32	23
144	122	98	23
144	125	99	23
144	126	93	23
144	127	97	23
144	130	93	23
144	131	96	23
144	133	52	23
144	138	100	23
144	139	89	23
144	141	100	23
144	143	47	23
144	146	100	23
144	148	97	23
146	101	1	23
146	102	95	23
146	103	37	23
146	108	51	23
146	109	90	23
146	110	15	23
146	112	82	23
146	113	96	23
146	115	93	23
146	116	100	23
146	117	100	23
146	118	22	23
146	122	45	23
146	125	92	23
146	126	83	23
146	128	29	23
146	130	90	23
146	131	97	23
146	133	79	23
146	138	6	23
146	139	93	23
146	141	97	23
146	144	100	23
146	148	91	23
146	149	40	23
147	131	98	23
147	139	87	23
147	140	99	23
147	141	100	23
147	142	96	23
147	143	99	23
148	102	92	23
148	103	90	23
148	105	83	23
148	108	80	23
148	109	94	23
148	111	99	23
148	112	90	23
148	113	97	23
148	116	95	23
148	117	91	23
148	118	55	23
148	119	90	23
148	122	3	23
148	123	33	23
148	125	100	23
148	126	87	23
148	127	79	23
148	130	97	23
148	138	87	23
148	139	94	23
148	143	3	23
148	144	97	23
148	146	96	23
148	149	17	23
149	110	97	23
149	112	91	23
149	113	97	23
149	114	97	23
149	115	95	23
149	117	94	23
149	119	100	23
149	131	88	23
149	135	100	23
149	139	94	23
149	141	100	23
149	146	96	23
100	101	94	22
100	102	98	22
100	105	74	22
100	107	99	22
100	108	60	22
100	109	91	22
100	116	40	22
100	118	19	22
100	121	87	22
100	122	97	22
100	127	93	22
101	100	91	22
101	102	100	22
101	103	88	22
101	105	96	22
101	107	100	22
101	108	97	22
101	109	93	22
101	116	100	22
101	118	89	22
101	121	100	22
101	122	97	22
101	123	53	22
101	124	61	22
101	127	100	22
101	133	73	22
101	144	17	22
102	100	96	22
102	101	92	22
102	103	100	22
102	105	100	22
102	106	27	22
102	107	100	22
102	108	98	22
102	109	97	22
102	111	13	22
102	113	100	22
102	116	96	22
102	117	91	22
102	118	98	22
102	121	90	22
102	122	100	22
102	124	94	22
102	125	100	22
102	126	47	22
102	127	98	22
102	130	100	22
102	138	98	22
102	146	100	22
102	148	96	22
103	101	13	22
103	102	95	22
103	104	94	22
103	106	100	22
103	107	96	22
103	108	93	22
103	109	93	22
103	111	100	22
103	113	98	22
103	116	96	22
103	118	92	22
103	121	88	22
103	122	95	22
103	123	93	22
103	124	95	22
103	125	27	22
103	126	100	22
103	127	1	22
103	131	55	22
103	133	99	22
103	138	96	22
103	146	11	22
103	148	12	22
104	103	96	22
104	106	94	22
104	111	100	22
104	113	45	22
104	121	95	22
104	123	86	22
104	124	45	22
104	125	97	22
104	126	2	22
104	138	95	22
105	100	90	22
105	101	99	22
105	102	87	22
105	103	65	22
105	107	93	22
105	108	88	22
105	109	99	22
105	113	93	22
105	122	99	22
105	124	32	22
105	125	58	22
105	127	100	22
105	130	66	22
105	133	13	22
105	138	74	22
105	139	66	22
105	141	46	22
105	143	91	22
105	144	100	22
105	146	100	22
105	148	92	22
106	102	75	22
106	103	94	22
106	104	95	22
106	107	76	22
106	108	87	22
106	111	92	22
106	116	91	22
106	118	25	22
106	121	58	22
106	122	3	22
106	123	99	22
106	124	90	22
106	125	90	22
106	126	98	22
106	133	15	22
106	138	93	22
107	100	100	22
107	101	84	22
107	102	95	22
107	103	97	22
107	105	62	22
107	108	96	22
107	109	96	22
107	116	93	22
107	118	94	22
107	122	90	22
107	124	94	22
107	127	89	22
107	130	75	22
107	133	11	22
108	100	7	22
108	101	99	22
108	102	100	22
108	103	59	22
108	105	96	22
108	106	100	22
108	107	98	22
108	109	98	22
108	111	79	22
108	116	93	22
108	117	77	22
108	118	100	22
108	121	88	22
108	122	96	22
108	124	90	22
108	125	28	22
108	127	87	22
108	130	24	22
108	133	98	22
108	144	97	22
108	148	81	22
109	100	88	22
109	101	84	22
109	102	100	22
109	103	97	22
109	105	98	22
109	107	97	22
109	108	99	22
109	112	98	22
109	113	92	22
109	116	96	22
109	117	98	22
109	118	100	22
109	121	100	22
109	122	94	22
109	125	95	22
109	126	95	22
109	127	97	22
109	130	98	22
109	133	98	22
109	138	95	22
109	139	92	22
109	143	95	22
109	144	100	22
109	148	98	22
109	149	15	22
110	112	96	22
110	113	96	22
110	114	99	22
110	115	100	22
110	117	100	22
110	119	97	22
110	120	6	22
110	128	99	22
110	130	96	22
110	131	100	22
110	135	100	22
110	137	96	22
110	138	0	22
110	139	91	22
110	146	96	22
110	149	97	22
111	102	98	22
111	103	100	22
111	104	100	22
111	106	98	22
111	107	12	22
111	108	91	22
111	113	83	22
111	116	100	22
111	117	100	22
111	118	96	22
111	121	97	22
111	122	10	22
111	123	95	22
111	124	100	22
111	125	100	22
111	126	100	22
111	130	96	22
111	133	97	22
111	138	97	22
111	146	18	22
112	102	71	22
112	109	90	22
112	110	98	22
112	113	97	22
112	114	99	22
112	115	100	22
112	117	97	22
112	119	100	22
112	125	100	22
112	126	98	22
112	130	55	22
112	131	94	22
112	133	93	22
112	135	86	22
112	137	99	22
112	138	99	22
112	139	100	22
112	144	94	22
112	146	92	22
112	148	97	22
112	149	97	22
113	102	100	22
113	103	83	22
113	104	1	22
113	105	68	22
113	109	89	22
113	110	95	22
113	111	73	22
113	112	94	22
113	115	54	22
113	117	98	22
113	119	92	22
113	121	0	22
113	122	0	22
113	125	100	22
113	126	97	22
113	130	98	22
113	131	94	22
113	133	37	22
113	135	91	22
113	138	99	22
113	139	22	22
113	143	100	22
113	144	96	22
113	146	99	22
113	149	96	22
114	110	100	22
114	112	100	22
114	115	100	22
114	117	98	22
114	119	93	22
114	120	99	22
114	128	95	22
114	129	97	22
114	130	8	22
114	131	54	22
114	135	100	22
114	136	96	22
114	137	92	22
114	142	3	22
115	102	22	22
115	110	97	22
115	112	93	22
115	113	85	22
115	114	97	22
115	117	92	22
115	119	100	22
115	125	85	22
115	130	70	22
115	131	100	22
115	135	99	22
115	137	100	22
115	138	86	22
115	139	88	22
115	146	89	22
115	149	93	22
116	100	79	22
116	101	90	22
116	102	100	22
116	103	100	22
116	106	92	22
116	107	99	22
116	108	92	22
116	109	100	22
116	111	97	22
116	117	97	22
116	118	96	22
116	121	98	22
116	122	90	22
116	124	93	22
116	125	100	22
116	126	97	22
116	130	100	22
116	133	100	22
116	138	100	22
116	144	96	22
116	146	100	22
116	148	100	22
117	102	90	22
117	108	77	22
117	109	72	22
117	110	92	22
117	111	83	22
117	112	100	22
117	113	100	22
117	114	93	22
117	115	92	22
117	116	83	22
117	118	73	22
117	119	90	22
117	125	100	22
117	126	96	22
117	130	99	22
117	131	96	22
117	133	86	22
117	135	28	22
117	137	48	22
117	138	100	22
117	144	83	22
117	146	100	22
117	148	91	22
117	149	96	22
118	100	4	22
118	101	98	22
118	102	96	22
118	103	90	22
118	106	9	22
118	107	96	22
118	108	92	22
118	109	91	22
118	111	91	22
118	116	89	22
118	117	84	22
118	121	91	22
118	122	80	22
118	123	92	22
118	124	95	22
118	125	96	22
118	133	100	22
118	138	90	22
118	139	0	22
118	144	27	22
118	146	17	22
119	110	94	22
119	112	94	22
119	113	93	22
119	114	92	22
119	115	100	22
119	117	97	22
119	120	99	22
119	128	95	22
119	129	91	22
119	130	83	22
119	131	94	22
119	135	100	22
119	136	42	22
119	137	96	22
119	144	50	22
119	146	58	22
119	149	96	22
120	110	94	22
120	114	63	22
120	119	100	22
120	128	96	22
120	129	94	22
120	135	93	22
120	136	100	22
120	142	95	22
121	100	69	22
121	101	90	22
121	102	94	22
121	103	92	22
121	104	87	22
121	106	30	22
121	107	98	22
121	108	100	22
121	109	92	22
121	111	92	22
121	113	73	22
121	116	96	22
121	118	100	22
121	122	93	22
121	123	94	22
121	124	97	22
121	125	82	22
121	126	97	22
121	130	100	22
121	133	100	22
121	138	97	22
121	148	94	22
122	100	100	22
122	101	91	22
122	102	93	22
122	103	93	22
122	105	97	22
122	106	28	22
122	107	100	22
122	108	98	22
122	109	100	22
122	111	18	22
122	113	84	22
122	116	98	22
122	118	87	22
122	121	94	22
122	123	65	22
122	124	88	22
122	125	100	22
122	127	99	22
122	130	97	22
122	133	97	22
122	143	85	22
122	144	100	22
122	148	1	22
123	101	35	22
123	102	1	22
123	103	82	22
123	104	94	22
123	106	95	22
123	111	95	22
123	118	43	22
123	121	83	22
123	122	16	22
123	124	79	22
123	126	82	22
123	133	50	22
124	101	93	22
124	102	91	22
124	103	90	22
124	104	64	22
124	106	90	22
124	107	71	22
124	108	87	22
124	111	88	22
124	116	80	22
124	118	85	22
124	121	89	22
124	122	94	22
124	123	94	22
124	126	86	22
124	133	90	22
125	102	100	22
125	103	91	22
125	104	100	22
125	105	2	22
125	106	85	22
125	108	78	22
125	109	90	22
125	111	89	22
125	112	97	22
125	113	95	22
125	114	25	22
125	115	99	22
125	116	90	22
125	117	93	22
125	118	92	22
125	121	54	22
125	122	81	22
125	126	90	22
125	130	94	22
125	131	45	22
125	133	93	22
125	138	100	22
125	139	88	22
125	141	82	22
125	144	92	22
125	146	5	22
125	148	98	22
125	149	96	22
126	102	59	22
126	103	97	22
126	106	99	22
126	109	3	22
126	111	97	22
126	112	47	22
126	113	96	22
126	116	94	22
126	117	91	22
126	121	95	22
126	123	98	22
126	124	93	22
126	125	92	22
126	130	96	22
126	133	91	22
126	138	99	22
126	148	48	22
127	100	94	22
127	101	98	22
127	102	89	22
127	103	86	22
127	105	99	22
127	107	97	22
127	108	91	22
127	109	95	22
127	118	7	22
127	122	94	22
127	130	69	22
127	133	93	22
127	139	83	22
127	143	98	22
127	144	100	22
127	146	90	22
128	110	95	22
128	114	98	22
128	119	100	22
128	120	90	22
128	129	90	22
128	135	100	22
128	142	94	22
129	114	100	22
129	119	97	22
129	120	95	22
129	128	94	22
129	136	97	22
129	140	97	22
129	141	7	22
129	142	100	22
129	143	56	22
129	147	87	22
129	149	6	22
130	102	96	22
130	109	94	22
130	110	93	22
130	111	98	22
130	113	98	22
130	114	11	22
130	115	11	22
130	116	89	22
130	117	100	22
130	119	91	22
130	122	72	22
130	125	97	22
130	126	100	22
130	131	98	22
130	138	96	22
130	139	91	22
130	141	8	22
130	144	96	22
130	146	97	22
130	148	100	22
130	149	92	22
131	103	88	22
131	110	94	22
131	112	97	22
131	113	100	22
131	114	100	22
131	115	100	22
131	117	98	22
131	119	100	22
131	126	26	22
131	130	100	22
131	139	95	22
131	140	100	22
131	141	97	22
131	143	100	22
131	144	100	22
131	146	100	22
131	147	94	22
131	148	10	22
131	149	99	22
132	110	2	22
132	114	97	22
132	119	100	22
132	120	97	22
132	128	100	22
132	129	97	22
132	135	100	22
132	136	95	22
132	137	42	22
133	101	6	22
133	102	94	22
133	103	98	22
133	105	18	22
133	106	96	22
133	108	94	22
133	109	97	22
133	111	91	22
133	112	85	22
133	116	93	22
133	117	100	22
133	118	100	22
133	121	99	22
133	122	91	22
133	123	74	22
133	124	90	22
133	125	97	22
133	126	92	22
133	127	82	22
133	138	12	22
133	139	23	22
133	144	0	22
133	146	99	22
135	110	85	22
135	112	96	22
135	113	85	22
135	114	72	22
135	115	100	22
135	119	98	22
135	120	99	22
135	128	100	22
135	136	91	22
135	137	100	22
136	114	99	22
136	119	41	22
136	120	96	22
136	128	48	22
136	129	95	22
136	135	95	22
136	142	32	22
137	110	95	22
137	112	95	22
137	113	11	22
137	114	100	22
137	115	95	22
137	117	47	22
137	119	100	22
137	135	100	22
138	102	96	22
138	103	95	22
138	104	98	22
138	106	99	22
138	109	93	22
138	111	100	22
138	112	100	22
138	113	96	22
138	115	86	22
138	116	91	22
138	117	100	22
138	118	98	22
138	121	90	22
138	125	100	22
138	126	100	22
138	130	100	22
138	144	90	22
138	146	23	22
138	148	97	22
139	102	7	22
139	105	8	22
139	109	10	22
139	110	88	22
139	112	92	22
139	113	93	22
139	115	86	22
139	125	90	22
139	127	18	22
139	130	90	22
139	131	92	22
139	140	97	22
139	141	100	22
139	142	36	22
139	143	92	22
139	144	100	22
139	146	97	22
139	147	93	22
139	148	98	22
139	149	88	22
140	129	7	22
140	131	100	22
140	139	89	22
140	141	100	22
140	142	100	22
140	143	100	22
140	147	99	22
141	102	4	22
141	105	2	22
141	125	81	22
141	128	2	22
141	129	13	22
141	130	68	22
141	131	97	22
141	139	100	22
141	140	89	22
141	142	97	22
141	143	93	22
141	144	96	22
141	146	99	22
141	147	99	22
141	148	73	22
142	114	47	22
142	120	96	22
142	128	95	22
142	129	96	22
142	131	13	22
142	136	11	22
142	139	12	22
142	140	82	22
142	141	96	22
142	143	89	22
142	147	93	22
143	105	5	22
143	109	94	22
143	113	96	22
143	122	59	22
143	127	95	22
143	129	6	22
143	131	95	22
143	139	99	22
143	140	100	22
143	141	100	22
143	142	96	22
143	144	96	22
143	147	96	22
143	148	97	22
144	101	76	22
144	105	91	22
144	108	100	22
144	109	92	22
144	111	41	22
144	112	98	22
144	113	90	22
144	116	96	22
144	117	94	22
144	118	3	22
144	119	96	22
144	122	96	22
144	125	88	22
144	126	38	22
144	127	100	22
144	130	95	22
144	131	95	22
144	133	93	22
144	138	98	22
144	139	100	22
144	141	92	22
144	143	91	22
144	146	100	22
144	148	98	22
146	102	99	22
146	103	23	22
146	105	14	22
146	110	92	22
146	111	6	22
146	112	92	22
146	113	97	22
146	114	5	22
146	115	100	22
146	116	88	22
146	117	100	22
146	118	13	22
146	119	90	22
146	125	5	22
146	126	41	22
146	127	81	22
146	130	95	22
146	131	94	22
146	133	27	22
146	138	94	22
146	139	92	22
146	141	96	22
146	144	100	22
146	148	96	22
146	149	93	22
147	129	42	22
147	131	100	22
147	139	93	22
147	140	95	22
147	141	96	22
147	142	98	22
147	143	100	22
148	102	94	22
148	103	91	22
148	105	93	22
148	108	85	22
148	109	89	22
148	111	25	22
148	112	100	22
148	113	88	22
148	115	25	22
148	116	90	22
148	117	96	22
148	121	92	22
148	122	24	22
148	125	95	22
148	126	94	22
148	130	96	22
148	131	11	22
148	138	98	22
148	139	100	22
148	141	29	22
148	143	89	22
148	144	95	22
148	146	92	22
148	149	52	22
149	109	16	22
149	110	100	22
149	112	95	22
149	113	88	22
149	115	96	22
149	117	96	22
149	119	100	22
149	125	94	22
149	129	68	22
149	130	100	22
149	131	93	22
149	135	99	22
149	139	88	22
149	143	16	22
149	146	90	22
149	148	70	22
100	101	95	21
100	105	92	21
100	106	28	21
100	108	98	21
100	116	90	21
100	118	93	21
100	121	82	21
100	122	95	21
100	127	98	21
100	133	70	21
100	144	69	21
101	100	96	21
101	102	94	21
101	105	94	21
101	106	83	21
101	107	92	21
101	108	96	21
101	109	94	21
101	116	48	21
101	118	80	21
101	121	100	21
101	122	98	21
101	127	89	21
101	133	19	21
102	101	88	21
102	103	88	21
102	105	96	21
102	107	96	21
102	108	100	21
102	109	100	21
102	111	93	21
102	113	97	21
102	116	94	21
102	117	41	21
102	118	97	21
102	121	86	21
102	122	86	21
102	125	100	21
102	126	41	21
102	127	96	21
102	130	45	21
102	133	100	21
102	138	96	21
102	144	90	21
102	146	97	21
103	102	45	21
103	106	57	21
103	107	65	21
103	109	88	21
103	111	99	21
103	116	100	21
103	118	100	21
103	121	96	21
103	122	84	21
103	123	98	21
103	124	93	21
103	126	96	21
103	131	31	21
103	133	97	21
103	138	96	21
103	144	31	21
104	106	73	21
104	111	92	21
104	116	76	21
104	121	85	21
104	123	87	21
104	125	100	21
104	126	93	21
104	138	100	21
105	100	91	21
105	101	90	21
105	102	91	21
105	107	81	21
105	108	90	21
105	109	100	21
105	113	100	21
105	116	53	21
105	118	54	21
105	122	95	21
105	125	5	21
105	127	92	21
105	133	91	21
105	139	93	21
105	143	96	21
105	144	99	21
105	146	100	21
105	148	93	21
106	101	66	21
106	103	52	21
106	104	60	21
106	107	7	21
106	108	79	21
106	111	85	21
106	116	61	21
106	118	93	21
106	121	97	21
106	123	98	21
106	124	93	21
106	126	98	21
106	133	10	21
106	138	61	21
107	100	8	21
107	101	92	21
107	102	91	21
107	103	84	21
107	105	54	21
107	108	89	21
107	109	68	21
107	116	86	21
107	118	100	21
107	121	87	21
107	122	31	21
107	124	74	21
107	127	0	21
107	133	49	21
107	144	45	21
108	100	92	21
108	101	95	21
108	102	100	21
108	103	63	21
108	105	96	21
108	106	100	21
108	107	100	21
108	109	100	21
108	116	98	21
108	118	100	21
108	121	99	21
108	122	85	21
108	124	2	21
108	127	92	21
108	133	97	21
108	138	100	21
108	144	87	21
108	146	99	21
109	101	94	21
109	102	97	21
109	103	100	21
109	105	93	21
109	107	75	21
109	108	97	21
109	111	0	21
109	112	100	21
109	113	85	21
109	116	100	21
109	117	0	21
109	118	93	21
109	122	94	21
109	125	98	21
109	126	97	21
109	127	100	21
109	130	82	21
109	133	88	21
109	138	98	21
109	139	100	21
109	141	22	21
109	143	98	21
109	144	97	21
109	146	0	21
109	148	96	21
110	112	93	21
110	113	9	21
110	114	91	21
110	115	91	21
110	117	94	21
110	119	99	21
110	125	39	21
110	128	57	21
110	130	88	21
110	131	100	21
110	135	100	21
110	137	99	21
110	139	47	21
110	146	87	21
110	149	100	21
111	102	13	21
111	103	100	21
111	104	96	21
111	106	86	21
111	113	9	21
111	116	100	21
111	117	91	21
111	118	32	21
111	121	96	21
111	123	92	21
111	124	40	21
111	125	88	21
111	126	98	21
111	133	100	21
111	138	100	21
111	144	4	21
112	109	90	21
112	110	100	21
112	113	89	21
112	114	94	21
112	115	90	21
112	116	78	21
112	117	100	21
112	119	95	21
112	126	94	21
112	130	98	21
112	131	98	21
112	133	93	21
112	135	97	21
112	138	100	21
112	139	98	21
112	144	100	21
112	146	97	21
112	148	0	21
112	149	90	21
113	102	68	21
113	105	89	21
113	109	92	21
113	110	89	21
113	111	51	21
113	112	70	21
113	116	54	21
113	117	94	21
113	119	94	21
113	125	99	21
113	126	92	21
113	127	32	21
113	130	100	21
113	131	98	21
113	135	93	21
113	138	96	21
113	139	91	21
113	144	96	21
113	146	94	21
113	148	55	21
113	149	92	21
114	110	100	21
114	112	100	21
114	115	97	21
114	117	95	21
114	119	100	21
114	128	93	21
114	129	97	21
114	131	10	21
114	135	100	21
114	136	100	21
114	137	93	21
115	110	99	21
115	112	100	21
115	114	97	21
115	117	97	21
115	119	100	21
115	125	99	21
115	131	100	21
115	135	92	21
115	137	98	21
115	138	84	21
115	139	85	21
115	146	54	21
115	149	100	21
116	100	4	21
116	101	79	21
116	102	92	21
116	103	100	21
116	105	9	21
116	106	47	21
116	107	88	21
116	108	97	21
116	109	95	21
116	111	100	21
116	117	64	21
116	118	100	21
116	121	89	21
116	122	97	21
116	125	100	21
116	126	61	21
116	133	98	21
116	138	97	21
116	144	94	21
116	146	97	21
116	148	100	21
117	110	100	21
117	111	90	21
117	112	100	21
117	113	99	21
117	114	97	21
117	115	100	21
117	116	92	21
117	118	83	21
117	119	61	21
117	125	96	21
117	126	100	21
117	130	92	21
117	131	100	21
117	133	3	21
117	135	6	21
117	138	100	21
117	144	94	21
117	146	89	21
117	149	96	21
118	100	86	21
118	101	5	21
118	102	91	21
118	103	98	21
118	105	23	21
118	106	100	21
118	107	97	21
118	108	93	21
118	109	91	21
118	111	90	21
118	116	100	21
118	117	99	21
118	121	98	21
118	122	89	21
118	123	100	21
118	124	84	21
118	125	12	21
118	126	40	21
118	127	96	21
118	131	28	21
118	133	97	21
118	138	91	21
118	144	79	21
118	146	39	21
119	110	97	21
119	112	81	21
119	113	97	21
119	114	100	21
119	115	100	21
119	117	73	21
119	120	100	21
119	128	100	21
119	129	38	21
119	131	96	21
119	135	100	21
119	136	98	21
119	149	98	21
120	110	95	21
120	114	97	21
120	119	91	21
120	128	100	21
120	129	100	21
120	136	100	21
121	101	99	21
121	102	92	21
121	103	94	21
121	104	98	21
121	106	95	21
121	107	99	21
121	108	94	21
121	111	100	21
121	116	94	21
121	118	88	21
121	122	94	21
121	123	95	21
121	124	90	21
121	125	4	21
121	126	96	21
121	133	98	21
121	138	100	21
122	100	99	21
122	101	92	21
122	102	94	21
122	103	89	21
122	105	93	21
122	106	1	21
122	107	73	21
122	108	98	21
122	109	97	21
122	116	97	21
122	118	100	21
122	121	100	21
122	123	99	21
122	127	98	21
122	131	9	21
122	133	64	21
122	143	83	21
122	144	100	21
122	146	82	21
123	101	0	21
123	103	94	21
123	104	98	21
123	106	99	21
123	111	100	21
123	118	100	21
123	121	97	21
123	122	71	21
123	124	89	21
123	126	100	21
123	138	54	21
124	101	83	21
124	103	94	21
124	106	100	21
124	111	92	21
124	118	94	21
124	121	92	21
124	123	94	21
124	126	100	21
124	133	100	21
125	102	87	21
125	103	35	21
125	104	87	21
125	105	36	21
125	109	95	21
125	110	99	21
125	111	84	21
125	113	99	21
125	115	96	21
125	116	98	21
125	117	99	21
125	118	79	21
125	121	63	21
125	126	86	21
125	130	99	21
125	133	85	21
125	138	99	21
125	139	74	21
125	144	87	21
125	146	69	21
125	148	99	21
126	103	97	21
126	104	100	21
126	106	100	21
126	109	35	21
126	111	93	21
126	112	100	21
126	113	100	21
126	116	88	21
126	117	100	21
126	118	3	21
126	121	100	21
126	123	97	21
126	124	98	21
126	125	99	21
126	138	100	21
126	146	75	21
127	100	96	21
127	101	88	21
127	102	94	21
127	105	97	21
127	107	21	21
127	108	94	21
127	109	96	21
127	113	5	21
127	116	15	21
127	118	26	21
127	122	100	21
127	139	78	21
127	143	87	21
127	144	95	21
128	110	85	21
128	114	100	21
128	119	98	21
128	120	89	21
128	129	94	21
128	131	13	21
128	135	14	21
128	149	85	21
129	110	2	21
129	114	96	21
129	120	96	21
129	128	97	21
129	131	73	21
129	136	92	21
129	140	100	21
129	142	93	21
129	143	6	21
130	102	85	21
130	105	11	21
130	109	92	21
130	110	98	21
130	111	99	21
130	112	96	21
130	113	94	21
130	114	93	21
130	115	97	21
130	116	85	21
130	117	100	21
130	122	0	21
130	125	91	21
130	126	90	21
130	131	100	21
130	133	83	21
130	135	16	21
130	138	98	21
130	139	96	21
130	144	96	21
130	146	95	21
130	148	100	21
130	149	93	21
131	103	56	21
131	110	98	21
131	112	96	21
131	113	91	21
131	114	40	21
131	115	100	21
131	117	98	21
131	119	100	21
131	129	0	21
131	130	100	21
131	135	52	21
131	139	94	21
131	140	96	21
131	141	100	21
131	142	90	21
131	144	100	21
131	147	97	21
131	149	100	21
132	114	93	21
132	119	93	21
132	120	97	21
132	128	96	21
132	129	94	21
132	135	100	21
132	136	93	21
132	142	73	21
133	101	82	21
133	102	91	21
133	103	96	21
133	105	82	21
133	106	49	21
133	107	31	21
133	108	100	21
133	109	95	21
133	111	89	21
133	112	95	21
133	116	100	21
133	118	98	21
133	121	94	21
133	122	67	21
133	124	92	21
133	125	98	21
133	130	100	21
133	131	6	21
133	138	98	21
133	144	96	21
133	146	65	21
135	110	99	21
135	112	89	21
135	114	94	21
135	115	95	21
135	119	100	21
135	131	62	21
135	136	96	21
135	137	99	21
136	114	92	21
136	119	83	21
136	120	95	21
136	129	96	21
136	135	100	21
137	110	98	21
137	112	32	21
137	114	97	21
137	115	100	21
137	117	88	21
137	135	92	21
138	102	85	21
138	103	89	21
138	104	97	21
138	106	6	21
138	109	82	21
138	111	93	21
138	112	61	21
138	113	96	21
138	116	96	21
138	117	100	21
138	121	97	21
138	123	68	21
138	125	95	21
138	126	100	21
138	130	100	21
138	133	84	21
138	144	91	21
138	148	42	21
139	105	96	21
139	109	87	21
139	110	88	21
139	112	100	21
139	113	0	21
139	115	0	21
139	125	8	21
139	127	2	21
139	130	61	21
139	131	100	21
139	140	96	21
139	141	96	21
139	143	99	21
139	144	100	21
139	146	96	21
139	147	13	21
139	148	96	21
140	129	60	21
140	131	97	21
140	139	92	21
140	141	100	21
140	142	100	21
140	143	100	21
140	147	43	21
141	105	5	21
141	109	90	21
141	129	94	21
141	131	99	21
141	139	100	21
141	140	98	21
141	142	96	21
141	143	99	21
141	144	94	21
141	146	97	21
141	147	95	21
142	114	34	21
142	129	90	21
142	131	92	21
142	139	2	21
142	140	96	21
142	141	64	21
142	143	100	21
142	147	95	21
143	105	93	21
143	109	86	21
143	122	13	21
143	127	52	21
143	129	6	21
143	131	11	21
143	139	97	21
143	140	97	21
143	141	97	21
143	142	100	21
143	144	97	21
143	146	90	21
143	147	100	21
143	148	9	21
144	102	12	21
144	103	82	21
144	105	88	21
144	107	1	21
144	108	0	21
144	109	94	21
144	112	79	21
144	113	94	21
144	116	100	21
144	117	100	21
144	118	29	21
144	122	81	21
144	125	91	21
144	127	89	21
144	130	99	21
144	131	91	21
144	133	83	21
144	138	88	21
144	139	90	21
144	141	96	21
144	143	96	21
144	146	98	21
144	148	98	21
146	102	79	21
146	105	92	21
146	108	96	21
146	109	5	21
146	110	98	21
146	112	92	21
146	113	100	21
146	116	86	21
146	117	96	21
146	118	11	21
146	122	13	21
146	125	22	21
146	126	87	21
146	127	8	21
146	130	100	21
146	131	50	21
146	133	30	21
146	139	92	21
146	141	100	21
146	143	87	21
146	144	90	21
146	148	99	21
146	149	92	21
147	131	87	21
147	139	93	21
147	140	40	21
147	141	100	21
147	142	100	21
147	143	100	21
148	102	0	21
148	103	94	21
148	105	96	21
148	109	82	21
148	110	12	21
148	112	76	21
148	113	30	21
148	116	99	21
148	117	99	21
148	121	88	21
148	123	73	21
148	125	100	21
148	126	91	21
148	130	100	21
148	138	100	21
148	139	97	21
148	143	96	21
148	144	95	21
148	146	100	21
148	149	93	21
149	110	100	21
149	112	80	21
149	113	100	21
149	114	90	21
149	115	99	21
149	117	100	21
149	119	94	21
149	128	94	21
149	129	16	21
149	130	94	21
149	131	96	21
149	135	100	21
149	138	3	21
149	140	14	21
149	146	97	21
149	148	81	21
100	101	100	20
100	102	93	20
100	106	58	20
100	107	98	20
100	108	96	20
100	109	12	20
100	116	92	20
100	118	98	20
100	121	3	20
100	122	96	20
100	124	10	20
100	127	96	20
100	133	92	20
100	144	100	20
101	100	93	20
101	102	100	20
101	105	36	20
101	106	100	20
101	107	100	20
101	108	100	20
101	109	100	20
101	116	100	20
101	118	100	20
101	121	98	20
101	122	100	20
101	123	100	20
101	127	100	20
101	144	35	20
101	146	33	20
102	100	92	20
102	101	100	20
102	103	100	20
102	105	98	20
102	107	98	20
102	108	100	20
102	109	100	20
102	111	100	20
102	113	95	20
102	116	94	20
102	118	95	20
102	121	96	20
102	122	100	20
102	124	99	20
102	125	98	20
102	126	96	20
102	127	98	20
102	130	99	20
102	133	100	20
102	138	98	20
102	139	90	20
102	146	31	20
102	148	99	20
103	101	0	20
103	102	95	20
103	104	96	20
103	106	90	20
103	108	95	20
103	109	98	20
103	111	95	20
103	113	93	20
103	116	94	20
103	117	64	20
103	118	100	20
103	121	93	20
103	122	83	20
103	123	100	20
103	124	92	20
103	130	100	20
103	131	95	20
103	133	98	20
103	138	94	20
103	148	99	20
104	103	91	20
104	106	98	20
104	108	14	20
104	111	100	20
104	112	82	20
104	113	43	20
104	116	100	20
104	121	100	20
104	123	100	20
104	124	96	20
104	125	96	20
104	126	100	20
104	138	26	20
105	100	37	20
105	101	87	20
105	102	100	20
105	107	100	20
105	108	95	20
105	109	99	20
105	113	96	20
105	118	93	20
105	122	97	20
105	125	90	20
105	127	97	20
105	130	96	20
105	131	59	20
105	133	3	20
105	139	82	20
105	141	100	20
105	143	96	20
105	144	100	20
105	146	100	20
105	148	100	20
106	100	86	20
106	101	94	20
106	102	1	20
106	103	96	20
106	104	96	20
106	108	100	20
106	111	94	20
106	116	100	20
106	118	99	20
106	121	95	20
106	123	96	20
106	124	99	20
106	125	75	20
106	126	93	20
106	130	89	20
106	133	97	20
107	100	92	20
107	101	94	20
107	102	98	20
107	105	96	20
107	106	12	20
107	108	92	20
107	109	100	20
107	111	53	20
107	116	77	20
107	118	98	20
107	121	98	20
107	122	100	20
107	123	95	20
107	124	95	20
107	125	11	20
107	127	2	20
107	130	11	20
107	133	98	20
107	148	18	20
108	100	92	20
108	101	98	20
108	102	97	20
108	103	100	20
108	104	9	20
108	105	42	20
108	106	97	20
108	107	100	20
108	109	97	20
108	112	33	20
108	116	100	20
108	117	14	20
108	118	97	20
108	121	91	20
108	122	97	20
108	123	57	20
108	124	97	20
108	125	97	20
108	126	97	20
108	127	100	20
108	130	100	20
108	133	95	20
108	138	94	20
108	139	97	20
108	144	98	20
108	146	92	20
108	148	96	20
109	100	79	20
109	101	100	20
109	102	92	20
109	103	92	20
109	105	98	20
109	107	92	20
109	108	99	20
109	111	82	20
109	112	96	20
109	113	10	20
109	115	91	20
109	116	99	20
109	117	96	20
109	118	96	20
109	122	94	20
109	125	100	20
109	127	96	20
109	131	64	20
109	133	88	20
109	138	92	20
109	139	98	20
109	141	95	20
109	143	93	20
109	144	98	20
109	146	74	20
109	148	96	20
110	112	100	20
110	113	99	20
110	114	96	20
110	115	100	20
110	117	100	20
110	119	97	20
110	120	100	20
110	125	100	20
110	128	100	20
110	130	100	20
110	131	96	20
110	135	95	20
110	137	99	20
110	138	90	20
110	146	100	20
110	149	100	20
111	102	93	20
111	103	94	20
111	104	95	20
111	106	100	20
111	107	87	20
111	109	8	20
111	113	98	20
111	116	95	20
111	117	23	20
111	118	48	20
111	121	100	20
111	123	100	20
111	124	74	20
111	125	3	20
111	126	96	20
111	130	99	20
111	133	95	20
111	138	96	20
111	144	100	20
111	148	4	20
112	104	98	20
112	108	34	20
112	109	94	20
112	110	100	20
112	113	97	20
112	114	100	20
112	115	93	20
112	116	97	20
112	117	100	20
112	118	36	20
112	119	98	20
112	125	100	20
112	126	97	20
112	130	100	20
112	131	99	20
112	135	96	20
112	137	97	20
112	138	98	20
112	139	94	20
112	143	89	20
112	144	0	20
112	146	93	20
112	148	87	20
112	149	92	20
113	102	97	20
113	103	96	20
113	104	27	20
113	105	95	20
113	110	96	20
113	111	75	20
113	112	100	20
113	114	44	20
113	115	93	20
113	116	87	20
113	117	95	20
113	118	25	20
113	119	94	20
113	121	3	20
113	125	97	20
113	126	97	20
113	127	68	20
113	130	100	20
113	131	98	20
113	133	98	20
113	137	6	20
113	138	95	20
113	139	96	20
113	143	89	20
113	144	97	20
113	146	96	20
113	148	87	20
113	149	98	20
114	110	100	20
114	112	100	20
114	113	73	20
114	115	99	20
114	117	91	20
114	119	94	20
114	120	100	20
114	125	5	20
114	128	96	20
114	130	94	20
114	131	79	20
114	135	100	20
114	136	99	20
114	137	92	20
115	110	100	20
115	112	95	20
115	113	94	20
115	114	100	20
115	117	98	20
115	119	98	20
115	125	100	20
115	130	96	20
115	131	96	20
115	135	100	20
115	136	19	20
115	137	100	20
115	138	59	20
115	139	33	20
115	144	0	20
115	149	99	20
116	100	100	20
116	101	100	20
116	102	99	20
116	103	96	20
116	104	100	20
116	106	97	20
116	107	63	20
116	108	100	20
116	109	97	20
116	111	94	20
116	112	98	20
116	113	97	20
116	117	100	20
116	118	97	20
116	121	98	20
116	122	96	20
116	123	25	20
116	124	66	20
116	125	100	20
116	126	87	20
116	130	98	20
116	133	99	20
116	138	95	20
116	144	94	20
116	146	26	20
116	148	100	20
117	103	88	20
117	108	5	20
117	109	43	20
117	110	100	20
117	111	2	20
117	112	97	20
117	113	100	20
117	114	97	20
117	115	94	20
117	116	100	20
117	118	90	20
117	119	97	20
117	120	3	20
117	125	100	20
117	126	100	20
117	130	100	20
117	131	95	20
117	133	99	20
117	137	62	20
117	138	99	20
117	143	1	20
117	144	100	20
117	146	98	20
117	148	99	20
117	149	95	20
118	100	95	20
118	101	100	20
118	102	100	20
118	103	100	20
118	104	0	20
118	105	88	20
118	106	90	20
118	107	99	20
118	108	99	20
118	111	9	20
118	112	4	20
118	116	97	20
118	117	93	20
118	121	95	20
118	122	65	20
118	123	92	20
118	124	98	20
118	125	100	20
118	126	5	20
118	127	100	20
118	130	89	20
118	131	95	20
118	133	99	20
118	144	99	20
118	148	95	20
119	110	96	20
119	112	97	20
119	113	100	20
119	114	95	20
119	115	99	20
119	117	98	20
119	120	100	20
119	125	84	20
119	128	96	20
119	131	100	20
119	135	96	20
119	136	98	20
119	137	100	20
119	144	94	20
119	148	99	20
119	149	99	20
120	110	92	20
120	114	100	20
120	117	12	20
120	119	93	20
120	128	98	20
120	129	90	20
120	135	62	20
120	136	100	20
120	142	53	20
121	100	84	20
121	101	100	20
121	102	97	20
121	103	100	20
121	104	96	20
121	106	98	20
121	107	98	20
121	108	98	20
121	111	100	20
121	113	41	20
121	116	98	20
121	118	100	20
121	122	99	20
121	123	93	20
121	124	98	20
121	126	96	20
121	127	0	20
121	130	99	20
121	133	97	20
121	138	100	20
122	100	98	20
122	101	91	20
122	102	98	20
122	103	91	20
122	105	99	20
122	107	99	20
122	108	100	20
122	109	97	20
122	116	100	20
122	117	66	20
122	118	97	20
122	121	96	20
122	123	43	20
122	125	98	20
122	127	100	20
122	131	7	20
122	133	48	20
122	139	46	20
122	143	100	20
122	144	99	20
122	146	98	20
123	101	83	20
123	103	99	20
123	104	100	20
123	106	98	20
123	107	99	20
123	108	91	20
123	111	94	20
123	116	46	20
123	118	99	20
123	121	100	20
123	124	97	20
123	125	100	20
123	126	98	20
123	130	77	20
123	138	96	20
123	148	95	20
124	102	100	20
124	103	99	20
124	104	38	20
124	106	100	20
124	107	100	20
124	108	91	20
124	111	98	20
124	116	95	20
124	118	98	20
124	121	100	20
124	123	99	20
124	125	16	20
124	126	97	20
124	133	95	20
124	138	84	20
125	102	98	20
125	104	95	20
125	105	78	20
125	106	27	20
125	108	68	20
125	109	100	20
125	110	94	20
125	112	100	20
125	113	96	20
125	114	21	20
125	115	100	20
125	116	100	20
125	117	100	20
125	118	86	20
125	119	18	20
125	123	94	20
125	124	15	20
125	126	97	20
125	130	92	20
125	131	99	20
125	133	97	20
125	138	94	20
125	139	93	20
125	144	100	20
125	146	99	20
125	148	99	20
126	102	100	20
126	104	99	20
126	106	98	20
126	108	90	20
126	111	100	20
126	112	100	20
126	113	100	20
126	116	96	20
126	117	88	20
126	121	95	20
126	123	100	20
126	124	98	20
126	125	99	20
126	130	99	20
126	138	99	20
126	146	94	20
126	148	99	20
127	100	99	20
127	101	98	20
127	102	100	20
127	105	96	20
127	107	95	20
127	108	96	20
127	109	94	20
127	112	0	20
127	113	96	20
127	116	0	20
127	118	100	20
127	121	7	20
127	122	97	20
127	125	75	20
127	133	100	20
127	138	29	20
127	139	100	20
127	143	57	20
127	144	96	20
128	110	94	20
128	114	97	20
128	119	100	20
128	120	99	20
128	129	96	20
128	131	93	20
128	135	14	20
128	136	22	20
128	142	96	20
128	149	96	20
129	114	96	20
129	120	98	20
129	128	95	20
129	131	2	20
129	136	100	20
129	139	57	20
129	140	100	20
129	141	97	20
129	142	99	20
129	143	29	20
129	147	58	20
130	102	100	20
130	103	91	20
130	105	44	20
130	106	40	20
130	107	6	20
130	108	99	20
130	110	98	20
130	111	91	20
130	112	98	20
130	113	100	20
130	114	83	20
130	115	100	20
130	116	96	20
130	117	89	20
130	118	51	20
130	121	92	20
130	123	35	20
130	125	95	20
130	126	98	20
130	131	100	20
130	133	98	20
130	135	29	20
130	138	100	20
130	139	99	20
130	144	100	20
130	146	95	20
130	148	100	20
130	149	96	20
131	103	98	20
131	110	97	20
131	112	98	20
131	113	98	20
131	114	92	20
131	115	96	20
131	117	96	20
131	118	77	20
131	119	89	20
131	125	100	20
131	128	100	20
131	130	100	20
131	133	67	20
131	135	100	20
131	138	25	20
131	139	100	20
131	140	99	20
131	141	100	20
131	143	19	20
131	144	4	20
131	146	3	20
131	147	98	20
131	149	95	20
132	114	100	20
132	115	96	20
132	119	99	20
132	120	100	20
132	128	100	20
132	129	96	20
132	135	99	20
132	136	94	20
132	137	100	20
132	142	9	20
132	149	94	20
133	100	93	20
133	101	36	20
133	102	96	20
133	103	100	20
133	104	7	20
133	106	95	20
133	107	73	20
133	108	90	20
133	109	92	20
133	111	97	20
133	113	91	20
133	116	95	20
133	117	99	20
133	118	99	20
133	121	91	20
133	124	95	20
133	125	88	20
133	127	100	20
133	130	95	20
133	131	98	20
133	138	100	20
133	144	97	20
133	146	91	20
133	148	100	20
135	110	100	20
135	112	100	20
135	114	96	20
135	115	95	20
135	119	96	20
135	120	16	20
135	130	72	20
135	131	92	20
135	136	90	20
135	137	98	20
135	149	12	20
136	114	100	20
136	115	5	20
136	119	97	20
136	120	100	20
136	128	20	20
136	129	100	20
136	135	94	20
136	137	92	20
137	110	100	20
137	112	93	20
137	113	74	20
137	114	97	20
137	115	94	20
137	117	36	20
137	119	100	20
137	135	94	20
137	136	99	20
138	102	94	20
138	103	97	20
138	105	2	20
138	106	0	20
138	108	85	20
138	109	92	20
138	110	92	20
138	111	100	20
138	112	97	20
138	113	94	20
138	115	28	20
138	116	100	20
138	117	100	20
138	121	100	20
138	123	98	20
138	124	65	20
138	125	100	20
138	126	100	20
138	130	96	20
138	131	2	20
138	133	97	20
138	144	96	20
138	146	9	20
138	148	100	20
138	149	90	20
139	102	71	20
139	105	12	20
139	108	89	20
139	109	95	20
139	112	94	20
139	113	92	20
139	114	8	20
139	115	78	20
139	116	53	20
139	125	99	20
139	127	90	20
139	129	42	20
139	130	95	20
139	131	100	20
139	140	93	20
139	141	100	20
139	142	100	20
139	143	100	20
139	144	98	20
139	146	97	20
139	147	100	20
139	148	96	20
139	149	100	20
140	129	99	20
140	131	97	20
140	139	100	20
140	141	92	20
140	142	100	20
140	143	100	20
140	147	97	20
140	149	100	20
141	105	79	20
141	109	100	20
141	113	16	20
141	119	7	20
141	129	94	20
141	131	96	20
141	139	100	20
141	140	100	20
141	142	98	20
141	143	95	20
141	144	100	20
141	146	99	20
141	147	94	20
141	148	100	20
141	149	96	20
142	114	0	20
142	120	64	20
142	128	99	20
142	129	96	20
142	139	100	20
142	140	98	20
142	141	93	20
142	143	100	20
142	146	30	20
142	147	100	20
143	105	100	20
143	109	100	20
143	112	87	20
143	113	100	20
143	117	5	20
143	122	90	20
143	129	96	20
143	130	14	20
143	131	60	20
143	139	97	20
143	140	95	20
143	141	97	20
143	142	95	20
143	144	99	20
143	146	99	20
143	147	96	20
143	148	96	20
144	100	97	20
144	101	36	20
144	102	20	20
144	105	94	20
144	108	96	20
144	109	93	20
144	111	89	20
144	113	100	20
144	116	96	20
144	117	100	20
144	118	94	20
144	119	6	20
144	122	96	20
144	125	100	20
144	126	2	20
144	127	100	20
144	130	100	20
144	133	95	20
144	138	100	20
144	139	100	20
144	141	92	20
144	143	97	20
144	146	96	20
144	148	100	20
144	149	72	20
146	101	68	20
146	102	96	20
146	105	94	20
146	108	94	20
146	109	69	20
146	110	98	20
146	112	97	20
146	113	96	20
146	116	45	20
146	117	92	20
146	122	50	20
146	125	99	20
146	126	95	20
146	130	91	20
146	138	59	20
146	139	97	20
146	141	100	20
146	142	38	20
146	143	97	20
146	144	100	20
146	148	96	20
146	149	95	20
147	131	96	20
147	139	95	20
147	140	100	20
147	141	100	20
147	142	97	20
147	143	96	20
148	102	98	20
148	103	94	20
148	105	94	20
148	107	1	20
148	108	82	20
148	109	100	20
148	112	48	20
148	113	100	20
148	116	100	20
148	117	100	20
148	118	90	20
148	119	92	20
148	123	92	20
148	125	99	20
148	126	97	20
148	130	98	20
148	133	87	20
148	138	100	20
148	139	100	20
148	140	0	20
148	141	32	20
148	143	97	20
148	144	99	20
148	146	100	20
148	149	100	20
149	110	94	20
149	112	97	20
149	113	95	20
149	115	97	20
149	117	100	20
149	119	95	20
149	128	99	20
149	130	96	20
149	131	100	20
149	135	71	20
149	138	91	20
149	139	96	20
149	140	94	20
149	141	100	20
149	144	65	20
149	146	97	20
149	148	98	20
100	101	98	15
100	102	14	15
100	105	66	15
100	107	90	15
100	109	77	15
100	118	85	15
100	121	79	15
100	122	100	15
100	124	4	15
100	127	89	15
100	133	0	15
101	100	100	15
101	102	88	15
101	103	87	15
101	105	92	15
101	106	65	15
101	107	87	15
101	108	82	15
101	109	85	15
101	116	87	15
101	118	80	15
101	121	57	15
101	122	100	15
101	123	89	15
101	124	48	15
101	127	97	15
101	133	10	15
101	144	73	15
102	100	2	15
102	101	78	15
102	103	72	15
102	105	93	15
102	107	94	15
102	108	95	15
102	109	93	15
102	112	94	15
102	113	88	15
102	116	85	15
102	117	100	15
102	118	91	15
102	122	81	15
102	125	91	15
102	127	86	15
102	130	95	15
102	131	6	15
102	133	79	15
102	138	96	15
102	139	86	15
102	144	94	15
102	146	98	15
102	148	31	15
103	100	10	15
103	101	70	15
103	102	9	15
103	104	78	15
103	106	71	15
103	108	98	15
103	109	75	15
103	111	92	15
103	113	41	15
103	116	81	15
103	118	72	15
103	121	88	15
103	123	79	15
103	124	79	15
103	125	98	15
103	126	98	15
103	127	74	15
103	130	93	15
103	131	100	15
103	133	78	15
103	138	91	15
103	144	71	15
103	148	91	15
104	103	84	15
104	106	84	15
104	111	100	15
104	116	55	15
104	118	86	15
104	121	85	15
104	123	93	15
104	125	95	15
104	126	96	15
104	138	100	15
105	100	66	15
105	101	86	15
105	102	100	15
105	107	18	15
105	108	73	15
105	109	98	15
105	113	93	15
105	116	76	15
105	118	62	15
105	121	0	15
105	122	100	15
105	126	33	15
105	127	93	15
105	133	70	15
105	138	11	15
105	139	10	15
105	141	14	15
105	143	78	15
105	144	94	15
105	146	100	15
105	148	58	15
106	101	90	15
106	103	91	15
106	104	96	15
106	107	15	15
106	108	74	15
106	111	99	15
106	116	82	15
106	117	17	15
106	118	79	15
106	121	100	15
106	123	100	15
106	124	87	15
106	126	83	15
106	133	25	15
106	138	95	15
107	100	95	15
107	101	91	15
107	102	96	15
107	105	0	15
107	108	84	15
107	109	93	15
107	111	8	15
107	116	7	15
107	118	91	15
107	121	84	15
107	122	94	15
107	124	90	15
107	127	92	15
107	133	86	15
107	144	88	15
108	100	0	15
108	101	96	15
108	102	99	15
108	103	92	15
108	105	100	15
108	106	89	15
108	107	76	15
108	109	85	15
108	111	74	15
108	112	71	15
108	113	52	15
108	116	92	15
108	117	17	15
108	118	100	15
108	121	93	15
108	122	93	15
108	124	4	15
108	125	83	15
108	126	63	15
108	127	80	15
108	130	58	15
108	133	90	15
108	138	38	15
108	139	1	15
108	144	97	15
108	146	100	15
108	148	100	15
109	100	92	15
109	101	81	15
109	102	88	15
109	103	71	15
109	105	100	15
109	107	78	15
109	108	94	15
109	113	98	15
109	116	90	15
109	117	72	15
109	118	12	15
109	122	89	15
109	125	79	15
109	127	96	15
109	130	79	15
109	133	87	15
109	138	71	15
109	139	85	15
109	143	91	15
109	144	100	15
109	146	95	15
109	147	6	15
109	148	4	15
110	112	100	15
110	113	97	15
110	114	100	15
110	115	99	15
110	117	99	15
110	119	96	15
110	125	95	15
110	128	98	15
110	130	82	15
110	131	94	15
110	135	100	15
110	137	100	15
110	146	40	15
110	149	100	15
111	103	94	15
111	104	95	15
111	106	85	15
111	107	61	15
111	108	48	15
111	113	90	15
111	116	94	15
111	118	73	15
111	121	95	15
111	123	100	15
111	124	91	15
111	125	87	15
111	126	94	15
111	130	66	15
111	138	95	15
111	144	29	15
111	148	89	15
112	102	81	15
112	108	85	15
112	109	22	15
112	110	100	15
112	113	100	15
112	114	13	15
112	115	98	15
112	116	81	15
112	117	100	15
112	125	83	15
112	126	55	15
112	130	92	15
112	131	92	15
112	133	44	15
112	135	94	15
112	138	91	15
112	139	35	15
112	143	87	15
112	144	98	15
112	146	0	15
112	148	95	15
113	102	80	15
113	105	91	15
113	108	49	15
113	109	91	15
113	110	100	15
113	111	42	15
113	112	99	15
113	116	58	15
113	117	100	15
113	118	58	15
113	121	16	15
113	125	100	15
113	126	69	15
113	127	73	15
113	130	99	15
113	131	98	15
113	133	4	15
113	138	95	15
113	139	90	15
113	143	67	15
113	144	56	15
113	146	100	15
113	148	87	15
113	149	93	15
114	110	100	15
114	113	17	15
114	115	100	15
114	117	100	15
114	119	97	15
114	120	98	15
114	128	98	15
114	130	86	15
114	131	92	15
114	135	99	15
114	136	98	15
114	137	100	15
114	139	13	15
114	148	0	15
114	149	98	15
115	110	94	15
115	112	95	15
115	114	98	15
115	117	100	15
115	119	99	15
115	125	91	15
115	130	97	15
115	131	90	15
115	135	100	15
115	144	81	15
115	146	85	15
115	149	99	15
116	101	77	15
116	102	84	15
116	103	100	15
116	104	68	15
116	105	87	15
116	106	45	15
116	107	70	15
116	108	88	15
116	109	91	15
116	111	52	15
116	112	91	15
116	113	99	15
116	117	100	15
116	118	86	15
116	121	55	15
116	122	93	15
116	123	89	15
116	124	84	15
116	125	97	15
116	126	85	15
116	127	48	15
116	130	96	15
116	131	87	15
116	133	95	15
116	138	95	15
116	139	98	15
116	144	85	15
116	146	89	15
116	148	97	15
117	102	86	15
117	108	43	15
117	109	79	15
117	110	100	15
117	112	100	15
117	113	97	15
117	114	95	15
117	115	97	15
117	116	82	15
117	119	95	15
117	121	57	15
117	122	17	15
117	125	99	15
117	126	10	15
117	128	5	15
117	130	97	15
117	131	92	15
117	133	73	15
117	138	100	15
117	139	18	15
117	144	42	15
117	146	99	15
117	148	95	15
117	149	97	15
118	100	90	15
118	101	81	15
118	102	92	15
118	103	78	15
118	104	72	15
118	106	78	15
118	107	92	15
118	108	99	15
118	109	4	15
118	111	64	15
118	113	64	15
118	116	84	15
118	121	91	15
118	122	100	15
118	123	2	15
118	124	85	15
118	125	100	15
118	126	70	15
118	127	88	15
118	131	10	15
118	133	90	15
118	146	11	15
118	148	88	15
119	110	99	15
119	114	94	15
119	115	97	15
119	117	90	15
119	120	49	15
119	125	93	15
119	128	96	15
119	129	65	15
119	130	92	15
119	135	96	15
119	136	85	15
119	137	94	15
119	139	24	15
119	144	4	15
119	148	8	15
119	149	100	15
120	114	29	15
120	119	84	15
120	128	0	15
120	129	59	15
120	135	7	15
120	136	97	15
120	142	0	15
121	100	84	15
121	101	26	15
121	103	93	15
121	104	100	15
121	106	88	15
121	107	95	15
121	108	100	15
121	111	86	15
121	113	13	15
121	116	75	15
121	117	20	15
121	118	89	15
121	122	91	15
121	123	100	15
121	124	89	15
121	125	61	15
121	126	96	15
121	133	90	15
121	138	96	15
122	100	97	15
122	101	98	15
122	102	95	15
122	105	96	15
122	107	87	15
122	108	93	15
122	109	100	15
122	113	1	15
122	116	82	15
122	117	40	15
122	118	80	15
122	121	89	15
122	127	96	15
122	130	5	15
122	133	93	15
122	138	23	15
122	139	3	15
122	143	82	15
122	144	94	15
122	148	13	15
123	101	79	15
123	103	85	15
123	104	93	15
123	106	97	15
123	107	13	15
123	111	100	15
123	116	87	15
123	118	28	15
123	121	80	15
123	124	84	15
123	125	16	15
123	126	94	15
123	138	93	15
123	148	74	15
124	100	0	15
124	101	79	15
124	103	78	15
124	106	93	15
124	107	67	15
124	111	85	15
124	116	12	15
124	118	76	15
124	121	100	15
124	123	100	15
124	126	43	15
124	133	65	15
125	102	80	15
125	103	93	15
125	104	100	15
125	108	80	15
125	109	61	15
125	110	100	15
125	111	76	15
125	112	51	15
125	113	98	15
125	115	96	15
125	116	96	15
125	117	100	15
125	118	89	15
125	119	98	15
125	123	0	15
125	126	92	15
125	127	33	15
125	130	100	15
125	131	88	15
125	133	81	15
125	138	100	15
125	144	91	15
125	146	100	15
125	148	94	15
125	149	72	15
126	103	86	15
126	104	100	15
126	106	90	15
126	111	92	15
126	112	11	15
126	113	94	15
126	116	96	15
126	118	40	15
126	121	92	15
126	123	92	15
126	125	96	15
126	130	79	15
126	138	100	15
126	144	93	15
126	146	83	15
127	100	99	15
127	101	100	15
127	102	89	15
127	103	86	15
127	105	89	15
127	107	92	15
127	109	100	15
127	113	89	15
127	116	8	15
127	118	86	15
127	122	100	15
127	125	85	15
127	133	81	15
127	143	59	15
127	144	100	15
127	148	93	15
128	110	99	15
128	113	4	15
128	114	92	15
128	117	0	15
128	119	100	15
128	129	96	15
128	131	86	15
128	135	90	15
128	136	97	15
128	141	0	15
128	142	93	15
128	149	97	15
129	119	93	15
129	120	10	15
129	128	97	15
129	131	20	15
129	136	97	15
129	140	20	15
129	141	86	15
129	142	99	15
129	143	0	15
129	147	12	15
129	149	100	15
130	102	88	15
130	103	91	15
130	105	28	15
130	108	26	15
130	109	98	15
130	110	100	15
130	111	59	15
130	112	97	15
130	113	96	15
130	114	97	15
130	115	100	15
130	116	85	15
130	117	100	15
130	119	99	15
130	125	100	15
130	126	89	15
130	131	100	15
130	133	83	15
130	138	98	15
130	139	91	15
130	141	21	15
130	146	92	15
130	148	100	15
130	149	93	15
131	103	76	15
131	110	96	15
131	112	98	15
131	113	97	15
131	114	94	15
131	115	100	15
131	116	70	15
131	117	98	15
131	125	96	15
131	128	86	15
131	129	20	15
131	130	96	15
131	139	90	15
131	140	88	15
131	141	93	15
131	142	92	15
131	143	100	15
131	147	93	15
131	149	100	15
132	110	84	15
132	114	96	15
132	115	0	15
132	119	99	15
132	120	96	15
132	128	97	15
132	135	98	15
132	136	97	15
132	142	18	15
132	149	70	15
133	100	81	15
133	101	84	15
133	102	100	15
133	103	84	15
133	105	100	15
133	106	3	15
133	107	83	15
133	108	100	15
133	109	96	15
133	111	15	15
133	112	0	15
133	113	35	15
133	116	98	15
133	117	100	15
133	118	99	15
133	121	94	15
133	122	98	15
133	123	21	15
133	124	72	15
133	125	86	15
133	127	92	15
133	130	100	15
133	138	6	15
133	139	70	15
133	144	91	15
133	146	21	15
133	148	95	15
135	110	100	15
135	112	100	15
135	114	96	15
135	115	96	15
135	119	99	15
135	128	93	15
135	136	87	15
135	137	99	15
136	114	97	15
136	119	98	15
136	120	99	15
136	128	100	15
136	129	90	15
136	135	100	15
136	142	13	15
137	110	100	15
137	112	38	15
137	114	100	15
137	115	44	15
137	117	78	15
137	119	99	15
137	120	25	15
137	135	93	15
137	136	90	15
137	149	52	15
138	102	86	15
138	103	84	15
138	104	82	15
138	105	0	15
138	106	85	15
138	109	12	15
138	111	95	15
138	112	98	15
138	113	87	15
138	116	80	15
138	117	93	15
138	121	78	15
138	123	86	15
138	125	100	15
138	126	92	15
138	130	93	15
138	133	19	15
138	139	16	15
138	144	65	15
138	146	5	15
138	148	94	15
138	149	92	15
139	102	81	15
139	109	86	15
139	112	95	15
139	113	95	15
139	114	2	15
139	116	84	15
139	117	54	15
139	119	11	15
139	122	5	15
139	130	96	15
139	131	96	15
139	133	41	15
139	138	71	15
139	140	80	15
139	141	97	15
139	142	91	15
139	143	99	15
139	144	95	15
139	146	95	15
139	147	73	15
139	148	92	15
139	149	86	15
140	129	1	15
140	131	100	15
140	139	79	15
140	141	90	15
140	142	93	15
140	143	95	15
140	147	70	15
140	149	5	15
141	109	30	15
141	112	80	15
141	128	64	15
141	129	88	15
141	130	87	15
141	131	95	15
141	139	99	15
141	140	88	15
141	142	93	15
141	143	81	15
141	144	100	15
141	146	100	15
141	147	81	15
141	148	100	15
141	149	69	15
142	128	100	15
142	129	54	15
142	131	100	15
142	136	9	15
142	139	100	15
142	140	86	15
142	141	97	15
142	143	93	15
142	147	100	15
143	105	100	15
143	109	97	15
143	112	97	15
143	113	79	15
143	122	87	15
143	125	23	15
143	127	53	15
143	129	16	15
143	131	97	15
143	139	100	15
143	140	99	15
143	141	25	15
143	142	91	15
143	144	92	15
143	146	76	15
143	147	100	15
143	149	86	15
144	101	75	15
144	102	80	15
144	103	52	15
144	105	94	15
144	107	82	15
144	108	84	15
144	109	94	15
144	110	4	15
144	112	92	15
144	113	96	15
144	115	88	15
144	116	77	15
144	117	10	15
144	118	6	15
144	122	92	15
144	125	100	15
144	126	81	15
144	127	91	15
144	131	50	15
144	133	63	15
144	138	75	15
144	139	95	15
144	141	85	15
144	143	76	15
144	146	98	15
144	148	97	15
144	149	89	15
146	101	5	15
146	102	99	15
146	103	9	15
146	105	78	15
146	107	45	15
146	108	95	15
146	109	93	15
146	110	100	15
146	111	45	15
146	113	100	15
146	115	92	15
146	116	87	15
146	117	100	15
146	118	81	15
146	121	7	15
146	125	97	15
146	126	85	15
146	130	92	15
146	131	90	15
146	133	68	15
146	138	88	15
146	139	90	15
146	141	98	15
146	142	1	15
146	143	89	15
146	144	97	15
146	147	5	15
146	148	98	15
146	149	95	15
147	128	42	15
147	129	11	15
147	131	72	15
147	139	88	15
147	140	60	15
147	141	65	15
147	142	98	15
147	143	89	15
148	103	83	15
148	105	48	15
148	108	91	15
148	109	21	15
148	111	98	15
148	112	92	15
148	113	96	15
148	114	20	15
148	115	12	15
148	116	85	15
148	117	96	15
148	118	82	15
148	119	14	15
148	123	82	15
148	125	94	15
148	127	91	15
148	130	99	15
148	131	6	15
148	133	91	15
148	138	97	15
148	139	97	15
148	141	87	15
148	143	6	15
148	144	94	15
148	146	100	15
148	149	92	15
149	110	100	15
149	113	87	15
149	114	99	15
149	115	95	15
149	117	92	15
149	119	100	15
149	125	36	15
149	128	95	15
149	129	34	15
149	130	89	15
149	131	100	15
149	138	89	15
149	139	89	15
149	144	87	15
149	146	96	15
149	147	1	15
149	148	96	15
