100	101	88	26
100	102	93	26
100	105	93	26
100	106	51	26
100	107	86	26
100	108	99	26
100	109	99	26
100	118	90	26
100	122	98	26
100	127	100	26
100	133	61	26
101	100	100	26
101	102	98	26
101	105	100	26
101	106	92	26
101	107	92	26
101	108	100	26
101	109	100	26
101	116	92	26
101	121	96	26
101	122	98	26
101	127	95	26
101	133	90	26
101	148	13	26
102	100	87	26
102	101	94	26
102	103	98	26
102	105	97	26
102	107	100	26
102	108	93	26
102	109	100	26
102	112	98	26
102	113	97	26
102	115	0	26
102	116	95	26
102	118	95	26
102	122	98	26
102	125	18	26
102	126	89	26
102	127	94	26
102	133	100	26
102	138	100	26
102	139	92	26
102	144	97	26
102	146	66	26
102	148	96	26
103	102	93	26
103	104	96	26
103	106	97	26
103	107	87	26
103	108	89	26
103	111	94	26
103	113	97	26
103	116	100	26
103	117	8	26
103	118	97	26
103	121	98	26
103	123	100	26
103	124	99	26
103	125	100	26
103	126	100	26
103	130	98	26
103	131	99	26
103	133	93	26
103	138	100	26
103	146	53	26
103	148	100	26
104	103	89	26
104	106	85	26
104	108	13	26
104	111	98	26
104	112	78	26
104	118	90	26
104	121	95	26
104	123	99	26
104	124	90	26
104	126	96	26
104	138	98	26
105	100	99	26
105	101	97	26
105	102	99	26
105	108	100	26
105	109	100	26
105	113	97	26
105	116	27	26
105	118	96	26
105	122	97	26
105	127	91	26
105	130	97	26
105	133	67	26
105	138	10	26
105	139	95	26
105	141	90	26
105	143	100	26
105	144	96	26
105	146	91	26
106	100	2	26
106	101	13	26
106	103	100	26
106	104	100	26
106	108	55	26
106	109	2	26
106	111	100	26
106	116	2	26
106	118	95	26
106	121	100	26
106	122	14	26
106	123	100	26
106	124	98	26
106	125	77	26
106	126	94	26
106	133	96	26
106	138	91	26
107	100	94	26
107	101	98	26
107	102	94	26
107	103	99	26
107	108	100	26
107	109	82	26
107	116	95	26
107	118	92	26
107	121	96	26
107	122	93	26
107	124	99	26
107	125	1	26
107	127	95	26
107	144	94	26
108	100	98	26
108	101	97	26
108	102	95	26
108	103	100	26
108	104	65	26
108	105	93	26
108	106	90	26
108	107	100	26
108	109	100	26
108	111	20	26
108	113	4	26
108	116	92	26
108	117	63	26
108	118	97	26
108	121	95	26
108	122	100	26
108	123	100	26
108	125	90	26
108	127	98	26
108	130	0	26
108	133	100	26
108	138	100	26
108	139	91	26
108	144	99	26
108	148	92	26
109	100	98	26
109	101	94	26
109	102	93	26
109	105	97	26
109	106	72	26
109	107	93	26
109	108	97	26
109	112	100	26
109	116	100	26
109	117	97	26
109	122	98	26
109	125	95	26
109	126	92	26
109	127	100	26
109	130	96	26
109	131	43	26
109	133	92	26
109	138	96	26
109	139	33	26
109	143	75	26
109	144	100	26
109	147	9	26
109	148	99	26
110	112	96	26
110	113	99	26
110	114	96	26
110	115	99	26
110	119	97	26
110	125	96	26
110	128	96	26
110	130	100	26
110	131	100	26
110	135	100	26
110	136	5	26
110	137	100	26
110	139	16	26
110	146	99	26
110	149	100	26
111	103	99	26
111	104	98	26
111	106	100	26
111	113	99	26
111	116	87	26
111	117	96	26
111	118	92	26
111	121	100	26
111	123	92	26
111	124	92	26
111	125	57	26
111	126	100	26
111	133	100	26
111	138	100	26
111	148	87	26
112	102	96	26
112	104	50	26
112	109	89	26
112	110	100	26
112	113	95	26
112	115	97	26
112	116	94	26
112	117	99	26
112	119	94	26
112	125	100	26
112	128	99	26
112	130	100	26
112	131	90	26
112	133	91	26
112	138	96	26
112	139	7	26
112	144	8	26
112	146	65	26
112	148	98	26
112	149	95	26
113	102	100	26
113	103	96	26
113	105	20	26
113	110	100	26
113	111	83	26
113	112	100	26
113	115	100	26
113	116	100	26
113	117	91	26
113	118	99	26
113	119	94	26
113	121	89	26
113	122	97	26
113	125	99	26
113	130	99	26
113	131	94	26
113	133	89	26
113	138	100	26
113	139	97	26
113	143	17	26
113	144	100	26
113	146	97	26
113	148	96	26
113	149	100	26
114	110	100	26
114	115	15	26
114	117	37	26
114	119	99	26
114	120	95	26
114	125	51	26
114	128	96	26
114	129	33	26
114	130	38	26
114	135	93	26
114	136	94	26
114	137	100	26
114	146	15	26
115	110	96	26
115	112	27	26
115	113	96	26
115	114	8	26
115	117	98	26
115	119	100	26
115	125	100	26
115	128	0	26
115	130	95	26
115	131	94	26
115	138	89	26
115	141	10	26
115	146	95	26
115	149	97	26
116	101	97	26
116	102	100	26
116	103	99	26
116	104	4	26
116	107	85	26
116	108	93	26
116	109	95	26
116	111	92	26
116	112	96	26
116	113	95	26
116	115	5	26
116	117	99	26
116	118	100	26
116	122	97	26
116	123	74	26
116	125	100	26
116	126	94	26
116	127	90	26
116	130	99	26
116	133	82	26
116	138	100	26
116	139	96	26
116	144	97	26
116	146	91	26
116	148	100	26
116	149	25	26
117	108	48	26
117	109	99	26
117	110	10	26
117	111	100	26
117	112	97	26
117	113	100	26
117	115	98	26
117	116	98	26
117	118	1	26
117	119	100	26
117	120	10	26
117	125	100	26
117	126	94	26
117	130	98	26
117	131	93	26
117	133	91	26
117	135	80	26
117	137	96	26
117	138	100	26
117	139	33	26
117	144	92	26
117	146	94	26
117	148	99	26
117	149	99	26
118	100	96	26
118	102	93	26
118	103	100	26
118	104	96	26
118	105	2	26
118	106	99	26
118	107	96	26
118	108	96	26
118	111	98	26
118	112	1	26
118	113	97	26
118	116	100	26
118	117	14	26
118	121	100	26
118	122	100	26
118	123	100	26
118	124	88	26
118	125	97	26
118	126	87	26
118	127	11	26
118	130	94	26
118	131	5	26
118	133	90	26
118	138	99	26
118	144	100	26
118	146	98	26
119	110	100	26
119	112	98	26
119	113	95	26
119	114	95	26
119	115	96	26
119	117	95	26
119	120	100	26
119	128	90	26
119	129	100	26
119	130	43	26
119	131	97	26
119	135	98	26
119	136	95	26
119	137	96	26
119	139	3	26
119	144	30	26
119	146	100	26
119	148	95	26
119	149	100	26
120	114	97	26
120	119	87	26
120	128	95	26
120	129	91	26
120	135	98	26
120	136	96	26
120	142	94	26
121	101	99	26
121	103	94	26
121	104	95	26
121	106	100	26
121	107	95	26
121	108	87	26
121	111	94	26
121	113	91	26
121	118	96	26
121	123	96	26
121	124	100	26
121	125	15	26
121	126	93	26
121	133	91	26
121	138	100	26
121	148	4	26
122	100	100	26
122	101	96	26
122	102	93	26
122	105	97	26
122	106	93	26
122	107	100	26
122	108	100	26
122	109	100	26
122	113	96	26
122	116	100	26
122	117	86	26
122	118	100	26
122	121	0	26
122	123	88	26
122	124	100	26
122	125	96	26
122	127	89	26
122	130	0	26
122	133	100	26
122	139	45	26
122	143	98	26
122	144	92	26
122	148	90	26
123	103	100	26
123	104	97	26
123	106	93	26
123	108	96	26
123	111	100	26
123	112	9	26
123	116	57	26
123	118	89	26
123	121	100	26
123	122	3	26
123	124	100	26
123	126	97	26
123	130	41	26
123	133	30	26
123	138	100	26
123	148	57	26
124	103	100	26
124	104	98	26
124	106	97	26
124	107	97	26
124	111	94	26
124	118	100	26
124	121	100	26
124	123	100	26
124	126	67	26
124	138	28	26
125	102	57	26
125	103	100	26
125	106	24	26
125	108	79	26
125	109	99	26
125	110	94	26
125	111	45	26
125	112	97	26
125	113	99	26
125	114	4	26
125	115	97	26
125	116	98	26
125	117	100	26
125	118	90	26
125	121	10	26
125	122	65	26
125	126	100	26
125	127	8	26
125	130	98	26
125	131	98	26
125	133	99	26
125	138	96	26
125	139	4	26
125	144	11	26
125	148	99	26
125	149	100	26
126	102	91	26
126	103	98	26
126	104	100	26
126	106	97	26
126	109	62	26
126	110	0	26
126	111	100	26
126	113	83	26
126	116	96	26
126	117	99	26
126	118	100	26
126	121	100	26
126	123	90	26
126	124	100	26
126	125	100	26
126	133	7	26
126	138	92	26
126	144	88	26
126	146	98	26
126	148	96	26
127	100	89	26
127	101	98	26
127	102	94	26
127	105	100	26
127	107	100	26
127	108	100	26
127	109	100	26
127	113	98	26
127	116	94	26
127	118	92	26
127	122	96	26
127	125	74	26
127	133	68	26
127	143	16	26
127	144	95	26
127	146	91	26
127	148	100	26
128	110	57	26
128	112	89	26
128	114	96	26
128	115	5	26
128	119	97	26
128	120	100	26
128	129	100	26
128	135	99	26
128	136	3	26
128	142	100	26
128	149	100	26
129	114	60	26
129	119	100	26
129	120	90	26
129	128	100	26
129	131	100	26
129	135	3	26
129	136	96	26
129	140	78	26
129	142	98	26
129	147	100	26
130	103	94	26
130	105	58	26
130	109	99	26
130	110	92	26
130	112	100	26
130	113	100	26
130	114	8	26
130	115	98	26
130	116	97	26
130	117	100	26
130	118	92	26
130	119	26	26
130	123	32	26
130	125	100	26
130	131	97	26
130	138	99	26
130	139	94	26
130	141	43	26
130	143	94	26
130	144	100	26
130	146	98	26
130	148	100	26
130	149	70	26
131	103	92	26
131	110	96	26
131	112	91	26
131	113	89	26
131	115	100	26
131	117	100	26
131	119	100	26
131	125	100	26
131	128	0	26
131	129	32	26
131	130	100	26
131	138	32	26
131	139	97	26
131	140	97	26
131	141	97	26
131	142	97	26
131	143	88	26
131	144	83	26
131	146	92	26
131	147	19	26
131	148	94	26
131	149	100	26
132	110	80	26
132	112	7	26
132	114	98	26
132	115	96	26
132	119	100	26
132	120	100	26
132	129	95	26
132	135	97	26
132	136	100	26
132	137	97	26
133	100	18	26
133	101	100	26
133	102	100	26
133	103	82	26
133	106	89	26
133	108	89	26
133	109	68	26
133	111	99	26
133	112	91	26
133	113	100	26
133	116	70	26
133	117	98	26
133	118	99	26
133	121	97	26
133	122	98	26
133	123	59	26
133	125	100	26
133	127	2	26
133	138	99	26
133	144	98	26
133	146	96	26
133	148	95	26
135	110	97	26
135	114	100	26
135	117	100	26
135	119	96	26
135	120	100	26
135	128	100	26
135	136	89	26
135	137	100	26
135	149	96	26
136	114	93	26
136	119	93	26
136	120	98	26
136	128	86	26
136	129	96	26
136	135	97	26
136	137	3	26
136	142	3	26
137	110	100	26
137	112	6	26
137	114	100	26
137	115	81	26
137	117	92	26
137	119	100	26
137	135	100	26
137	136	3	26
138	102	55	26
138	103	98	26
138	104	96	26
138	106	91	26
138	108	89	26
138	109	96	26
138	111	94	26
138	112	97	26
138	113	94	26
138	115	95	26
138	116	91	26
138	117	98	26
138	118	92	26
138	121	95	26
138	123	94	26
138	124	4	26
138	125	96	26
138	126	100	26
138	130	96	26
138	131	25	26
138	133	92	26
138	146	86	26
138	148	97	26
139	102	54	26
139	105	99	26
139	108	54	26
139	112	2	26
139	113	94	26
139	116	90	26
139	117	27	26
139	130	93	26
139	131	100	26
139	140	95	26
139	141	100	26
139	142	100	26
139	143	97	26
139	144	100	26
139	147	95	26
139	148	91	26
139	149	87	26
140	129	0	26
140	131	92	26
140	139	89	26
140	141	99	26
140	143	97	26
140	147	97	26
141	105	46	26
141	112	5	26
141	115	80	26
141	120	5	26
141	125	3	26
141	130	40	26
141	131	100	26
141	139	100	26
141	140	100	26
141	142	96	26
141	143	100	26
141	146	97	26
141	147	85	26
141	148	100	26
141	149	97	26
142	120	100	26
142	128	100	26
142	129	98	26
142	131	94	26
142	136	94	26
142	139	89	26
142	140	0	26
142	141	100	26
142	143	100	26
142	147	97	26
143	105	95	26
143	113	80	26
143	130	76	26
143	131	100	26
143	139	100	26
143	140	100	26
143	141	98	26
143	142	100	26
143	144	82	26
143	146	100	26
143	147	99	26
144	102	93	26
144	105	99	26
144	107	93	26
144	108	100	26
144	109	100	26
144	111	7	26
144	112	74	26
144	113	100	26
144	116	96	26
144	117	97	26
144	118	96	26
144	119	79	26
144	122	100	26
144	125	65	26
144	126	71	26
144	127	96	26
144	130	97	26
144	131	99	26
144	133	98	26
144	139	98	26
144	143	79	26
144	146	100	26
144	148	100	26
146	102	98	26
146	103	89	26
146	105	96	26
146	110	93	26
146	112	100	26
146	113	93	26
146	114	81	26
146	115	99	26
146	116	100	26
146	117	96	26
146	118	86	26
146	119	100	26
146	126	97	26
146	127	92	26
146	128	96	26
146	130	98	26
146	131	97	26
146	133	97	26
146	138	91	26
146	141	100	26
146	143	94	26
146	144	91	26
146	148	97	26
146	149	94	26
147	129	97	26
147	131	86	26
147	139	100	26
147	140	98	26
147	141	89	26
147	142	98	26
147	143	96	26
148	102	100	26
148	103	87	26
148	108	100	26
148	109	97	26
148	111	74	26
148	112	99	26
148	113	96	26
148	116	90	26
148	117	93	26
148	119	93	26
148	122	72	26
148	125	98	26
148	126	91	26
148	127	92	26
148	130	94	26
148	131	100	26
148	133	96	26
148	138	97	26
148	139	96	26
148	141	92	26
148	144	100	26
148	146	90	26
148	149	100	26
149	110	100	26
149	112	97	26
149	113	90	26
149	115	95	26
149	116	13	26
149	117	99	26
149	119	100	26
149	125	98	26
149	128	100	26
149	130	89	26
149	131	94	26
149	135	95	26
149	139	94	26
149	141	100	26
149	146	100	26
149	148	91	26
100	101	60	25
100	102	94	25
100	105	55	25
100	107	94	25
100	108	93	25
100	109	97	25
100	116	77	25
100	118	100	25
100	121	96	25
100	122	99	25
100	127	95	25
100	133	5	25
100	144	16	25
101	100	34	25
101	102	100	25
101	103	63	25
101	105	92	25
101	106	97	25
101	107	100	25
101	108	96	25
101	109	96	25
101	116	96	25
101	118	93	25
101	121	90	25
101	122	100	25
101	123	4	25
101	124	18	25
101	127	99	25
101	133	99	25
101	144	23	25
102	100	93	25
102	101	96	25
102	103	97	25
102	105	97	25
102	107	100	25
102	108	93	25
102	109	100	25
102	112	56	25
102	113	88	25
102	116	100	25
102	118	94	25
102	122	98	25
102	124	100	25
102	125	88	25
102	126	76	25
102	127	98	25
102	133	100	25
102	138	100	25
102	139	97	25
102	144	99	25
102	146	91	25
102	148	63	25
103	101	98	25
103	102	96	25
103	104	100	25
103	106	95	25
103	108	92	25
103	109	100	25
103	111	100	25
103	113	97	25
103	116	99	25
103	118	97	25
103	121	97	25
103	123	98	25
103	124	100	25
103	125	38	25
103	126	95	25
103	130	93	25
103	131	0	25
103	133	100	25
103	138	97	25
103	139	95	25
103	144	32	25
103	146	90	25
104	103	92	25
104	106	100	25
104	108	13	25
104	111	95	25
104	118	61	25
104	121	97	25
104	123	100	25
104	124	97	25
104	125	71	25
104	126	100	25
104	138	98	25
105	100	100	25
105	101	99	25
105	102	95	25
105	103	52	25
105	107	96	25
105	108	100	25
105	109	100	25
105	113	92	25
105	116	88	25
105	117	8	25
105	122	100	25
105	125	91	25
105	127	100	25
105	130	100	25
105	133	100	25
105	138	98	25
105	139	89	25
105	143	94	25
105	144	100	25
105	146	99	25
105	148	6	25
106	101	99	25
106	103	94	25
106	104	98	25
106	107	3	25
106	111	99	25
106	116	15	25
106	118	100	25
106	121	96	25
106	123	100	25
106	124	92	25
106	125	100	25
106	126	5	25
106	130	37	25
106	133	100	25
106	138	91	25
107	100	94	25
107	101	98	25
107	102	93	25
107	105	100	25
107	108	96	25
107	109	100	25
107	116	100	25
107	118	100	25
107	121	100	25
107	122	94	25
107	124	100	25
107	127	98	25
107	133	100	25
107	144	92	25
107	146	77	25
108	100	100	25
108	101	100	25
108	102	99	25
108	103	96	25
108	105	98	25
108	107	100	25
108	109	95	25
108	113	96	25
108	116	97	25
108	118	100	25
108	121	95	25
108	122	100	25
108	123	80	25
108	124	100	25
108	125	92	25
108	127	22	25
108	130	99	25
108	133	96	25
108	138	94	25
108	139	62	25
108	144	93	25
108	148	95	25
109	100	96	25
109	101	97	25
109	102	95	25
109	103	98	25
109	105	98	25
109	107	100	25
109	108	98	25
109	113	97	25
109	116	92	25
109	117	100	25
109	118	99	25
109	122	98	25
109	124	4	25
109	125	95	25
109	127	91	25
109	130	97	25
109	131	5	25
109	133	99	25
109	138	94	25
109	139	100	25
109	141	5	25
109	143	100	25
109	144	100	25
109	146	100	25
109	148	100	25
110	112	98	25
110	113	97	25
110	114	97	25
110	115	99	25
110	117	100	25
110	119	100	25
110	128	98	25
110	130	97	25
110	131	100	25
110	135	100	25
110	137	100	25
110	138	83	25
110	139	75	25
110	143	32	25
110	146	95	25
110	149	100	25
111	103	96	25
111	104	100	25
111	108	8	25
111	113	93	25
111	116	100	25
111	118	96	25
111	125	94	25
111	126	100	25
111	130	6	25
111	133	98	25
111	138	97	25
111	148	94	25
112	102	92	25
112	110	98	25
112	113	96	25
112	115	99	25
112	116	93	25
112	117	100	25
112	119	97	25
112	125	100	25
112	126	6	25
112	128	91	25
112	131	98	25
112	137	97	25
112	138	100	25
112	141	96	25
112	146	90	25
112	148	100	25
112	149	97	25
113	102	92	25
113	103	99	25
113	108	94	25
113	109	0	25
113	110	100	25
113	111	99	25
113	112	99	25
113	115	98	25
113	116	93	25
113	117	99	25
113	118	58	25
113	119	92	25
113	121	6	25
113	125	97	25
113	127	100	25
113	130	92	25
113	131	94	25
113	133	1	25
113	137	77	25
113	138	15	25
113	139	98	25
113	144	100	25
113	146	94	25
113	148	92	25
113	149	100	25
114	110	96	25
114	115	76	25
114	119	99	25
114	120	100	25
114	128	100	25
114	129	15	25
114	130	60	25
114	131	56	25
114	135	96	25
114	136	100	25
114	137	100	25
114	148	0	25
115	110	98	25
115	112	100	25
115	113	98	25
115	114	93	25
115	117	100	25
115	119	100	25
115	125	98	25
115	130	100	25
115	131	98	25
115	146	0	25
115	149	96	25
116	100	82	25
116	101	90	25
116	102	100	25
116	103	95	25
116	105	48	25
116	106	84	25
116	107	99	25
116	108	100	25
116	109	98	25
116	111	97	25
116	112	98	25
116	113	98	25
116	117	93	25
116	118	95	25
116	121	98	25
116	122	96	25
116	123	0	25
116	125	100	25
116	126	76	25
116	127	15	25
116	130	97	25
116	131	96	25
116	133	100	25
116	138	98	25
116	139	7	25
116	144	2	25
116	146	98	25
116	148	100	25
117	109	99	25
117	110	100	25
117	111	0	25
117	112	100	25
117	113	97	25
117	114	93	25
117	115	97	25
117	116	93	25
117	119	100	25
117	125	97	25
117	126	100	25
117	130	69	25
117	131	96	25
117	133	100	25
117	135	99	25
117	137	93	25
117	138	98	25
117	146	100	25
117	148	95	25
117	149	100	25
118	100	99	25
118	101	100	25
118	102	98	25
118	103	97	25
118	104	30	25
118	106	9	25
118	107	99	25
118	108	100	25
118	109	100	25
118	111	96	25
118	113	100	25
118	116	100	25
118	121	90	25
118	122	99	25
118	123	13	25
118	124	100	25
118	125	100	25
118	126	90	25
118	127	90	25
118	130	98	25
118	133	100	25
118	138	98	25
118	146	83	25
118	148	97	25
119	110	100	25
119	112	99	25
119	113	93	25
119	114	100	25
119	115	98	25
119	117	100	25
119	120	97	25
119	125	92	25
119	128	97	25
119	129	100	25
119	130	99	25
119	131	3	25
119	135	97	25
119	136	100	25
119	137	100	25
119	146	97	25
119	148	99	25
119	149	93	25
120	114	95	25
120	119	100	25
120	128	93	25
120	129	92	25
120	131	38	25
120	136	100	25
120	142	91	25
121	100	96	25
121	101	100	25
121	102	4	25
121	103	96	25
121	104	100	25
121	106	98	25
121	107	100	25
121	108	97	25
121	111	41	25
121	113	100	25
121	116	93	25
121	118	100	25
121	122	100	25
121	123	100	25
121	124	93	25
121	125	0	25
121	126	100	25
121	133	100	25
121	138	97	25
121	148	2	25
122	100	98	25
122	101	90	25
122	102	96	25
122	103	86	25
122	105	93	25
122	106	8	25
122	107	100	25
122	108	98	25
122	109	100	25
122	111	100	25
122	113	51	25
122	116	99	25
122	118	100	25
122	121	100	25
122	123	20	25
122	124	46	25
122	125	100	25
122	126	12	25
122	127	95	25
122	130	98	25
122	133	95	25
122	144	99	25
122	148	100	25
123	101	13	25
123	103	96	25
123	104	97	25
123	106	100	25
123	108	93	25
123	118	75	25
123	121	96	25
123	124	98	25
123	126	92	25
123	130	95	25
123	133	92	25
123	138	97	25
123	148	94	25
124	101	68	25
124	102	97	25
124	103	90	25
124	104	97	25
124	106	100	25
124	107	99	25
124	108	99	25
124	111	13	25
124	118	99	25
124	121	97	25
124	123	93	25
125	102	100	25
125	103	91	25
125	104	45	25
125	105	24	25
125	106	94	25
125	108	99	25
125	109	38	25
125	111	100	25
125	112	99	25
125	113	100	25
125	115	93	25
125	116	98	25
125	117	100	25
125	118	96	25
125	119	100	25
125	122	98	25
125	126	95	25
125	130	92	25
125	131	97	25
125	133	97	25
125	138	100	25
125	144	96	25
125	146	100	25
125	148	98	25
126	102	73	25
126	103	93	25
126	104	99	25
126	111	100	25
126	117	100	25
126	118	87	25
126	121	100	25
126	123	95	25
126	125	100	25
126	130	96	25
126	138	99	25
126	144	100	25
126	146	100	25
127	100	95	25
127	101	100	25
127	102	100	25
127	105	95	25
127	107	99	25
127	108	95	25
127	109	100	25
127	113	94	25
127	116	18	25
127	122	92	25
127	125	0	25
127	130	5	25
127	133	100	25
127	138	11	25
127	143	80	25
127	144	100	25
127	146	100	25
127	148	100	25
128	110	97	25
128	114	95	25
128	119	92	25
128	120	94	25
128	129	93	25
128	135	93	25
128	142	98	25
128	149	96	25
129	114	54	25
129	119	100	25
129	120	100	25
129	128	100	25
129	131	71	25
129	136	99	25
129	140	100	25
129	142	100	25
129	143	71	25
129	147	100	25
130	103	100	25
130	105	75	25
130	106	6	25
130	108	96	25
130	109	93	25
130	110	100	25
130	113	95	25
130	114	49	25
130	115	88	25
130	116	97	25
130	118	100	25
130	119	100	25
130	122	14	25
130	123	98	25
130	125	100	25
130	126	97	25
130	131	99	25
130	133	100	25
130	138	97	25
130	139	97	25
130	141	2	25
130	143	99	25
130	144	98	25
130	146	96	25
130	148	99	25
130	149	55	25
131	103	2	25
131	110	97	25
131	112	100	25
131	113	96	25
131	114	77	25
131	115	98	25
131	116	5	25
131	117	99	25
131	120	20	25
131	125	98	25
131	129	42	25
131	130	92	25
131	138	19	25
131	139	93	25
131	141	96	25
131	142	95	25
131	143	96	25
131	144	100	25
131	147	13	25
131	148	97	25
131	149	97	25
132	114	94	25
132	115	96	25
132	119	100	25
132	120	99	25
132	128	34	25
132	129	100	25
132	135	98	25
132	136	98	25
132	137	64	25
133	101	93	25
133	102	96	25
133	103	100	25
133	105	98	25
133	106	86	25
133	107	97	25
133	108	94	25
133	109	100	25
133	111	97	25
133	113	64	25
133	116	96	25
133	117	99	25
133	118	100	25
133	121	96	25
133	122	97	25
133	123	0	25
133	125	100	25
133	127	99	25
133	130	100	25
133	138	96	25
133	144	98	25
133	146	100	25
133	148	96	25
134	102	100	25
134	110	97	25
134	112	93	25
134	113	100	25
134	114	100	25
134	115	100	25
134	116	38	25
134	117	97	25
134	119	96	25
134	120	19	25
134	125	95	25
134	128	97	25
134	130	100	25
134	131	97	25
134	133	93	25
134	137	90	25
134	138	90	25
134	139	49	25
134	141	8	25
134	143	100	25
134	144	91	25
134	146	100	25
134	148	99	25
134	149	70	25
135	110	98	25
135	114	100	25
135	117	94	25
135	119	100	25
135	128	100	25
135	136	98	25
135	137	94	25
135	149	96	25
136	114	99	25
136	119	98	25
136	120	100	25
136	128	18	25
136	129	100	25
136	135	97	25
136	137	31	25
136	142	100	25
137	110	100	25
137	112	99	25
137	113	94	25
137	114	96	25
137	115	24	25
137	117	97	25
137	119	93	25
137	128	13	25
137	135	100	25
137	136	69	25
138	102	92	25
138	103	94	25
138	104	100	25
138	105	0	25
138	106	97	25
138	108	97	25
138	109	12	25
138	110	11	25
138	111	100	25
138	112	96	25
138	116	94	25
138	117	100	25
138	118	93	25
138	121	99	25
138	123	98	25
138	125	97	25
138	126	93	25
138	130	100	25
138	131	1	25
138	133	77	25
138	144	1	25
138	146	99	25
138	148	96	25
138	149	25	25
139	102	100	25
139	103	87	25
139	105	100	25
139	108	82	25
139	109	100	25
139	110	78	25
139	113	100	25
139	128	0	25
139	130	98	25
139	131	99	25
139	140	96	25
139	141	100	25
139	143	100	25
139	144	100	25
139	146	97	25
139	147	96	25
139	149	68	25
140	129	96	25
140	139	100	25
140	141	98	25
140	142	96	25
140	143	99	25
140	147	100	25
141	112	100	25
141	128	0	25
141	130	93	25
141	131	95	25
141	139	99	25
141	140	98	25
141	142	100	25
141	143	100	25
141	144	100	25
141	147	11	25
141	148	93	25
141	149	100	25
142	120	95	25
142	128	100	25
142	129	98	25
142	131	94	25
142	136	97	25
142	139	23	25
142	140	96	25
142	141	98	25
142	143	97	25
142	146	18	25
142	147	93	25
143	105	97	25
143	109	100	25
143	110	29	25
143	129	29	25
143	130	100	25
143	131	98	25
143	139	99	25
143	140	100	25
143	141	96	25
143	142	92	25
143	144	97	25
143	147	100	25
143	148	100	25
144	100	5	25
144	101	91	25
144	102	96	25
144	103	99	25
144	105	92	25
144	107	100	25
144	108	95	25
144	109	100	25
144	113	98	25
144	116	0	25
144	122	100	25
144	125	100	25
144	126	96	25
144	127	100	25
144	130	93	25
144	131	100	25
144	133	100	25
144	138	100	25
144	139	99	25
144	141	91	25
144	143	99	25
144	146	100	25
144	148	92	25
144	149	20	25
146	102	100	25
146	103	100	25
146	105	100	25
146	107	99	25
146	108	0	25
146	109	99	25
146	110	97	25
146	112	96	25
146	113	91	25
146	116	98	25
146	117	100	25
146	118	99	25
146	119	97	25
146	125	98	25
146	126	98	25
146	127	97	25
146	128	66	25
146	130	100	25
146	133	99	25
146	138	100	25
146	139	100	25
146	142	39	25
146	144	99	25
146	148	91	25
146	149	100	25
147	129	100	25
147	131	36	25
147	139	100	25
147	140	100	25
147	142	100	25
147	143	96	25
148	102	98	25
148	108	99	25
148	109	99	25
148	110	6	25
148	111	100	25
148	112	100	25
148	113	100	25
148	114	72	25
148	116	99	25
148	117	96	25
148	118	100	25
148	119	100	25
148	123	100	25
148	125	100	25
148	126	50	25
148	127	98	25
148	130	98	25
148	131	97	25
148	133	98	25
148	138	100	25
148	141	99	25
148	143	97	25
148	144	100	25
148	146	100	25
148	149	100	25
149	108	3	25
149	110	97	25
149	112	100	25
149	113	99	25
149	115	97	25
149	117	98	25
149	119	100	25
149	128	90	25
149	130	97	25
149	131	98	25
149	135	95	25
149	138	98	25
149	139	97	25
149	141	99	25
149	143	4	25
149	144	22	25
149	146	95	25
149	148	100	25
100	101	76	24
100	102	95	24
100	105	96	24
100	107	100	24
100	108	93	24
100	109	40	24
100	116	0	24
100	118	100	24
100	122	74	24
100	127	100	24
100	133	84	24
100	144	26	24
101	102	96	24
101	103	92	24
101	105	94	24
101	107	100	24
101	108	100	24
101	109	99	24
101	116	100	24
101	118	100	24
101	121	93	24
101	122	94	24
101	123	74	24
101	124	57	24
101	127	100	24
101	133	97	24
102	100	87	24
102	101	91	24
102	103	91	24
102	107	100	24
102	108	93	24
102	109	93	24
102	112	55	24
102	113	100	24
102	116	95	24
102	117	87	24
102	118	95	24
102	122	97	24
102	123	9	24
102	124	100	24
102	125	95	24
102	126	90	24
102	127	99	24
102	130	1	24
102	133	100	24
102	138	100	24
102	139	8	24
102	144	94	24
102	146	100	24
102	148	100	24
103	101	61	24
103	102	99	24
103	104	100	24
103	106	100	24
103	107	97	24
103	108	98	24
103	111	100	24
103	113	99	24
103	116	96	24
103	118	99	24
103	121	95	24
103	122	69	24
103	123	96	24
103	124	7	24
103	125	100	24
103	126	96	24
103	130	99	24
103	131	94	24
103	133	100	24
103	138	100	24
103	139	98	24
103	144	95	24
103	146	0	24
103	148	100	24
104	103	100	24
104	106	89	24
104	111	96	24
104	113	93	24
104	116	97	24
104	117	46	24
104	118	88	24
104	121	100	24
104	123	99	24
104	124	100	24
104	125	42	24
104	126	97	24
104	133	8	24
104	138	94	24
104	148	35	24
105	100	92	24
105	101	93	24
105	103	19	24
105	108	100	24
105	109	97	24
105	112	34	24
105	116	92	24
105	117	66	24
105	118	8	24
105	122	100	24
105	125	98	24
105	126	4	24
105	127	89	24
105	130	98	24
105	133	98	24
105	138	92	24
105	139	94	24
105	141	99	24
105	143	92	24
105	144	96	24
105	146	92	24
105	148	99	24
105	149	3	24
106	101	22	24
106	102	14	24
106	103	100	24
106	104	59	24
106	107	6	24
106	108	4	24
106	111	100	24
106	113	69	24
106	116	37	24
106	117	65	24
106	118	23	24
106	121	99	24
106	123	100	24
106	124	97	24
106	125	68	24
106	126	98	24
106	130	48	24
106	133	100	24
106	138	100	24
107	100	90	24
107	101	91	24
107	102	99	24
107	103	99	24
107	108	100	24
107	109	100	24
107	116	100	24
107	118	95	24
107	121	92	24
107	122	100	24
107	123	35	24
107	124	100	24
107	127	96	24
107	133	100	24
107	144	99	24
107	146	25	24
107	148	59	24
108	100	71	24
108	101	95	24
108	102	99	24
108	103	96	24
108	105	60	24
108	106	4	24
108	107	95	24
108	109	87	24
108	113	9	24
108	116	93	24
108	117	27	24
108	118	99	24
108	121	95	24
108	122	92	24
108	123	11	24
108	124	100	24
108	125	93	24
108	126	92	24
108	127	6	24
108	130	97	24
108	133	95	24
108	144	94	24
108	146	75	24
108	148	100	24
109	100	96	24
109	101	95	24
109	102	100	24
109	103	50	24
109	105	100	24
109	107	96	24
109	108	92	24
109	111	0	24
109	112	100	24
109	113	100	24
109	115	8	24
109	116	99	24
109	117	92	24
109	118	96	24
109	119	32	24
109	122	100	24
109	124	22	24
109	125	100	24
109	127	100	24
109	130	96	24
109	131	51	24
109	133	94	24
109	138	97	24
109	139	97	24
109	140	14	24
109	143	100	24
109	144	100	24
109	146	100	24
109	148	100	24
109	149	89	24
110	112	95	24
110	113	97	24
110	114	99	24
110	115	100	24
110	117	95	24
110	119	93	24
110	120	97	24
110	125	94	24
110	128	58	24
110	130	97	24
110	131	100	24
110	135	98	24
110	137	98	24
110	139	51	24
110	146	93	24
110	148	97	24
110	149	99	24
111	102	0	24
111	103	100	24
111	104	93	24
111	106	93	24
111	108	9	24
111	112	77	24
111	117	92	24
111	118	59	24
111	121	100	24
111	123	94	24
111	124	51	24
111	125	95	24
111	126	92	24
111	130	97	24
111	133	100	24
111	138	100	24
111	144	0	24
111	146	23	24
111	148	100	24
112	102	48	24
112	109	49	24
112	110	96	24
112	111	53	24
112	113	94	24
112	115	97	24
112	116	85	24
112	117	95	24
112	118	64	24
112	119	97	24
112	125	97	24
112	130	99	24
112	131	94	24
112	135	69	24
112	137	96	24
112	138	94	24
112	139	100	24
112	141	80	24
112	146	100	24
112	148	100	24
112	149	100	24
113	102	87	24
113	103	93	24
113	104	100	24
113	106	0	24
113	108	16	24
113	109	96	24
113	110	89	24
113	112	100	24
113	115	100	24
113	116	97	24
113	117	95	24
113	118	100	24
113	119	100	24
113	121	3	24
113	125	96	24
113	127	98	24
113	130	98	24
113	131	100	24
113	133	85	24
113	135	60	24
113	137	86	24
113	138	97	24
113	139	100	24
113	143	83	24
113	144	96	24
113	146	97	24
113	148	95	24
113	149	94	24
114	110	96	24
114	112	18	24
114	115	94	24
114	117	98	24
114	119	99	24
114	120	97	24
114	125	3	24
114	128	100	24
114	129	95	24
114	130	70	24
114	131	8	24
114	135	99	24
114	136	100	24
114	137	95	24
114	148	90	24
114	149	97	24
115	110	100	24
115	112	100	24
115	113	100	24
115	114	93	24
115	116	23	24
115	117	100	24
115	119	98	24
115	125	98	24
115	130	100	24
115	131	14	24
115	135	46	24
115	137	94	24
115	139	99	24
115	146	91	24
115	148	27	24
115	149	97	24
116	100	10	24
116	101	95	24
116	102	100	24
116	103	100	24
116	104	97	24
116	105	66	24
116	106	61	24
116	107	93	24
116	108	100	24
116	109	91	24
116	112	98	24
116	113	100	24
116	115	48	24
116	117	97	24
116	118	95	24
116	121	27	24
116	122	100	24
116	123	79	24
116	124	67	24
116	125	93	24
116	126	100	24
116	127	92	24
116	130	95	24
116	131	93	24
116	133	100	24
116	138	98	24
116	144	61	24
116	146	94	24
116	148	96	24
116	149	99	24
117	102	79	24
117	104	28	24
117	106	20	24
117	108	10	24
117	109	96	24
117	110	98	24
117	111	80	24
117	112	98	24
117	113	98	24
117	114	93	24
117	115	98	24
117	116	97	24
117	119	100	24
117	125	95	24
117	126	100	24
117	128	5	24
117	130	96	24
117	131	97	24
117	133	99	24
117	135	96	24
117	137	100	24
117	138	100	24
117	144	100	24
117	146	100	24
117	148	100	24
117	149	96	24
118	100	100	24
118	101	99	24
118	102	100	24
118	103	100	24
118	104	94	24
118	106	81	24
118	107	100	24
118	108	100	24
118	109	100	24
118	111	34	24
118	112	75	24
118	113	96	24
118	116	99	24
118	121	100	24
118	122	75	24
118	123	98	24
118	124	82	24
118	125	99	24
118	126	0	24
118	130	100	24
118	131	15	24
118	133	96	24
118	138	83	24
118	144	64	24
118	146	1	24
118	148	95	24
119	110	98	24
119	112	96	24
119	113	99	24
119	114	96	24
119	115	94	24
119	117	100	24
119	120	100	24
119	125	100	24
119	128	98	24
119	129	97	24
119	130	99	24
119	131	100	24
119	135	97	24
119	139	12	24
119	144	2	24
119	146	99	24
119	148	100	24
119	149	100	24
120	110	98	24
120	114	96	24
120	119	92	24
120	128	100	24
120	129	97	24
120	135	98	24
120	136	99	24
120	137	98	24
121	101	100	24
121	103	97	24
121	104	100	24
121	106	100	24
121	107	88	24
121	108	100	24
121	111	98	24
121	113	2	24
121	118	99	24
121	122	98	24
121	123	98	24
121	124	99	24
121	125	100	24
121	126	97	24
121	130	11	24
121	133	100	24
121	138	96	24
122	100	80	24
122	101	90	24
122	102	99	24
122	103	99	24
122	105	99	24
122	107	100	24
122	108	99	24
122	109	98	24
122	111	7	24
122	113	92	24
122	116	39	24
122	118	95	24
122	121	91	24
122	124	16	24
122	125	98	24
122	126	16	24
122	127	90	24
122	130	32	24
122	133	99	24
122	138	97	24
122	143	94	24
122	144	99	24
122	146	25	24
122	148	79	24
123	101	90	24
123	102	47	24
123	103	100	24
123	104	98	24
123	106	96	24
123	107	10	24
123	108	20	24
123	111	91	24
123	116	58	24
123	118	100	24
123	121	100	24
123	124	95	24
123	125	100	24
123	126	100	24
123	130	100	24
123	133	98	24
123	138	94	24
124	101	98	24
124	102	97	24
124	103	57	24
124	104	100	24
124	106	100	24
124	107	98	24
124	108	97	24
124	118	74	24
124	121	88	24
124	123	98	24
124	125	100	24
124	126	18	24
124	133	85	24
125	102	94	24
125	103	91	24
125	104	10	24
125	105	87	24
125	106	55	24
125	108	81	24
125	109	8	24
125	110	98	24
125	111	96	24
125	112	91	24
125	113	100	24
125	115	95	24
125	116	100	24
125	117	100	24
125	118	96	24
125	119	97	24
125	121	92	24
125	122	33	24
125	123	58	24
125	124	100	24
125	126	89	24
125	130	96	24
125	133	97	24
125	138	100	24
125	144	11	24
125	146	96	24
125	148	99	24
126	102	75	24
126	103	96	24
126	104	97	24
126	106	89	24
126	108	94	24
126	111	98	24
126	116	97	24
126	117	100	24
126	118	28	24
126	121	100	24
126	123	96	24
126	125	92	24
126	130	98	24
126	138	100	24
126	144	92	24
126	146	94	24
126	148	93	24
127	100	100	24
127	101	77	24
127	102	96	24
127	105	95	24
127	107	100	24
127	108	76	24
127	109	100	24
127	113	97	24
127	116	94	24
127	122	100	24
127	130	32	24
127	133	95	24
127	143	89	24
127	144	100	24
127	146	94	24
127	148	97	24
128	114	98	24
128	119	96	24
128	120	94	24
128	129	25	24
128	135	94	24
128	137	0	24
128	140	4	24
128	142	98	24
128	149	98	24
129	114	98	24
129	119	93	24
129	120	99	24
129	128	91	24
129	131	100	24
129	136	97	24
129	140	86	24
129	143	63	24
129	147	82	24
129	149	79	24
130	102	5	24
130	103	92	24
130	105	13	24
130	106	15	24
130	108	92	24
130	109	96	24
130	110	91	24
130	111	94	24
130	112	97	24
130	113	99	24
130	114	92	24
130	115	96	24
130	116	96	24
130	117	98	24
130	118	89	24
130	119	99	24
130	121	3	24
130	123	93	24
130	125	100	24
130	126	96	24
130	131	97	24
130	133	97	24
130	138	100	24
130	139	100	24
130	141	33	24
130	143	0	24
130	144	93	24
130	146	97	24
130	148	94	24
130	149	57	24
131	103	96	24
131	110	95	24
131	112	100	24
131	113	94	24
131	114	31	24
131	115	29	24
131	116	89	24
131	117	95	24
131	118	33	24
131	119	95	24
131	125	4	24
131	129	98	24
131	130	94	24
131	138	85	24
131	139	99	24
131	140	89	24
131	141	96	24
131	142	92	24
131	143	98	24
131	144	98	24
131	146	100	24
131	147	83	24
131	148	100	24
131	149	100	24
132	110	86	24
132	112	100	24
132	114	93	24
132	115	94	24
132	119	99	24
132	120	98	24
132	128	98	24
132	129	99	24
132	135	96	24
132	136	100	24
132	137	100	24
132	149	93	24
133	100	84	24
133	101	94	24
133	102	98	24
133	103	98	24
133	105	100	24
133	106	97	24
133	107	95	24
133	108	88	24
133	109	100	24
133	111	97	24
133	113	94	24
133	116	100	24
133	117	100	24
133	118	100	24
133	121	100	24
133	122	98	24
133	123	67	24
133	124	91	24
133	125	93	24
133	127	90	24
133	130	94	24
133	138	96	24
133	144	100	24
133	146	100	24
133	148	96	24
135	110	98	24
135	112	80	24
135	113	76	24
135	114	95	24
135	117	72	24
135	119	100	24
135	120	93	24
135	128	100	24
135	136	97	24
135	137	93	24
135	149	96	24
136	114	97	24
136	120	100	24
136	129	100	24
136	135	94	24
137	110	96	24
137	112	95	24
137	113	80	24
137	114	90	24
137	115	100	24
137	117	100	24
137	120	91	24
137	125	8	24
137	128	34	24
137	135	100	24
137	136	0	24
137	149	100	24
138	102	86	24
138	103	90	24
138	104	99	24
138	105	65	24
138	106	96	24
138	108	1	24
138	109	60	24
138	111	97	24
138	112	100	24
138	113	96	24
138	116	92	24
138	117	100	24
138	118	97	24
138	121	29	24
138	123	81	24
138	125	100	24
138	126	98	24
138	130	100	24
138	131	59	24
138	133	48	24
138	144	100	24
138	146	99	24
138	148	100	24
139	102	33	24
139	103	92	24
139	105	62	24
139	109	97	24
139	110	64	24
139	112	99	24
139	113	99	24
139	115	100	24
139	119	11	24
139	130	98	24
139	131	97	24
139	140	97	24
139	141	97	24
139	142	100	24
139	143	99	24
139	144	97	24
139	146	98	24
139	147	100	24
139	148	30	24
139	149	100	24
140	128	46	24
140	129	92	24
140	131	96	24
140	139	97	24
140	141	97	24
140	142	99	24
140	143	93	24
140	146	70	24
140	147	100	24
141	105	79	24
141	110	38	24
141	112	95	24
141	113	3	24
141	130	100	24
141	131	100	24
141	139	92	24
141	140	100	24
141	142	100	24
141	143	99	24
141	144	98	24
141	146	98	24
141	147	93	24
141	148	98	24
141	149	97	24
142	114	0	24
142	128	98	24
142	131	95	24
142	139	99	24
142	140	100	24
142	141	95	24
142	143	100	24
142	147	100	24
143	105	85	24
143	109	98	24
143	113	87	24
143	122	2	24
143	127	9	24
143	129	65	24
143	130	17	24
143	131	97	24
143	139	92	24
143	140	97	24
143	141	100	24
143	142	93	24
143	144	98	24
143	146	57	24
143	147	92	24
143	148	2	24
143	149	50	24
144	100	3	24
144	102	100	24
144	103	95	24
144	105	100	24
144	107	97	24
144	108	96	24
144	109	100	24
144	111	8	24
144	113	100	24
144	116	72	24
144	117	94	24
144	118	5	24
144	122	60	24
144	125	2	24
144	126	97	24
144	127	84	24
144	130	100	24
144	131	93	24
144	133	100	24
144	138	96	24
144	139	100	24
144	141	98	24
144	143	85	24
144	146	94	24
144	148	98	24
144	149	96	24
146	102	92	24
146	103	13	24
146	105	79	24
146	107	62	24
146	108	88	24
146	109	97	24
146	110	89	24
146	111	12	24
146	112	96	24
146	113	97	24
146	115	100	24
146	116	95	24
146	117	100	24
146	118	10	24
146	119	97	24
146	125	100	24
146	126	94	24
146	127	83	24
146	130	99	24
146	131	94	24
146	133	98	24
146	138	100	24
146	139	99	24
146	140	78	24
146	141	97	24
146	143	58	24
146	144	95	24
146	148	100	24
146	149	97	24
147	129	79	24
147	131	97	24
147	139	95	24
147	140	97	24
147	141	98	24
147	142	95	24
147	143	96	24
148	102	90	24
148	103	88	24
148	104	29	24
148	105	28	24
148	107	63	24
148	108	89	24
148	109	89	24
148	110	91	24
148	111	91	24
148	112	92	24
148	113	86	24
148	114	92	24
148	115	50	24
148	116	92	24
148	117	90	24
148	118	88	24
148	119	85	24
148	125	83	24
148	126	90	24
148	127	79	24
148	130	83	24
148	131	95	24
148	133	89	24
148	138	88	24
148	139	6	24
148	141	87	24
148	144	86	24
148	146	83	24
148	149	86	24
149	110	100	24
149	112	100	24
149	113	98	24
149	114	91	24
149	115	100	24
149	116	79	24
149	117	96	24
149	119	99	24
149	128	100	24
149	129	62	24
149	130	79	24
149	131	97	24
149	135	96	24
149	137	97	24
149	139	98	24
149	141	94	24
149	143	44	24
149	144	100	24
149	146	100	24
149	148	98	24
100	101	100	23
100	102	16	23
100	105	96	23
100	107	36	23
100	108	95	23
100	109	96	23
100	118	86	23
100	122	99	23
100	124	11	23
100	127	99	23
101	100	100	23
101	102	100	23
101	105	98	23
101	107	90	23
101	108	100	23
101	109	88	23
101	116	100	23
101	118	98	23
101	121	100	23
101	122	100	23
101	123	90	23
101	124	97	23
101	127	91	23
101	133	96	23
101	144	2	23
102	101	99	23
102	103	100	23
102	105	96	23
102	107	100	23
102	108	93	23
102	109	100	23
102	111	90	23
102	113	97	23
102	116	96	23
102	117	96	23
102	118	100	23
102	122	96	23
102	125	92	23
102	127	99	23
102	133	100	23
102	138	100	23
102	144	93	23
102	146	95	23
102	148	98	23
103	101	1	23
103	102	100	23
103	104	94	23
103	105	15	23
103	106	91	23
103	107	99	23
103	108	96	23
103	111	93	23
103	113	100	23
103	116	100	23
103	118	77	23
103	121	92	23
103	122	91	23
103	123	100	23
103	124	83	23
103	125	97	23
103	126	98	23
103	127	7	23
103	130	96	23
103	131	64	23
103	133	93	23
103	138	87	23
103	146	48	23
103	148	73	23
104	103	95	23
104	106	91	23
104	111	95	23
104	113	0	23
104	116	87	23
104	118	30	23
104	123	99	23
104	124	61	23
104	125	93	23
104	126	98	23
104	138	95	23
105	100	88	23
105	101	91	23
105	102	87	23
105	103	87	23
105	107	48	23
105	108	71	23
105	109	100	23
105	113	91	23
105	116	88	23
105	122	93	23
105	125	95	23
105	127	95	23
105	133	87	23
105	138	84	23
105	139	84	23
105	141	100	23
105	143	96	23
105	144	100	23
105	148	95	23
106	103	92	23
106	104	94	23
106	107	78	23
106	108	76	23
106	111	96	23
106	116	93	23
106	117	38	23
106	118	8	23
106	121	96	23
106	123	98	23
106	124	94	23
106	126	96	23
106	133	35	23
106	138	89	23
107	101	93	23
107	102	98	23
107	103	100	23
107	106	82	23
107	108	97	23
107	109	98	23
107	116	97	23
107	118	91	23
107	121	94	23
107	122	93	23
107	124	67	23
107	127	99	23
107	133	76	23
108	100	96	23
108	101	100	23
108	102	100	23
108	103	99	23
108	105	80	23
108	106	81	23
108	107	93	23
108	109	100	23
108	111	14	23
108	116	98	23
108	117	77	23
108	118	98	23
108	121	98	23
108	122	100	23
108	123	95	23
108	126	99	23
108	127	100	23
108	133	93	23
108	138	87	23
108	144	100	23
108	146	74	23
108	148	9	23
109	100	87	23
109	101	96	23
109	102	87	23
109	103	95	23
109	105	100	23
109	107	96	23
109	108	100	23
109	112	99	23
109	113	100	23
109	115	43	23
109	116	100	23
109	117	95	23
109	118	80	23
109	121	22	23
109	122	97	23
109	126	59	23
109	127	100	23
109	130	86	23
109	133	97	23
109	138	88	23
109	139	94	23
109	141	100	23
109	143	96	23
109	144	100	23
109	146	100	23
109	148	100	23
110	112	97	23
110	113	97	23
110	114	88	23
110	115	97	23
110	117	100	23
110	119	97	23
110	120	14	23
110	125	79	23
110	128	2	23
110	130	99	23
110	131	96	23
110	135	87	23
110	137	100	23
110	138	60	23
110	139	31	23
110	146	90	23
110	149	100	23
111	102	75	23
111	103	93	23
111	104	91	23
111	106	95	23
111	108	73	23
111	116	66	23
111	117	91	23
111	118	66	23
111	121	95	23
111	123	97	23
111	124	1	23
111	125	97	23
111	126	96	23
111	130	19	23
111	133	65	23
111	138	98	23
111	148	56	23
112	109	78	23
112	110	100	23
112	113	96	23
112	114	100	23
112	115	93	23
112	117	96	23
112	118	16	23
112	119	90	23
112	125	95	23
112	130	94	23
112	131	99	23
112	138	94	23
112	139	100	23
112	146	79	23
112	148	99	23
112	149	96	23
113	102	87	23
113	103	100	23
113	104	64	23
113	105	68	23
113	109	90	23
113	110	98	23
113	112	100	23
113	115	100	23
113	116	4	23
113	117	98	23
113	118	79	23
113	119	95	23
113	125	100	23
113	130	97	23
113	131	88	23
113	135	87	23
113	138	98	23
113	139	100	23
113	143	91	23
113	144	100	23
113	146	95	23
113	148	90	23
113	149	93	23
114	112	12	23
114	115	99	23
114	117	100	23
114	119	100	23
114	120	97	23
114	128	97	23
114	129	99	23
114	135	97	23
114	136	100	23
114	142	7	23
114	149	21	23
115	110	88	23
115	112	100	23
115	113	100	23
115	114	78	23
115	117	86	23
115	119	100	23
115	125	85	23
115	130	100	23
115	131	6	23
115	135	86	23
115	137	22	23
115	138	62	23
115	139	4	23
115	141	3	23
115	143	19	23
115	146	100	23
115	149	100	23
116	101	100	23
116	102	92	23
116	103	96	23
116	104	94	23
116	105	94	23
116	106	97	23
116	107	94	23
116	108	100	23
116	109	96	23
116	111	93	23
116	113	42	23
116	117	97	23
116	118	98	23
116	122	87	23
116	123	87	23
116	125	95	23
116	126	97	23
116	127	93	23
116	130	100	23
116	133	93	23
116	138	97	23
116	144	98	23
116	146	100	23
116	148	100	23
117	101	0	23
117	102	92	23
117	106	22	23
117	108	76	23
117	109	93	23
117	110	93	23
117	111	90	23
117	112	100	23
117	113	97	23
117	114	92	23
117	115	93	23
117	116	97	23
117	119	95	23
117	125	93	23
117	126	97	23
117	130	95	23
117	131	93	23
117	133	95	23
117	138	100	23
117	141	10	23
117	144	35	23
117	146	100	23
117	148	5	23
117	149	94	23
118	100	73	23
118	101	95	23
118	102	100	23
118	103	93	23
118	104	5	23
118	106	4	23
118	107	94	23
118	108	92	23
118	109	92	23
118	111	46	23
118	113	100	23
118	116	100	23
118	121	92	23
118	122	29	23
118	123	100	23
118	124	82	23
118	125	98	23
118	127	4	23
118	130	89	23
118	133	100	23
118	138	97	23
118	144	79	23
118	146	86	23
119	110	97	23
119	112	96	23
119	113	100	23
119	114	98	23
119	115	100	23
119	117	92	23
119	120	99	23
119	125	89	23
119	128	98	23
119	129	100	23
119	130	100	23
119	131	100	23
119	135	60	23
119	137	100	23
119	144	5	23
119	148	81	23
119	149	100	23
120	114	93	23
120	119	99	23
120	128	100	23
120	129	98	23
120	135	95	23
120	136	100	23
121	100	24	23
121	101	95	23
121	103	98	23
121	104	23	23
121	106	100	23
121	107	84	23
121	108	90	23
121	109	76	23
121	111	93	23
121	113	14	23
121	116	77	23
121	117	1	23
121	118	99	23
121	122	85	23
121	123	99	23
121	124	100	23
121	125	87	23
121	126	100	23
121	133	93	23
121	138	69	23
122	100	93	23
122	101	100	23
122	102	100	23
122	103	99	23
122	105	97	23
122	106	68	23
122	107	96	23
122	108	100	23
122	109	97	23
122	113	60	23
122	116	93	23
122	121	95	23
122	123	15	23
122	124	59	23
122	127	98	23
122	133	99	23
122	138	19	23
122	144	98	23
122	146	96	23
123	101	82	23
123	103	92	23
123	104	97	23
123	106	100	23
123	108	71	23
123	111	93	23
123	118	81	23
123	121	100	23
123	124	97	23
123	126	90	23
123	133	86	23
123	138	90	23
124	101	94	23
124	103	96	23
124	104	97	23
124	106	97	23
124	107	81	23
124	118	100	23
124	121	89	23
124	122	47	23
124	123	99	23
124	126	18	23
124	133	84	23
125	102	97	23
125	103	97	23
125	104	100	23
125	105	70	23
125	106	8	23
125	108	74	23
125	110	37	23
125	111	100	23
125	112	100	23
125	113	98	23
125	115	100	23
125	116	95	23
125	117	95	23
125	118	95	23
125	119	98	23
125	121	8	23
125	126	100	23
125	130	100	23
125	133	100	23
125	138	96	23
125	144	100	23
125	146	98	23
125	148	95	23
126	103	99	23
126	104	100	23
126	106	98	23
126	108	87	23
126	111	96	23
126	116	94	23
126	117	100	23
126	121	93	23
126	123	83	23
126	124	14	23
126	125	92	23
126	130	98	23
126	138	97	23
126	144	6	23
126	146	89	23
126	148	0	23
127	100	98	23
127	101	93	23
127	102	93	23
127	103	90	23
127	105	95	23
127	107	92	23
127	108	92	23
127	109	97	23
127	113	2	23
127	116	81	23
127	118	55	23
127	122	100	23
127	130	90	23
127	133	83	23
127	139	0	23
127	143	88	23
127	144	100	23
127	148	99	23
128	114	75	23
128	119	98	23
128	120	79	23
128	129	93	23
128	135	68	23
128	142	96	23
129	114	97	23
129	119	98	23
129	120	90	23
129	128	96	23
129	131	88	23
129	136	100	23
129	140	88	23
129	142	96	23
129	143	15	23
130	103	95	23
130	109	90	23
130	110	97	23
130	111	0	23
130	112	94	23
130	113	96	23
130	114	20	23
130	115	93	23
130	116	98	23
130	117	100	23
130	118	61	23
130	119	93	23
130	125	98	23
130	126	97	23
130	127	56	23
130	131	100	23
130	133	100	23
130	139	17	23
130	141	96	23
130	144	96	23
130	146	97	23
130	148	97	23
131	103	89	23
131	110	89	23
131	112	97	23
131	113	83	23
131	115	95	23
131	117	99	23
131	119	94	23
131	128	34	23
131	129	97	23
131	130	100	23
131	140	100	23
131	141	97	23
131	142	100	23
131	144	92	23
131	146	100	23
131	147	100	23
131	149	92	23
132	110	98	23
132	112	0	23
132	114	100	23
132	119	96	23
132	120	100	23
132	128	99	23
132	135	97	23
132	136	98	23
133	101	85	23
133	102	97	23
133	103	100	23
133	104	11	23
133	105	75	23
133	107	92	23
133	108	92	23
133	109	93	23
133	111	89	23
133	116	90	23
133	117	91	23
133	118	93	23
133	121	90	23
133	122	98	23
133	123	91	23
133	124	71	23
133	125	98	23
133	127	88	23
133	130	100	23
133	138	6	23
133	139	10	23
133	144	3	23
133	146	96	23
135	110	72	23
135	113	4	23
135	114	98	23
135	115	71	23
135	119	73	23
135	120	89	23
135	128	81	23
135	136	100	23
135	137	100	23
135	149	73	23
136	114	99	23
136	120	98	23
136	129	99	23
136	135	100	23
136	142	100	23
137	110	96	23
137	112	39	23
137	114	97	23
137	115	97	23
137	119	95	23
137	120	16	23
137	128	2	23
137	135	96	23
137	136	1	23
138	102	93	23
138	103	69	23
138	104	95	23
138	105	66	23
138	106	90	23
138	108	88	23
138	109	2	23
138	111	99	23
138	112	94	23
138	113	93	23
138	115	54	23
138	116	100	23
138	117	97	23
138	118	89	23
138	123	92	23
138	125	96	23
138	126	96	23
138	144	95	23
138	148	25	23
139	105	0	23
139	112	96	23
139	113	100	23
139	115	15	23
139	130	37	23
139	133	27	23
139	138	4	23
139	140	100	23
139	141	96	23
139	142	74	23
139	143	97	23
139	144	98	23
139	146	99	23
139	147	97	23
139	148	99	23
139	149	95	23
140	129	95	23
140	131	97	23
140	139	51	23
140	141	91	23
140	142	91	23
140	143	100	23
140	146	6	23
140	147	99	23
141	105	95	23
141	109	72	23
141	115	30	23
141	117	22	23
141	130	85	23
141	131	99	23
141	139	94	23
141	140	95	23
141	142	100	23
141	143	91	23
141	144	96	23
141	146	95	23
141	147	98	23
141	149	98	23
142	114	47	23
142	128	100	23
142	129	98	23
142	131	93	23
142	136	96	23
142	139	89	23
142	140	93	23
142	141	95	23
142	143	98	23
142	146	2	23
142	147	100	23
143	105	94	23
143	109	97	23
143	113	87	23
143	115	33	23
143	127	87	23
143	139	100	23
143	140	90	23
143	141	90	23
143	142	99	23
143	147	94	23
144	101	75	23
144	102	100	23
144	103	15	23
144	105	97	23
144	108	97	23
144	109	100	23
144	113	100	23
144	116	95	23
144	117	92	23
144	118	63	23
144	119	38	23
144	122	95	23
144	125	98	23
144	126	96	23
144	127	98	23
144	130	96	23
144	131	98	23
144	133	51	23
144	138	99	23
144	139	91	23
144	141	98	23
144	143	49	23
144	146	100	23
144	148	100	23
146	101	4	23
146	102	100	23
146	103	34	23
146	108	52	23
146	109	94	23
146	110	19	23
146	112	82	23
146	113	91	23
146	115	90	23
146	116	98	23
146	117	98	23
146	118	23	23
146	122	38	23
146	125	98	23
146	126	80	23
146	128	35	23
146	130	90	23
146	131	93	23
146	133	86	23
146	138	9	23
146	139	91	23
146	141	100	23
146	144	98	23
146	148	89	23
146	149	38	23
147	131	97	23
147	139	87	23
147	140	97	23
147	141	93	23
147	142	100	23
147	143	100	23
148	102	96	23
148	103	88	23
148	105	84	23
148	108	82	23
148	109	96	23
148	111	93	23
148	112	90	23
148	113	98	23
148	116	91	23
148	117	91	23
148	118	56	23
148	119	93	23
148	122	1	23
148	123	29	23
148	125	100	23
148	126	84	23
148	127	84	23
148	130	94	23
148	138	86	23
148	139	91	23
148	143	8	23
148	144	94	23
148	146	100	23
148	149	14	23
149	110	96	23
149	112	96	23
149	113	94	23
149	114	99	23
149	115	100	23
149	117	97	23
149	119	100	23
149	131	96	23
149	135	97	23
149	139	100	23
149	141	100	23
149	146	98	23
100	101	99	22
100	102	100	22
100	105	72	22
100	107	92	22
100	108	66	22
100	109	88	22
100	116	40	22
100	118	20	22
100	121	81	22
100	122	97	22
100	127	97	22
101	100	93	22
101	102	95	22
101	103	86	22
101	105	94	22
101	107	96	22
101	108	96	22
101	109	97	22
101	116	99	22
101	118	89	22
101	121	100	22
101	122	91	22
101	123	61	22
101	124	64	22
101	127	99	22
101	133	72	22
101	144	11	22
102	100	91	22
102	101	92	22
102	103	100	22
102	105	95	22
102	106	27	22
102	107	98	22
102	108	98	22
102	109	96	22
102	111	20	22
102	113	97	22
102	116	97	22
102	117	90	22
102	118	96	22
102	121	92	22
102	122	100	22
102	124	93	22
102	125	100	22
102	126	44	22
102	127	100	22
102	130	95	22
102	138	96	22
102	146	100	22
102	148	92	22
103	101	9	22
103	102	95	22
103	104	93	22
103	106	98	22
103	107	100	22
103	108	90	22
103	109	97	22
103	111	100	22
103	113	90	22
103	116	98	22
103	118	94	22
103	121	94	22
103	122	94	22
103	123	99	22
103	124	97	22
103	125	23	22
103	126	96	22
103	127	1	22
103	131	62	22
103	133	96	22
103	138	96	22
103	146	8	22
103	148	14	22
104	103	91	22
104	106	94	22
104	111	95	22
104	113	51	22
104	121	91	22
104	123	84	22
104	124	46	22
104	125	98	22
104	126	3	22
104	138	97	22
105	100	91	22
105	101	100	22
105	102	92	22
105	103	65	22
105	107	88	22
105	108	85	22
105	109	98	22
105	113	89	22
105	122	100	22
105	124	27	22
105	125	64	22
105	127	96	22
105	130	68	22
105	133	9	22
105	138	71	22
105	139	66	22
105	141	46	22
105	143	87	22
105	144	100	22
105	146	96	22
105	148	92	22
106	102	78	22
106	103	97	22
106	104	94	22
106	107	75	22
106	108	85	22
106	111	93	22
106	116	89	22
106	118	21	22
106	121	57	22
106	122	2	22
106	123	100	22
106	124	92	22
106	125	92	22
106	126	99	22
106	133	17	22
106	138	91	22
107	100	98	22
107	101	89	22
107	102	94	22
107	103	96	22
107	105	61	22
107	108	100	22
107	109	91	22
107	116	90	22
107	118	97	22
107	122	89	22
107	124	94	22
107	127	92	22
107	130	73	22
107	133	6	22
108	100	8	22
108	101	100	22
108	102	98	22
108	103	62	22
108	105	95	22
108	106	100	22
108	107	100	22
108	109	97	22
108	111	84	22
108	116	100	22
108	117	75	22
108	118	100	22
108	121	90	22
108	122	91	22
108	124	96	22
108	125	29	22
108	127	90	22
108	130	28	22
108	133	96	22
108	144	94	22
108	148	83	22
109	100	89	22
109	101	88	22
109	102	97	22
109	103	100	22
109	105	100	22
109	107	100	22
109	108	96	22
109	112	100	22
109	113	92	22
109	116	94	22
109	117	93	22
109	118	99	22
109	121	100	22
109	122	99	22
109	125	98	22
109	126	99	22
109	127	96	22
109	130	99	22
109	133	100	22
109	138	94	22
109	139	94	22
109	143	90	22
109	144	100	22
109	148	98	22
109	149	11	22
110	112	96	22
110	113	98	22
110	114	100	22
110	115	98	22
110	117	100	22
110	119	100	22
110	120	7	22
110	128	100	22
110	130	98	22
110	131	97	22
110	135	94	22
110	137	95	22
110	138	0	22
110	139	87	22
110	146	97	22
110	149	99	22
111	102	91	22
111	103	100	22
111	104	97	22
111	106	98	22
111	107	12	22
111	108	91	22
111	113	82	22
111	116	97	22
111	117	97	22
111	118	95	22
111	121	96	22
111	122	11	22
111	123	100	22
111	124	100	22
111	125	100	22
111	126	100	22
111	130	97	22
111	133	100	22
111	138	99	22
111	146	16	22
112	102	74	22
112	109	88	22
112	110	99	22
112	113	93	22
112	114	100	22
112	115	100	22
112	117	100	22
112	119	94	22
112	125	100	22
112	126	100	22
112	130	59	22
112	131	90	22
112	133	97	22
112	135	90	22
112	137	100	22
112	138	94	22
112	139	97	22
112	144	87	22
112	146	95	22
112	148	100	22
112	149	93	22
113	102	99	22
113	103	88	22
113	104	0	22
113	105	75	22
113	109	91	22
113	110	91	22
113	111	75	22
113	112	95	22
113	115	56	22
113	117	98	22
113	119	100	22
113	121	6	22
113	122	5	22
113	125	95	22
113	126	93	22
113	130	100	22
113	131	90	22
113	133	38	22
113	135	91	22
113	138	93	22
113	139	24	22
113	143	100	22
113	144	96	22
113	146	98	22
113	149	95	22
114	110	98	22
114	112	95	22
114	115	100	22
114	117	97	22
114	119	89	22
114	120	97	22
114	128	93	22
114	129	95	22
114	130	8	22
114	131	57	22
114	135	100	22
114	136	99	22
114	137	92	22
114	142	3	22
115	102	24	22
115	110	100	22
115	112	93	22
115	113	88	22
115	114	95	22
115	117	89	22
115	119	98	22
115	125	90	22
115	130	75	22
115	131	96	22
115	135	99	22
115	137	98	22
115	138	81	22
115	139	94	22
115	146	86	22
115	149	99	22
116	100	79	22
116	101	89	22
116	102	99	22
116	103	96	22
116	106	94	22
116	107	100	22
116	108	88	22
116	109	97	22
116	111	95	22
116	117	97	22
116	118	100	22
116	121	95	22
116	122	86	22
116	124	93	22
116	125	98	22
116	126	100	22
116	130	100	22
116	133	94	22
116	138	100	22
116	144	93	22
116	146	99	22
116	148	100	22
117	102	85	22
117	108	73	22
117	109	67	22
117	110	100	22
117	111	77	22
117	112	100	22
117	113	100	22
117	114	91	22
117	115	97	22
117	116	81	22
117	118	69	22
117	119	85	22
117	125	98	22
117	126	100	22
117	130	100	22
117	131	96	22
117	133	89	22
117	135	29	22
117	137	47	22
117	138	98	22
117	144	85	22
117	146	95	22
117	148	89	22
117	149	98	22
118	100	3	22
118	101	98	22
118	102	97	22
118	103	97	22
118	106	7	22
118	107	94	22
118	108	91	22
118	109	91	22
118	111	88	22
118	116	86	22
118	117	88	22
118	121	92	22
118	122	81	22
118	123	92	22
118	124	94	22
118	125	96	22
118	133	100	22
118	138	84	22
118	139	0	22
118	144	27	22
118	146	18	22
119	110	95	22
119	112	96	22
119	113	93	22
119	114	89	22
119	115	98	22
119	117	97	22
119	120	98	22
119	128	94	22
119	129	92	22
119	130	83	22
119	131	91	22
119	135	99	22
119	136	36	22
119	137	100	22
119	144	52	22
119	146	54	22
119	149	100	22
120	110	95	22
120	114	62	22
120	119	100	22
120	128	99	22
120	129	90	22
120	135	96	22
120	136	93	22
120	142	99	22
121	100	68	22
121	101	90	22
121	102	95	22
121	103	94	22
121	104	92	22
121	106	30	22
121	107	97	22
121	108	100	22
121	109	92	22
121	111	91	22
121	113	68	22
121	116	95	22
121	118	100	22
121	122	94	22
121	123	94	22
121	124	98	22
121	125	83	22
121	126	99	22
121	130	96	22
121	133	99	22
121	138	100	22
121	148	92	22
122	100	100	22
122	101	95	22
122	102	92	22
122	103	96	22
122	105	98	22
122	106	27	22
122	107	99	22
122	108	100	22
122	109	96	22
122	111	18	22
122	113	88	22
122	116	94	22
122	118	86	22
122	121	94	22
122	123	73	22
122	124	91	22
122	125	100	22
122	127	100	22
122	130	96	22
122	133	98	22
122	143	88	22
122	144	100	22
122	148	6	22
123	101	39	22
123	102	0	22
123	103	88	22
123	104	96	22
123	106	97	22
123	111	99	22
123	118	43	22
123	121	84	22
123	122	12	22
123	124	77	22
123	126	81	22
123	133	46	22
124	101	93	22
124	102	95	22
124	103	94	22
124	104	63	22
124	106	96	22
124	107	75	22
124	108	86	22
124	111	88	22
124	116	80	22
124	118	82	22
124	121	89	22
124	122	98	22
124	123	99	22
124	126	84	22
124	133	87	22
125	102	96	22
125	103	86	22
125	104	93	22
125	105	3	22
125	106	90	22
125	108	76	22
125	109	84	22
125	111	89	22
125	112	100	22
125	113	98	22
125	114	26	22
125	115	98	22
125	116	97	22
125	117	94	22
125	118	92	22
125	121	57	22
125	122	80	22
125	126	88	22
125	130	100	22
125	131	42	22
125	133	85	22
125	138	100	22
125	139	88	22
125	141	75	22
125	144	92	22
125	146	0	22
125	148	98	22
125	149	96	22
126	102	57	22
126	103	90	22
126	106	96	22
126	109	6	22
126	111	100	22
126	112	54	22
126	113	100	22
126	116	100	22
126	117	89	22
126	121	95	22
126	123	98	22
126	124	93	22
126	125	88	22
126	130	97	22
126	133	96	22
126	138	100	22
126	148	46	22
127	100	88	22
127	101	98	22
127	102	89	22
127	103	90	22
127	105	97	22
127	107	99	22
127	108	97	22
127	109	96	22
127	118	4	22
127	122	95	22
127	130	75	22
127	133	95	22
127	139	88	22
127	143	95	22
127	144	100	22
127	146	90	22
128	110	91	22
128	114	95	22
128	119	96	22
128	120	92	22
128	129	98	22
128	135	100	22
128	142	97	22
129	114	100	22
129	119	97	22
129	120	94	22
129	128	98	22
129	136	97	22
129	140	95	22
129	141	4	22
129	142	100	22
129	143	61	22
129	147	86	22
129	149	7	22
130	102	89	22
130	109	93	22
130	110	97	22
130	111	98	22
130	113	100	22
130	114	13	22
130	115	6	22
130	116	88	22
130	117	100	22
130	119	92	22
130	122	70	22
130	125	96	22
130	126	100	22
130	131	96	22
130	138	100	22
130	139	87	22
130	141	7	22
130	144	97	22
130	146	99	22
130	148	100	22
130	149	90	22
131	103	86	22
131	110	92	22
131	112	99	22
131	113	97	22
131	114	100	22
131	115	95	22
131	117	100	22
131	119	100	22
131	126	29	22
131	130	94	22
131	139	92	22
131	140	96	22
131	141	99	22
131	143	98	22
131	144	94	22
131	146	100	22
131	147	99	22
131	148	6	22
131	149	100	22
132	110	0	22
132	114	97	22
132	119	97	22
132	120	97	22
132	128	100	22
132	129	96	22
132	135	100	22
132	136	98	22
132	137	38	22
133	101	12	22
133	102	97	22
133	103	100	22
133	105	17	22
133	106	98	22
133	108	90	22
133	109	94	22
133	111	89	22
133	112	83	22
133	116	98	22
133	117	100	22
133	118	100	22
133	121	99	22
133	122	98	22
133	123	78	22
133	124	91	22
133	125	97	22
133	126	94	22
133	127	83	22
133	138	16	22
133	139	29	22
133	144	4	22
133	146	95	22
135	110	82	22
135	112	91	22
135	113	85	22
135	114	73	22
135	115	100	22
135	119	97	22
135	120	97	22
135	128	99	22
135	136	91	22
135	137	100	22
136	114	98	22
136	119	44	22
136	120	100	22
136	128	47	22
136	129	100	22
136	135	92	22
136	142	35	22
137	110	99	22
137	112	97	22
137	113	6	22
137	114	97	22
137	115	95	22
137	117	47	22
137	119	100	22
137	135	100	22
138	102	93	22
138	103	94	22
138	104	100	22
138	106	99	22
138	109	95	22
138	111	97	22
138	112	92	22
138	113	98	22
138	115	89	22
138	116	94	22
138	117	99	22
138	118	92	22
138	121	94	22
138	125	100	22
138	126	99	22
138	130	100	22
138	144	92	22
138	146	27	22
138	148	94	22
139	102	6	22
139	105	9	22
139	109	11	22
139	110	88	22
139	112	89	22
139	113	97	22
139	115	88	22
139	125	96	22
139	127	25	22
139	130	96	22
139	131	93	22
139	140	97	22
139	141	99	22
139	142	36	22
139	143	99	22
139	144	98	22
139	146	100	22
139	147	91	22
139	148	98	22
139	149	92	22
140	129	8	22
140	131	100	22
140	139	89	22
140	141	100	22
140	142	98	22
140	143	100	22
140	147	98	22
141	102	0	22
141	105	0	22
141	125	82	22
141	128	2	22
141	129	13	22
141	130	70	22
141	131	96	22
141	139	97	22
141	140	89	22
141	142	96	22
141	143	99	22
141	144	100	22
141	146	100	22
141	147	99	22
141	148	72	22
142	114	50	22
142	120	100	22
142	128	92	22
142	129	97	22
142	131	11	22
142	136	14	22
142	139	13	22
142	140	83	22
142	141	95	22
142	143	87	22
142	147	88	22
143	105	1	22
143	109	94	22
143	113	98	22
143	122	64	22
143	127	90	22
143	129	1	22
143	131	96	22
143	139	100	22
143	140	100	22
143	141	96	22
143	142	100	22
143	144	98	22
143	147	100	22
143	148	96	22
144	101	80	22
144	105	95	22
144	108	97	22
144	109	95	22
144	111	44	22
144	112	100	22
144	113	97	22
144	116	94	22
144	117	97	22
144	118	3	22
144	119	99	22
144	122	95	22
144	125	88	22
144	126	40	22
144	127	100	22
144	130	100	22
144	131	96	22
144	133	94	22
144	138	99	22
144	139	100	22
144	141	94	22
144	143	95	22
144	146	94	22
144	148	94	22
146	102	99	22
146	103	26	22
146	105	15	22
146	110	94	22
146	111	3	22
146	112	91	22
146	113	92	22
146	114	2	22
146	115	97	22
146	116	90	22
146	117	98	22
146	118	16	22
146	119	93	22
146	125	7	22
146	126	45	22
146	127	89	22
146	130	93	22
146	131	98	22
146	133	26	22
146	138	100	22
146	139	96	22
146	141	91	22
146	144	96	22
146	148	91	22
146	149	95	22
147	129	41	22
147	131	96	22
147	139	92	22
147	140	93	22
147	141	93	22
147	142	95	22
147	143	99	22
148	102	100	22
148	103	91	22
148	105	90	22
148	108	90	22
148	109	89	22
148	111	19	22
148	112	100	22
148	113	91	22
148	115	28	22
148	116	93	22
148	117	98	22
148	121	94	22
148	122	28	22
148	125	95	22
148	126	95	22
148	130	93	22
148	131	4	22
148	138	92	22
148	139	100	22
148	141	32	22
148	143	89	22
148	144	95	22
148	146	98	22
148	149	55	22
149	109	15	22
149	110	99	22
149	112	94	22
149	113	92	22
149	115	93	22
149	117	100	22
149	119	100	22
149	125	100	22
149	129	66	22
149	130	100	22
149	131	86	22
149	135	98	22
149	139	90	22
149	143	8	22
149	146	89	22
149	148	68	22
100	101	97	21
100	105	94	21
100	106	29	21
100	108	97	21
100	116	88	21
100	118	94	21
100	121	85	21
100	122	99	21
100	127	100	21
100	133	77	21
100	144	70	21
101	100	100	21
101	102	89	21
101	105	94	21
101	106	80	21
101	107	88	21
101	108	93	21
101	109	92	21
101	116	53	21
101	118	77	21
101	121	100	21
101	122	100	21
101	127	89	21
101	133	21	21
102	101	89	21
102	103	92	21
102	105	96	21
102	107	96	21
102	108	96	21
102	109	100	21
102	111	91	21
102	113	94	21
102	116	94	21
102	117	45	21
102	118	92	21
102	121	87	21
102	122	84	21
102	125	100	21
102	126	43	21
102	127	92	21
102	130	46	21
102	133	98	21
102	138	100	21
102	144	97	21
102	146	100	21
103	102	45	21
103	106	58	21
103	107	66	21
103	109	89	21
103	111	97	21
103	116	100	21
103	118	100	21
103	121	100	21
103	122	88	21
103	123	99	21
103	124	89	21
103	126	100	21
103	131	26	21
103	133	95	21
103	138	100	21
103	144	25	21
104	106	76	21
104	111	97	21
104	116	75	21
104	121	85	21
104	123	90	21
104	125	93	21
104	126	96	21
104	138	100	21
105	100	84	21
105	101	85	21
105	102	97	21
105	107	82	21
105	108	87	21
105	109	100	21
105	113	96	21
105	116	53	21
105	118	59	21
105	122	95	21
105	125	7	21
105	127	91	21
105	133	90	21
105	139	91	21
105	143	95	21
105	144	98	21
105	146	100	21
105	148	97	21
106	101	72	21
106	103	51	21
106	104	57	21
106	107	10	21
106	108	83	21
106	111	89	21
106	116	62	21
106	118	96	21
106	121	94	21
106	123	100	21
106	124	95	21
106	126	96	21
106	133	10	21
106	138	61	21
107	100	2	21
107	101	92	21
107	102	93	21
107	103	84	21
107	105	49	21
107	108	92	21
107	109	71	21
107	116	85	21
107	118	100	21
107	121	87	21
107	122	33	21
107	124	80	21
107	127	1	21
107	133	49	21
107	144	45	21
108	100	90	21
108	101	100	21
108	102	100	21
108	103	61	21
108	105	94	21
108	106	100	21
108	107	96	21
108	109	94	21
108	116	100	21
108	118	100	21
108	121	97	21
108	122	89	21
108	124	3	21
108	127	94	21
108	133	100	21
108	138	100	21
108	144	89	21
108	146	99	21
109	101	92	21
109	102	97	21
109	103	100	21
109	105	96	21
109	107	76	21
109	108	98	21
109	111	0	21
109	112	99	21
109	113	88	21
109	116	100	21
109	117	6	21
109	118	97	21
109	122	97	21
109	125	96	21
109	126	98	21
109	127	95	21
109	130	79	21
109	133	89	21
109	138	98	21
109	139	93	21
109	141	22	21
109	143	91	21
109	144	100	21
109	146	5	21
109	148	100	21
110	112	95	21
110	113	8	21
110	114	89	21
110	115	94	21
110	117	100	21
110	119	100	21
110	125	40	21
110	128	54	21
110	130	92	21
110	131	100	21
110	135	100	21
110	137	98	21
110	139	47	21
110	146	87	21
110	149	99	21
111	102	15	21
111	103	100	21
111	104	100	21
111	106	83	21
111	113	10	21
111	116	97	21
111	117	88	21
111	118	29	21
111	121	89	21
111	123	91	21
111	124	40	21
111	125	86	21
111	126	96	21
111	133	97	21
111	138	100	21
111	144	1	21
112	109	96	21
112	110	98	21
112	113	86	21
112	114	89	21
112	115	91	21
112	116	78	21
112	117	100	21
112	119	100	21
112	126	90	21
112	130	100	21
112	131	97	21
112	133	97	21
112	135	99	21
112	138	100	21
112	139	98	21
112	144	97	21
112	146	94	21
112	148	0	21
112	149	90	21
113	102	67	21
113	105	96	21
113	109	87	21
113	110	88	21
113	111	53	21
113	112	64	21
113	116	52	21
113	117	97	21
113	119	98	21
113	125	100	21
113	126	93	21
113	127	33	21
113	130	99	21
113	131	91	21
113	135	86	21
113	138	97	21
113	139	87	21
113	144	95	21
113	146	98	21
113	148	53	21
113	149	96	21
114	110	100	21
114	112	93	21
114	115	100	21
114	117	93	21
114	119	99	21
114	128	94	21
114	129	99	21
114	131	14	21
114	135	99	21
114	136	100	21
114	137	88	21
115	110	100	21
115	112	100	21
115	114	95	21
115	117	96	21
115	119	99	21
115	125	99	21
115	131	100	21
115	135	91	21
115	137	97	21
115	138	87	21
115	139	87	21
115	146	56	21
115	149	100	21
116	100	5	21
116	101	81	21
116	102	93	21
116	103	100	21
116	105	10	21
116	106	49	21
116	107	92	21
116	108	100	21
116	109	98	21
116	111	100	21
116	117	68	21
116	118	97	21
116	121	92	21
116	122	99	21
116	125	98	21
116	126	60	21
116	133	98	21
116	138	98	21
116	144	97	21
116	146	98	21
116	148	100	21
117	110	100	21
117	111	91	21
117	112	99	21
117	113	97	21
117	114	97	21
117	115	100	21
117	116	87	21
117	118	86	21
117	119	56	21
117	125	100	21
117	126	100	21
117	130	96	21
117	131	100	21
117	133	0	21
117	135	5	21
117	138	100	21
117	144	88	21
117	146	95	21
117	149	97	21
118	100	91	21
118	101	1	21
118	102	96	21
118	103	100	21
118	105	24	21
118	106	100	21
118	107	100	21
118	108	94	21
118	109	95	21
118	111	92	21
118	116	100	21
118	117	96	21
118	121	100	21
118	122	94	21
118	123	100	21
118	124	83	21
118	125	7	21
118	126	32	21
118	127	98	21
118	131	28	21
118	133	94	21
118	138	94	21
118	144	80	21
118	146	36	21
119	110	95	21
119	112	84	21
119	113	100	21
119	114	96	21
119	115	99	21
119	117	72	21
119	120	99	21
119	128	100	21
119	129	36	21
119	131	97	21
119	135	100	21
119	136	100	21
119	149	96	21
120	110	99	21
120	114	98	21
120	119	89	21
120	128	98	21
120	129	100	21
120	136	100	21
121	101	96	21
121	102	91	21
121	103	95	21
121	104	98	21
121	106	95	21
121	107	99	21
121	108	89	21
121	111	97	21
121	116	97	21
121	118	93	21
121	122	90	21
121	123	98	21
121	124	93	21
121	125	0	21
121	126	91	21
121	133	93	21
121	138	97	21
122	100	95	21
122	101	90	21
122	102	90	21
122	103	86	21
122	105	93	21
122	106	1	21
122	107	71	21
122	108	99	21
122	109	95	21
122	116	99	21
122	118	100	21
122	121	99	21
122	123	100	21
122	127	92	21
122	131	13	21
122	133	62	21
122	143	80	21
122	144	100	21
122	146	79	21
123	101	2	21
123	103	92	21
123	104	100	21
123	106	100	21
123	111	100	21
123	118	98	21
123	121	96	21
123	122	70	21
123	124	93	21
123	126	100	21
123	138	54	21
124	101	81	21
124	103	95	21
124	106	97	21
124	111	90	21
124	118	100	21
124	121	87	21
124	123	97	21
124	126	98	21
124	133	94	21
125	102	86	21
125	103	36	21
125	104	87	21
125	105	39	21
125	109	88	21
125	110	97	21
125	111	90	21
125	113	96	21
125	115	94	21
125	116	95	21
125	117	98	21
125	118	78	21
125	121	67	21
125	126	87	21
125	130	99	21
125	133	87	21
125	138	98	21
125	139	76	21
125	144	87	21
125	146	65	21
125	148	100	21
126	103	96	21
126	104	98	21
126	106	97	21
126	109	38	21
126	111	100	21
126	112	99	21
126	113	100	21
126	116	85	21
126	117	96	21
126	118	5	21
126	121	100	21
126	123	100	21
126	124	98	21
126	125	95	21
126	138	100	21
126	146	78	21
127	100	100	21
127	101	95	21
127	102	98	21
127	105	98	21
127	107	19	21
127	108	91	21
127	109	100	21
127	113	10	21
127	116	14	21
127	118	28	21
127	122	100	21
127	139	75	21
127	143	88	21
127	144	94	21
128	110	84	21
128	114	100	21
128	119	100	21
128	120	96	21
128	129	97	21
128	131	10	21
128	135	12	21
128	149	87	21
129	110	0	21
129	114	99	21
129	120	94	21
129	128	100	21
129	131	76	21
129	136	96	21
129	140	100	21
129	142	88	21
129	143	1	21
130	102	84	21
130	105	7	21
130	109	98	21
130	110	96	21
130	111	92	21
130	112	97	21
130	113	95	21
130	114	95	21
130	115	98	21
130	116	79	21
130	117	96	21
130	122	1	21
130	125	91	21
130	126	89	21
130	131	97	21
130	133	90	21
130	135	21	21
130	138	100	21
130	139	93	21
130	144	96	21
130	146	96	21
130	148	100	21
130	149	93	21
131	103	51	21
131	110	97	21
131	112	100	21
131	113	96	21
131	114	39	21
131	115	100	21
131	117	97	21
131	119	98	21
131	129	0	21
131	130	99	21
131	135	51	21
131	139	98	21
131	140	100	21
131	141	97	21
131	142	88	21
131	144	100	21
131	147	99	21
131	149	98	21
132	114	93	21
132	119	86	21
132	120	100	21
132	128	100	21
132	129	98	21
132	135	100	21
132	136	100	21
132	142	76	21
133	101	83	21
133	102	96	21
133	103	97	21
133	105	77	21
133	106	55	21
133	107	35	21
133	108	96	21
133	109	98	21
133	111	89	21
133	112	93	21
133	116	97	21
133	118	97	21
133	121	97	21
133	122	70	21
133	124	89	21
133	125	100	21
133	130	98	21
133	131	2	21
133	138	100	21
133	144	96	21
133	146	64	21
135	110	99	21
135	112	90	21
135	114	99	21
135	115	95	21
135	119	99	21
135	131	64	21
135	136	98	21
135	137	92	21
136	114	90	21
136	119	85	21
136	120	98	21
136	129	100	21
136	135	100	21
137	110	98	21
137	112	24	21
137	114	96	21
137	115	97	21
137	117	84	21
137	135	95	21
138	102	90	21
138	103	91	21
138	104	97	21
138	106	8	21
138	109	81	21
138	111	98	21
138	112	59	21
138	113	97	21
138	116	95	21
138	117	98	21
138	121	95	21
138	123	74	21
138	125	94	21
138	126	95	21
138	130	99	21
138	133	85	21
138	144	90	21
138	148	47	21
139	105	96	21
139	109	89	21
139	110	95	21
139	112	98	21
139	113	1	21
139	115	2	21
139	125	10	21
139	127	2	21
139	130	59	21
139	131	100	21
139	140	94	21
139	141	100	21
139	143	96	21
139	144	97	21
139	146	93	21
139	147	16	21
139	148	91	21
140	129	56	21
140	131	98	21
140	139	97	21
140	141	97	21
140	142	100	21
140	143	97	21
140	147	47	21
141	105	5	21
141	109	94	21
141	129	96	21
141	131	97	21
141	139	100	21
141	140	96	21
141	142	100	21
141	143	100	21
141	144	94	21
141	146	100	21
141	147	93	21
142	114	34	21
142	129	88	21
142	131	96	21
142	139	4	21
142	140	96	21
142	141	66	21
142	143	97	21
142	147	97	21
143	105	88	21
143	109	87	21
143	122	14	21
143	127	56	21
143	129	4	21
143	131	14	21
143	139	95	21
143	140	95	21
143	141	99	21
143	142	96	21
143	144	100	21
143	146	89	21
143	147	98	21
143	148	6	21
144	102	6	21
144	103	75	21
144	105	90	21
144	107	0	21
144	108	0	21
144	109	96	21
144	112	78	21
144	113	96	21
144	116	99	21
144	117	98	21
144	118	27	21
144	122	81	21
144	125	98	21
144	127	93	21
144	130	100	21
144	131	94	21
144	133	86	21
144	138	84	21
144	139	97	21
144	141	100	21
144	143	100	21
144	146	100	21
144	148	100	21
146	102	73	21
146	105	95	21
146	108	90	21
146	109	10	21
146	110	96	21
146	112	94	21
146	113	97	21
146	116	88	21
146	117	100	21
146	118	6	21
146	122	13	21
146	125	23	21
146	126	92	21
146	127	6	21
146	130	99	21
146	131	48	21
146	133	30	21
146	139	95	21
146	141	99	21
146	143	87	21
146	144	90	21
146	148	91	21
146	149	94	21
147	131	84	21
147	139	96	21
147	140	37	21
147	141	100	21
147	142	100	21
147	143	100	21
148	102	0	21
148	103	90	21
148	105	94	21
148	109	81	21
148	110	7	21
148	112	77	21
148	113	34	21
148	116	100	21
148	117	99	21
148	121	84	21
148	123	73	21
148	125	97	21
148	126	93	21
148	130	98	21
148	138	95	21
148	139	100	21
148	143	93	21
148	144	93	21
148	146	100	21
148	149	89	21
149	110	96	21
149	112	77	21
149	113	98	21
149	114	92	21
149	115	100	21
149	117	99	21
149	119	95	21
149	128	93	21
149	129	11	21
149	130	97	21
149	131	99	21
149	135	98	21
149	138	4	21
149	140	11	21
149	146	100	21
149	148	82	21
100	101	96	20
100	102	91	20
100	106	57	20
100	107	100	20
100	108	100	20
100	109	9	20
100	116	93	20
100	118	100	20
100	121	1	20
100	122	99	20
100	124	11	20
100	127	100	20
100	133	86	20
100	144	95	20
101	100	94	20
101	102	97	20
101	105	39	20
101	106	100	20
101	107	100	20
101	108	100	20
101	109	100	20
101	116	100	20
101	118	95	20
101	121	100	20
101	122	98	20
101	123	100	20
101	127	96	20
101	144	32	20
101	146	36	20
102	100	95	20
102	101	100	20
102	103	100	20
102	105	93	20
102	107	95	20
102	108	97	20
102	109	100	20
102	111	97	20
102	113	94	20
102	116	97	20
102	118	94	20
102	121	94	20
102	122	98	20
102	124	93	20
102	125	90	20
102	126	94	20
102	127	97	20
102	130	100	20
102	133	98	20
102	138	99	20
102	139	94	20
102	146	32	20
102	148	98	20
103	101	1	20
103	102	98	20
103	104	97	20
103	106	94	20
103	108	98	20
103	109	100	20
103	111	100	20
103	113	98	20
103	116	96	20
103	117	68	20
103	118	95	20
103	121	98	20
103	122	87	20
103	123	99	20
103	124	94	20
103	130	97	20
103	131	98	20
103	133	98	20
103	138	92	20
103	148	96	20
104	103	96	20
104	106	97	20
104	108	14	20
104	111	98	20
104	112	75	20
104	113	43	20
104	116	100	20
104	121	100	20
104	123	99	20
104	124	100	20
104	125	93	20
104	126	97	20
104	138	27	20
105	100	41	20
105	101	87	20
105	102	98	20
105	107	100	20
105	108	100	20
105	109	94	20
105	113	96	20
105	118	93	20
105	122	100	20
105	125	95	20
105	127	96	20
105	130	100	20
105	131	64	20
105	133	5	20
105	139	87	20
105	141	100	20
105	143	99	20
105	144	100	20
105	146	96	20
105	148	97	20
106	100	90	20
106	101	100	20
106	102	0	20
106	103	99	20
106	104	100	20
106	108	95	20
106	111	93	20
106	116	96	20
106	118	100	20
106	121	94	20
106	123	100	20
106	124	99	20
106	125	72	20
106	126	99	20
106	130	84	20
106	133	100	20
107	100	96	20
107	101	99	20
107	102	100	20
107	105	100	20
107	106	12	20
107	108	90	20
107	109	96	20
107	111	54	20
107	116	80	20
107	118	94	20
107	121	100	20
107	122	100	20
107	123	90	20
107	124	92	20
107	125	17	20
107	127	1	20
107	130	12	20
107	133	96	20
107	148	14	20
108	100	99	20
108	101	99	20
108	102	100	20
108	103	98	20
108	104	6	20
108	105	35	20
108	106	97	20
108	107	100	20
108	109	98	20
108	112	38	20
108	116	100	20
108	117	9	20
108	118	100	20
108	121	89	20
108	122	100	20
108	123	58	20
108	124	97	20
108	125	100	20
108	126	99	20
108	127	97	20
108	130	97	20
108	133	94	20
108	138	98	20
108	139	98	20
108	144	99	20
108	146	92	20
108	148	92	20
109	100	80	20
109	101	100	20
109	102	98	20
109	103	95	20
109	105	100	20
109	107	89	20
109	108	98	20
109	111	83	20
109	112	100	20
109	113	4	20
109	115	91	20
109	116	96	20
109	117	100	20
109	118	97	20
109	122	99	20
109	125	98	20
109	127	92	20
109	131	64	20
109	133	91	20
109	138	95	20
109	139	99	20
109	141	99	20
109	143	96	20
109	144	98	20
109	146	81	20
109	148	96	20
110	112	98	20
110	113	100	20
110	114	94	20
110	115	95	20
110	117	100	20
110	119	97	20
110	120	100	20
110	125	100	20
110	128	95	20
110	130	99	20
110	131	95	20
110	135	99	20
110	137	100	20
110	138	91	20
110	146	98	20
110	149	97	20
111	102	93	20
111	103	93	20
111	104	97	20
111	106	96	20
111	107	92	20
111	109	5	20
111	113	95	20
111	116	100	20
111	117	27	20
111	118	43	20
111	121	100	20
111	123	100	20
111	124	72	20
111	125	1	20
111	126	100	20
111	130	96	20
111	133	97	20
111	138	98	20
111	144	100	20
111	148	1	20
112	104	100	20
112	108	31	20
112	109	94	20
112	110	96	20
112	113	98	20
112	114	100	20
112	115	92	20
112	116	93	20
112	117	100	20
112	118	37	20
112	119	97	20
112	125	97	20
112	126	94	20
112	130	100	20
112	131	100	20
112	135	97	20
112	137	96	20
112	138	95	20
112	139	99	20
112	143	96	20
112	144	7	20
112	146	93	20
112	148	94	20
112	149	96	20
113	102	99	20
113	103	97	20
113	104	25	20
113	105	95	20
113	110	99	20
113	111	74	20
113	112	100	20
113	114	47	20
113	115	98	20
113	116	90	20
113	117	97	20
113	118	26	20
113	119	95	20
113	121	6	20
113	125	100	20
113	126	100	20
113	127	65	20
113	130	97	20
113	131	93	20
113	133	98	20
113	137	2	20
113	138	92	20
113	139	92	20
113	143	90	20
113	144	98	20
113	146	94	20
113	148	91	20
113	149	100	20
114	110	100	20
114	112	94	20
114	113	79	20
114	115	100	20
114	117	92	20
114	119	95	20
114	120	100	20
114	125	4	20
114	128	97	20
114	130	96	20
114	131	74	20
114	135	95	20
114	136	97	20
114	137	93	20
115	110	100	20
115	112	98	20
115	113	97	20
115	114	100	20
115	117	90	20
115	119	92	20
115	125	100	20
115	130	96	20
115	131	94	20
115	135	100	20
115	136	20	20
115	137	100	20
115	138	66	20
115	139	33	20
115	144	3	20
115	149	100	20
116	100	100	20
116	101	97	20
116	102	100	20
116	103	99	20
116	104	100	20
116	106	95	20
116	107	67	20
116	108	99	20
116	109	99	20
116	111	98	20
116	112	98	20
116	113	98	20
116	117	100	20
116	118	100	20
116	121	99	20
116	122	96	20
116	123	19	20
116	124	63	20
116	125	100	20
116	126	87	20
116	130	100	20
116	133	96	20
116	138	99	20
116	144	92	20
116	146	21	20
116	148	100	20
117	103	86	20
117	108	4	20
117	109	40	20
117	110	97	20
117	111	0	20
117	112	100	20
117	113	94	20
117	114	94	20
117	115	98	20
117	116	97	20
117	118	84	20
117	119	93	20
117	120	2	20
117	125	100	20
117	126	96	20
117	130	100	20
117	131	98	20
117	133	100	20
117	137	61	20
117	138	96	20
117	143	2	20
117	144	100	20
117	146	100	20
117	148	100	20
117	149	97	20
118	100	93	20
118	101	100	20
118	102	96	20
118	103	100	20
118	104	0	20
118	105	89	20
118	106	91	20
118	107	100	20
118	108	100	20
118	111	6	20
118	112	4	20
118	116	100	20
118	117	96	20
118	121	96	20
118	122	65	20
118	123	93	20
118	124	100	20
118	125	100	20
118	126	4	20
118	127	100	20
118	130	83	20
118	131	91	20
118	133	100	20
118	144	92	20
118	148	100	20
119	110	92	20
119	112	93	20
119	113	99	20
119	114	96	20
119	115	100	20
119	117	98	20
119	120	100	20
119	125	87	20
119	128	100	20
119	131	100	20
119	135	99	20
119	136	92	20
119	137	94	20
119	144	90	20
119	148	95	20
119	149	92	20
120	110	91	20
120	114	97	20
120	117	12	20
120	119	97	20
120	128	100	20
120	129	95	20
120	135	61	20
120	136	99	20
120	142	56	20
121	100	84	20
121	101	100	20
121	102	96	20
121	103	97	20
121	104	97	20
121	106	90	20
121	107	100	20
121	108	100	20
121	111	100	20
121	113	39	20
121	116	97	20
121	118	99	20
121	122	95	20
121	123	100	20
121	124	98	20
121	126	96	20
121	127	1	20
121	130	95	20
121	133	100	20
121	138	99	20
122	100	98	20
122	101	88	20
122	102	96	20
122	103	93	20
122	105	95	20
122	107	95	20
122	108	100	20
122	109	97	20
122	116	100	20
122	117	67	20
122	118	98	20
122	121	92	20
122	123	44	20
122	125	99	20
122	127	100	20
122	131	7	20
122	133	48	20
122	139	48	20
122	143	92	20
122	144	99	20
122	146	95	20
123	101	84	20
123	103	99	20
123	104	98	20
123	106	96	20
123	107	99	20
123	108	88	20
123	111	97	20
123	116	43	20
123	118	100	20
123	121	97	20
123	124	92	20
123	125	100	20
123	126	96	20
123	130	75	20
123	138	98	20
123	148	97	20
124	102	100	20
124	103	100	20
124	104	35	20
124	106	100	20
124	107	96	20
124	108	89	20
124	111	96	20
124	116	96	20
124	118	96	20
124	121	93	20
124	123	92	20
124	125	15	20
124	126	100	20
124	133	98	20
124	138	89	20
125	102	98	20
125	104	96	20
125	105	70	20
125	106	21	20
125	108	65	20
125	109	98	20
125	110	100	20
125	112	100	20
125	113	100	20
125	114	18	20
125	115	97	20
125	116	97	20
125	117	96	20
125	118	87	20
125	119	15	20
125	123	96	20
125	124	9	20
125	126	98	20
125	130	98	20
125	131	93	20
125	133	96	20
125	138	98	20
125	139	95	20
125	144	100	20
125	146	95	20
125	148	98	20
126	102	100	20
126	104	100	20
126	106	100	20
126	108	95	20
126	111	96	20
126	112	100	20
126	113	99	20
126	116	100	20
126	117	95	20
126	121	100	20
126	123	98	20
126	124	100	20
126	125	100	20
126	130	100	20
126	138	97	20
126	146	96	20
126	148	93	20
127	100	96	20
127	101	99	20
127	102	97	20
127	105	97	20
127	107	97	20
127	108	100	20
127	109	100	20
127	112	0	20
127	113	93	20
127	116	2	20
127	118	96	20
127	121	9	20
127	122	99	20
127	125	73	20
127	133	100	20
127	138	23	20
127	139	100	20
127	143	53	20
127	144	99	20
128	110	97	20
128	114	100	20
128	119	95	20
128	120	98	20
128	129	100	20
128	131	95	20
128	135	12	20
128	136	26	20
128	142	93	20
128	149	100	20
129	114	96	20
129	120	93	20
129	128	98	20
129	131	2	20
129	136	100	20
129	139	50	20
129	140	100	20
129	141	94	20
129	142	100	20
129	143	27	20
129	147	60	20
130	102	98	20
130	103	90	20
130	105	49	20
130	106	43	20
130	107	5	20
130	108	95	20
130	110	100	20
130	111	91	20
130	112	93	20
130	113	100	20
130	114	80	20
130	115	96	20
130	116	100	20
130	117	93	20
130	118	46	20
130	121	86	20
130	123	32	20
130	125	95	20
130	126	100	20
130	131	100	20
130	133	95	20
130	135	30	20
130	138	100	20
130	139	98	20
130	144	100	20
130	146	98	20
130	148	97	20
130	149	92	20
131	103	95	20
131	110	98	20
131	112	97	20
131	113	100	20
131	114	94	20
131	115	94	20
131	117	96	20
131	118	75	20
131	119	91	20
131	125	94	20
131	128	97	20
131	130	100	20
131	133	62	20
131	135	100	20
131	138	29	20
131	139	100	20
131	140	100	20
131	141	97	20
131	143	19	20
131	144	5	20
131	146	0	20
131	147	100	20
131	149	92	20
132	114	100	20
132	115	96	20
132	119	100	20
132	120	100	20
132	128	100	20
132	129	100	20
132	135	100	20
132	136	97	20
132	137	97	20
132	142	12	20
132	149	94	20
133	100	87	20
133	101	32	20
133	102	100	20
133	103	97	20
133	104	8	20
133	106	94	20
133	107	68	20
133	108	93	20
133	109	95	20
133	111	100	20
133	113	89	20
133	116	95	20
133	117	97	20
133	118	95	20
133	121	95	20
133	124	96	20
133	125	92	20
133	127	96	20
133	130	95	20
133	131	95	20
133	138	100	20
133	144	100	20
133	146	95	20
133	148	96	20
135	110	99	20
135	112	98	20
135	114	98	20
135	115	91	20
135	119	97	20
135	120	16	20
135	130	77	20
135	131	93	20
135	136	96	20
135	137	96	20
135	149	14	20
136	114	99	20
136	115	3	20
136	119	94	20
136	120	100	20
136	128	23	20
136	129	97	20
136	135	99	20
136	137	92	20
137	110	99	20
137	112	97	20
137	113	72	20
137	114	96	20
137	115	93	20
137	117	36	20
137	119	98	20
137	135	96	20
137	136	96	20
138	102	93	20
138	103	99	20
138	105	4	20
138	106	4	20
138	108	86	20
138	109	98	20
138	110	90	20
138	111	99	20
138	112	98	20
138	113	96	20
138	115	25	20
138	116	100	20
138	117	99	20
138	121	100	20
138	123	100	20
138	124	68	20
138	125	99	20
138	126	97	20
138	130	100	20
138	131	5	20
138	133	96	20
138	144	96	20
138	146	8	20
138	148	100	20
138	149	88	20
139	102	73	20
139	105	14	20
139	108	84	20
139	109	97	20
139	112	90	20
139	113	99	20
139	114	5	20
139	115	85	20
139	116	58	20
139	125	100	20
139	127	93	20
139	129	48	20
139	130	91	20
139	131	99	20
139	140	96	20
139	141	100	20
139	142	97	20
139	143	100	20
139	144	94	20
139	146	96	20
139	147	100	20
139	148	100	20
139	149	100	20
140	129	97	20
140	131	98	20
140	139	100	20
140	141	92	20
140	142	94	20
140	143	97	20
140	147	96	20
140	149	100	20
141	105	80	20
141	109	96	20
141	113	17	20
141	119	9	20
141	129	96	20
141	131	99	20
141	139	100	20
141	140	100	20
141	142	96	20
141	143	98	20
141	144	98	20
141	146	98	20
141	147	100	20
141	148	98	20
141	149	97	20
142	114	3	20
142	120	66	20
142	128	93	20
142	129	96	20
142	139	99	20
142	140	97	20
142	141	95	20
142	143	100	20
142	146	32	20
142	147	100	20
143	105	100	20
143	109	100	20
143	112	87	20
143	113	98	20
143	117	4	20
143	122	94	20
143	129	95	20
143	130	14	20
143	131	53	20
143	139	98	20
143	140	100	20
143	141	100	20
143	142	97	20
143	144	99	20
143	146	96	20
143	147	92	20
143	148	98	20
144	100	97	20
144	101	41	20
144	102	16	20
144	105	96	20
144	108	100	20
144	109	98	20
144	111	89	20
144	113	100	20
144	116	100	20
144	117	100	20
144	118	94	20
144	119	6	20
144	122	98	20
144	125	100	20
144	126	2	20
144	127	96	20
144	130	96	20
144	133	96	20
144	138	100	20
144	139	100	20
144	141	92	20
144	143	99	20
144	146	92	20
144	148	100	20
144	149	73	20
146	101	73	20
146	102	94	20
146	105	92	20
146	108	94	20
146	109	71	20
146	110	96	20
146	112	98	20
146	113	94	20
146	116	41	20
146	117	92	20
146	122	51	20
146	125	98	20
146	126	97	20
146	130	95	20
146	138	62	20
146	139	95	20
146	141	100	20
146	142	42	20
146	143	97	20
146	144	100	20
146	148	100	20
146	149	100	20
147	131	93	20
147	139	100	20
147	140	100	20
147	141	98	20
147	142	98	20
147	143	99	20
148	102	100	20
148	103	92	20
148	105	100	20
148	107	2	20
148	108	82	20
148	109	98	20
148	112	52	20
148	113	100	20
148	116	99	20
148	117	100	20
148	118	94	20
148	119	94	20
148	123	93	20
148	125	98	20
148	126	99	20
148	130	91	20
148	133	83	20
148	138	100	20
148	139	95	20
148	140	4	20
148	141	38	20
148	143	98	20
148	144	96	20
148	146	100	20
148	149	100	20
149	110	100	20
149	112	98	20
149	113	95	20
149	115	96	20
149	117	94	20
149	119	97	20
149	128	95	20
149	130	100	20
149	131	95	20
149	135	69	20
149	138	94	20
149	139	100	20
149	140	97	20
149	141	100	20
149	144	62	20
149	146	96	20
149	148	100	20
100	101	96	15
100	102	19	15
100	105	70	15
100	107	96	15
100	109	75	15
100	118	85	15
100	121	76	15
100	122	100	15
100	124	6	15
100	127	93	15
100	133	1	15
101	100	97	15
101	102	89	15
101	103	81	15
101	105	93	15
101	106	66	15
101	107	84	15
101	108	87	15
101	109	91	15
101	116	87	15
101	118	80	15
101	121	57	15
101	122	100	15
101	123	90	15
101	124	50	15
101	127	95	15
101	133	8	15
101	144	76	15
102	100	0	15
102	101	78	15
102	103	72	15
102	105	91	15
102	107	91	15
102	108	94	15
102	109	94	15
102	112	94	15
102	113	89	15
102	116	88	15
102	117	96	15
102	118	91	15
102	122	84	15
102	125	95	15
102	127	87	15
102	130	93	15
102	131	6	15
102	133	81	15
102	138	95	15
102	139	84	15
102	144	96	15
102	146	96	15
102	148	33	15
103	100	9	15
103	101	70	15
103	102	10	15
103	104	72	15
103	106	75	15
103	108	100	15
103	109	77	15
103	111	98	15
103	113	43	15
103	116	86	15
103	118	74	15
103	121	90	15
103	123	79	15
103	124	83	15
103	125	92	15
103	126	94	15
103	127	70	15
103	130	97	15
103	131	100	15
103	133	77	15
103	138	98	15
103	144	79	15
103	148	85	15
104	103	84	15
104	106	84	15
104	111	97	15
104	116	59	15
104	118	82	15
104	121	88	15
104	123	99	15
104	125	91	15
104	126	99	15
104	138	100	15
105	100	68	15
105	101	85	15
105	102	97	15
105	107	25	15
105	108	71	15
105	109	100	15
105	113	86	15
105	116	69	15
105	118	63	15
105	121	1	15
105	122	100	15
105	126	35	15
105	127	94	15
105	133	68	15
105	138	12	15
105	139	9	15
105	141	11	15
105	143	71	15
105	144	93	15
105	146	100	15
105	148	54	15
106	101	88	15
106	103	87	15
106	104	97	15
106	107	20	15
106	108	82	15
106	111	98	15
106	116	77	15
106	117	21	15
106	118	82	15
106	121	100	15
106	123	96	15
106	124	93	15
106	126	85	15
106	133	25	15
106	138	96	15
107	100	92	15
107	101	92	15
107	102	100	15
107	105	3	15
107	108	88	15
107	109	90	15
107	111	9	15
107	116	0	15
107	118	85	15
107	121	85	15
107	122	96	15
107	124	88	15
107	127	88	15
107	133	80	15
107	144	92	15
108	100	1	15
108	101	99	15
108	102	94	15
108	103	92	15
108	105	98	15
108	106	93	15
108	107	75	15
108	109	89	15
108	111	72	15
108	112	71	15
108	113	50	15
108	116	100	15
108	117	20	15
108	118	98	15
108	121	86	15
108	122	95	15
108	124	4	15
108	125	81	15
108	126	64	15
108	127	85	15
108	130	62	15
108	133	85	15
108	138	33	15
108	139	3	15
108	144	100	15
108	146	100	15
108	148	96	15
109	100	87	15
109	101	84	15
109	102	90	15
109	103	77	15
109	105	100	15
109	107	78	15
109	108	94	15
109	113	94	15
109	116	94	15
109	117	74	15
109	118	17	15
109	122	88	15
109	125	86	15
109	127	97	15
109	130	84	15
109	133	91	15
109	138	71	15
109	139	89	15
109	143	87	15
109	144	99	15
109	146	94	15
109	147	8	15
109	148	9	15
110	112	100	15
110	113	96	15
110	114	96	15
110	115	100	15
110	117	100	15
110	119	98	15
110	125	99	15
110	128	94	15
110	130	86	15
110	131	90	15
110	135	99	15
110	137	97	15
110	146	37	15
110	149	100	15
111	103	98	15
111	104	93	15
111	106	84	15
111	107	65	15
111	108	53	15
111	113	94	15
111	116	90	15
111	118	70	15
111	121	95	15
111	123	100	15
111	124	94	15
111	125	90	15
111	126	98	15
111	130	65	15
111	138	99	15
111	144	35	15
111	148	89	15
112	102	77	15
112	108	84	15
112	109	24	15
112	110	100	15
112	113	100	15
112	114	14	15
112	115	100	15
112	116	82	15
112	117	100	15
112	125	87	15
112	126	56	15
112	130	93	15
112	131	95	15
112	133	49	15
112	135	100	15
112	138	90	15
112	139	36	15
112	143	89	15
112	144	99	15
112	146	5	15
112	148	96	15
113	102	76	15
113	105	91	15
113	108	47	15
113	109	87	15
113	110	100	15
113	111	43	15
113	112	97	15
113	116	63	15
113	117	100	15
113	118	51	15
113	121	19	15
113	125	95	15
113	126	69	15
113	127	67	15
113	130	94	15
113	131	96	15
113	133	7	15
113	138	92	15
113	139	89	15
113	143	66	15
113	144	59	15
113	146	100	15
113	148	85	15
113	149	91	15
114	110	99	15
114	113	15	15
114	115	99	15
114	117	99	15
114	119	100	15
114	120	98	15
114	128	99	15
114	130	90	15
114	131	100	15
114	135	100	15
114	136	99	15
114	137	96	15
114	139	20	15
114	148	4	15
114	149	100	15
115	110	88	15
115	112	98	15
115	114	98	15
115	117	97	15
115	119	99	15
115	125	98	15
115	130	91	15
115	131	91	15
115	135	100	15
115	144	80	15
115	146	81	15
115	149	100	15
116	101	83	15
116	102	88	15
116	103	99	15
116	104	67	15
116	105	84	15
116	106	49	15
116	107	69	15
116	108	88	15
116	109	94	15
116	111	52	15
116	112	97	15
116	113	95	15
116	117	100	15
116	118	87	15
116	121	59	15
116	122	97	15
116	123	83	15
116	124	88	15
116	125	97	15
116	126	82	15
116	127	51	15
116	130	93	15
116	131	89	15
116	133	94	15
116	138	94	15
116	139	96	15
116	144	85	15
116	146	92	15
116	148	98	15
117	102	90	15
117	108	47	15
117	109	85	15
117	110	100	15
117	112	99	15
117	113	100	15
117	114	92	15
117	115	100	15
117	116	77	15
117	119	96	15
117	121	59	15
117	122	16	15
117	125	99	15
117	126	13	15
117	128	0	15
117	130	91	15
117	131	90	15
117	133	77	15
117	138	93	15
117	139	14	15
117	144	41	15
117	146	100	15
117	148	98	15
117	149	99	15
118	100	85	15
118	101	82	15
118	102	94	15
118	103	83	15
118	104	73	15
118	106	81	15
118	107	88	15
118	108	98	15
118	109	3	15
118	111	65	15
118	113	65	15
118	116	83	15
118	121	94	15
118	122	100	15
118	123	3	15
118	124	80	15
118	125	96	15
118	126	68	15
118	127	95	15
118	131	14	15
118	133	88	15
118	146	14	15
118	148	92	15
119	110	99	15
119	114	100	15
119	115	91	15
119	117	93	15
119	120	48	15
119	125	93	15
119	128	100	15
119	129	65	15
119	130	91	15
119	135	100	15
119	136	92	15
119	137	98	15
119	139	23	15
119	144	2	15
119	148	13	15
119	149	97	15
120	114	26	15
120	119	81	15
120	128	0	15
120	129	58	15
120	135	6	15
120	136	100	15
120	142	0	15
121	100	82	15
121	101	22	15
121	103	94	15
121	104	98	15
121	106	94	15
121	107	95	15
121	108	99	15
121	111	89	15
121	113	12	15
121	116	74	15
121	117	26	15
121	118	91	15
121	122	93	15
121	123	97	15
121	124	96	15
121	125	60	15
121	126	92	15
121	133	89	15
121	138	98	15
122	100	98	15
122	101	94	15
122	102	93	15
122	105	98	15
122	107	87	15
122	108	98	15
122	109	100	15
122	113	4	15
122	116	81	15
122	117	43	15
122	118	80	15
122	121	88	15
122	127	97	15
122	130	11	15
122	133	90	15
122	138	20	15
122	139	0	15
122	143	78	15
122	144	97	15
122	148	13	15
123	101	81	15
123	103	92	15
123	104	95	15
123	106	98	15
123	107	16	15
123	111	100	15
123	116	84	15
123	118	29	15
123	121	77	15
123	124	78	15
123	125	19	15
123	126	93	15
123	138	93	15
123	148	68	15
124	100	0	15
124	101	78	15
124	103	78	15
124	106	92	15
124	107	73	15
124	111	88	15
124	116	8	15
124	118	79	15
124	121	99	15
124	123	96	15
124	126	36	15
124	133	67	15
125	102	78	15
125	103	89	15
125	104	99	15
125	108	76	15
125	109	56	15
125	110	98	15
125	111	82	15
125	112	51	15
125	113	98	15
125	115	92	15
125	116	94	15
125	117	100	15
125	118	88	15
125	119	95	15
125	123	1	15
125	126	92	15
125	127	29	15
125	130	100	15
125	131	93	15
125	133	77	15
125	138	98	15
125	144	92	15
125	146	98	15
125	148	90	15
125	149	68	15
126	103	87	15
126	104	100	15
126	106	88	15
126	111	95	15
126	112	14	15
126	113	87	15
126	116	96	15
126	118	39	15
126	121	95	15
126	123	88	15
126	125	92	15
126	130	75	15
126	138	98	15
126	144	93	15
126	146	81	15
127	100	100	15
127	101	96	15
127	102	84	15
127	103	90	15
127	105	91	15
127	107	94	15
127	109	100	15
127	113	85	15
127	116	4	15
127	118	81	15
127	122	100	15
127	125	82	15
127	133	80	15
127	143	57	15
127	144	100	15
127	148	96	15
128	110	97	15
128	113	4	15
128	114	95	15
128	117	1	15
128	119	100	15
128	129	97	15
128	131	85	15
128	135	91	15
128	136	93	15
128	141	0	15
128	142	98	15
128	149	100	15
129	119	92	15
129	120	16	15
129	128	92	15
129	131	16	15
129	136	100	15
129	140	25	15
129	141	85	15
129	142	98	15
129	143	0	15
129	147	9	15
129	149	100	15
130	102	90	15
130	103	84	15
130	105	33	15
130	108	29	15
130	109	96	15
130	110	99	15
130	111	64	15
130	112	97	15
130	113	96	15
130	114	94	15
130	115	100	15
130	116	82	15
130	117	100	15
130	119	99	15
130	125	100	15
130	126	86	15
130	131	96	15
130	133	79	15
130	138	100	15
130	139	95	15
130	141	21	15
130	146	97	15
130	148	99	15
130	149	95	15
131	103	78	15
131	110	95	15
131	112	97	15
131	113	98	15
131	114	88	15
131	115	98	15
131	116	72	15
131	117	100	15
131	125	100	15
131	128	87	15
131	129	24	15
131	130	95	15
131	139	89	15
131	140	92	15
131	141	96	15
131	142	96	15
131	143	100	15
131	147	96	15
131	149	98	15
132	110	77	15
132	114	96	15
132	115	0	15
132	119	97	15
132	120	92	15
132	128	97	15
132	135	100	15
132	136	99	15
132	142	16	15
132	149	70	15
133	100	77	15
133	101	87	15
133	102	96	15
133	103	85	15
133	105	97	15
133	106	2	15
133	107	80	15
133	108	100	15
133	109	91	15
133	111	21	15
133	112	3	15
133	113	32	15
133	116	100	15
133	117	97	15
133	118	94	15
133	121	96	15
133	122	100	15
133	123	21	15
133	124	79	15
133	125	91	15
133	127	92	15
133	130	94	15
133	138	8	15
133	139	70	15
133	144	94	15
133	146	20	15
133	148	88	15
135	110	96	15
135	112	98	15
135	114	99	15
135	115	99	15
135	119	96	15
135	128	96	15
135	136	86	15
135	137	93	15
136	114	95	15
136	119	100	15
136	120	100	15
136	128	100	15
136	129	91	15
136	135	100	15
136	142	6	15
137	110	100	15
137	112	39	15
137	114	99	15
137	115	44	15
137	117	85	15
137	119	98	15
137	120	19	15
137	135	94	15
137	136	90	15
137	149	48	15
138	102	85	15
138	103	82	15
138	104	86	15
138	105	0	15
138	106	78	15
138	109	8	15
138	111	100	15
138	112	100	15
138	113	91	15
138	116	82	15
138	117	100	15
138	121	75	15
138	123	86	15
138	125	100	15
138	126	94	15
138	130	91	15
138	133	20	15
138	139	12	15
138	144	69	15
138	146	7	15
138	148	92	15
138	149	96	15
139	102	81	15
139	109	87	15
139	112	94	15
139	113	96	15
139	114	1	15
139	116	83	15
139	117	60	15
139	119	5	15
139	122	0	15
139	130	94	15
139	131	89	15
139	133	44	15
139	138	68	15
139	140	80	15
139	141	96	15
139	142	92	15
139	143	96	15
139	144	100	15
139	146	97	15
139	147	73	15
139	148	93	15
139	149	86	15
140	129	3	15
140	131	100	15
140	139	78	15
140	141	92	15
140	142	94	15
140	143	98	15
140	147	72	15
140	149	7	15
141	109	33	15
141	112	85	15
141	128	63	15
141	129	89	15
141	130	86	15
141	131	96	15
141	139	100	15
141	140	88	15
141	142	91	15
141	143	79	15
141	144	97	15
141	146	98	15
141	147	81	15
141	148	100	15
141	149	63	15
142	128	100	15
142	129	53	15
142	131	100	15
142	136	11	15
142	139	100	15
142	140	93	15
142	141	98	15
142	143	95	15
142	147	99	15
143	105	100	15
143	109	100	15
143	112	95	15
143	113	77	15
143	122	90	15
143	125	25	15
143	127	52	15
143	129	18	15
143	131	100	15
143	139	100	15
143	140	100	15
143	141	30	15
143	142	89	15
143	144	93	15
143	146	76	15
143	147	93	15
143	149	83	15
144	101	75	15
144	102	82	15
144	103	48	15
144	105	98	15
144	107	77	15
144	108	83	15
144	109	92	15
144	110	6	15
144	112	95	15
144	113	96	15
144	115	87	15
144	116	76	15
144	117	11	15
144	118	6	15
144	122	95	15
144	125	100	15
144	126	81	15
144	127	90	15
144	131	48	15
144	133	65	15
144	138	75	15
144	139	98	15
144	141	92	15
144	143	77	15
144	146	97	15
144	148	97	15
144	149	93	15
146	101	7	15
146	102	92	15
146	103	12	15
146	105	76	15
146	107	45	15
146	108	95	15
146	109	94	15
146	110	100	15
146	111	49	15
146	113	98	15
146	115	96	15
146	116	80	15
146	117	100	15
146	118	81	15
146	121	12	15
146	125	92	15
146	126	83	15
146	130	92	15
146	131	91	15
146	133	74	15
146	138	87	15
146	139	95	15
146	141	100	15
146	142	1	15
146	143	87	15
146	144	100	15
146	147	2	15
146	148	97	15
146	149	95	15
147	128	44	15
147	129	15	15
147	131	72	15
147	139	88	15
147	140	59	15
147	141	67	15
147	142	99	15
147	143	92	15
148	103	83	15
148	105	52	15
148	108	95	15
148	109	22	15
148	111	98	15
148	112	100	15
148	113	94	15
148	114	23	15
148	115	7	15
148	116	84	15
148	117	96	15
148	118	85	15
148	119	12	15
148	123	82	15
148	125	90	15
148	127	90	15
148	130	94	15
148	131	0	15
148	133	88	15
148	138	98	15
148	139	98	15
148	141	89	15
148	143	4	15
148	144	94	15
148	146	94	15
148	149	94	15
149	110	100	15
149	113	91	15
149	114	98	15
149	115	92	15
149	117	94	15
149	119	100	15
149	125	41	15
149	128	100	15
149	129	34	15
149	130	94	15
149	131	97	15
149	138	94	15
149	139	90	15
149	144	80	15
149	146	96	15
149	147	0	15
149	148	91	15
