100	101	89	26
100	102	94	26
100	105	89	26
100	106	52	26
100	107	90	26
100	108	98	26
100	109	99	26
100	118	92	26
100	122	94	26
100	127	99	26
100	133	65	26
101	100	100	26
101	102	98	26
101	105	99	26
101	106	89	26
101	107	91	26
101	108	100	26
101	109	100	26
101	116	95	26
101	121	95	26
101	122	100	26
101	127	97	26
101	133	94	26
101	148	10	26
102	100	91	26
102	101	94	26
102	103	99	26
102	105	99	26
102	107	100	26
102	108	93	26
102	109	100	26
102	112	95	26
102	113	100	26
102	115	0	26
102	116	95	26
102	118	95	26
102	122	100	26
102	125	19	26
102	126	89	26
102	127	96	26
102	133	100	26
102	138	99	26
102	139	91	26
102	144	96	26
102	146	63	26
102	148	100	26
103	102	95	26
103	104	92	26
103	106	93	26
103	107	86	26
103	108	93	26
103	111	97	26
103	113	94	26
103	116	99	26
103	117	8	26
103	118	97	26
103	121	96	26
103	123	100	26
103	124	99	26
103	125	100	26
103	126	100	26
103	130	94	26
103	131	100	26
103	133	91	26
103	138	100	26
103	146	50	26
103	148	99	26
104	103	89	26
104	106	85	26
104	108	15	26
104	111	98	26
104	112	82	26
104	118	88	26
104	121	94	26
104	123	95	26
104	124	92	26
104	126	96	26
104	138	96	26
105	100	97	26
105	101	96	26
105	102	99	26
105	108	99	26
105	109	100	26
105	113	98	26
105	116	23	26
105	118	96	26
105	122	99	26
105	127	94	26
105	130	100	26
105	133	71	26
105	138	13	26
105	139	95	26
105	141	92	26
105	143	98	26
105	144	100	26
105	146	93	26
106	100	2	26
106	101	9	26
106	103	98	26
106	104	100	26
106	108	55	26
106	109	5	26
106	111	99	26
106	116	5	26
106	118	95	26
106	121	97	26
106	122	14	26
106	123	97	26
106	124	100	26
106	125	78	26
106	126	98	26
106	133	99	26
106	138	91	26
107	100	95	26
107	101	95	26
107	102	91	26
107	103	96	26
107	108	99	26
107	109	82	26
107	116	93	26
107	118	96	26
107	121	93	26
107	122	93	26
107	124	96	26
107	125	2	26
107	127	92	26
107	144	90	26
108	100	97	26
108	101	100	26
108	102	95	26
108	103	100	26
108	104	66	26
108	105	94	26
108	106	92	26
108	107	100	26
108	109	100	26
108	111	20	26
108	113	7	26
108	116	96	26
108	117	65	26
108	118	95	26
108	121	98	26
108	122	100	26
108	123	100	26
108	125	87	26
108	127	98	26
108	130	1	26
108	133	100	26
108	138	100	26
108	139	95	26
108	144	97	26
108	148	93	26
109	100	96	26
109	101	92	26
109	102	97	26
109	105	100	26
109	106	71	26
109	107	91	26
109	108	97	26
109	112	100	26
109	116	100	26
109	117	99	26
109	122	95	26
109	125	94	26
109	126	95	26
109	127	100	26
109	130	100	26
109	131	43	26
109	133	92	26
109	138	97	26
109	139	33	26
109	143	72	26
109	144	99	26
109	147	5	26
109	148	97	26
110	112	99	26
110	113	100	26
110	114	100	26
110	115	99	26
110	119	100	26
110	125	96	26
110	128	97	26
110	130	100	26
110	131	99	26
110	135	100	26
110	136	4	26
110	137	98	26
110	139	16	26
110	146	100	26
110	149	100	26
111	103	100	26
111	104	97	26
111	106	100	26
111	113	96	26
111	116	84	26
111	117	94	26
111	118	92	26
111	121	100	26
111	123	91	26
111	124	93	26
111	125	56	26
111	126	100	26
111	133	99	26
111	138	98	26
111	148	87	26
112	102	97	26
112	104	46	26
112	109	88	26
112	110	100	26
112	113	99	26
112	115	93	26
112	116	93	26
112	117	95	26
112	119	93	26
112	125	100	26
112	128	99	26
112	130	100	26
112	131	94	26
112	133	92	26
112	138	98	26
112	139	7	26
112	144	8	26
112	146	62	26
112	148	100	26
112	149	99	26
113	102	99	26
113	103	100	26
113	105	21	26
113	110	100	26
113	111	83	26
113	112	97	26
113	115	100	26
113	116	100	26
113	117	93	26
113	118	99	26
113	119	96	26
113	121	91	26
113	122	97	26
113	125	98	26
113	130	100	26
113	131	97	26
113	133	89	26
113	138	100	26
113	139	98	26
113	143	14	26
113	144	100	26
113	146	93	26
113	148	95	26
113	149	100	26
114	110	97	26
114	115	17	26
114	117	36	26
114	119	99	26
114	120	98	26
114	125	51	26
114	128	100	26
114	129	33	26
114	130	39	26
114	135	96	26
114	136	96	26
114	137	99	26
114	146	16	26
115	110	100	26
115	112	29	26
115	113	100	26
115	114	6	26
115	117	96	26
115	119	97	26
115	125	100	26
115	128	3	26
115	130	95	26
115	131	96	26
115	138	93	26
115	141	7	26
115	146	91	26
115	149	100	26
116	101	100	26
116	102	98	26
116	103	96	26
116	104	0	26
116	107	85	26
116	108	96	26
116	109	97	26
116	111	96	26
116	112	93	26
116	113	97	26
116	115	1	26
116	117	99	26
116	118	100	26
116	122	95	26
116	123	74	26
116	125	100	26
116	126	90	26
116	127	90	26
116	130	99	26
116	133	82	26
116	138	100	26
116	139	94	26
116	144	100	26
116	146	93	26
116	148	100	26
116	149	24	26
117	108	50	26
117	109	95	26
117	110	7	26
117	111	98	26
117	112	99	26
117	113	100	26
117	115	97	26
117	116	97	26
117	118	5	26
117	119	100	26
117	120	8	26
117	125	100	26
117	126	91	26
117	130	100	26
117	131	96	26
117	133	93	26
117	135	76	26
117	137	96	26
117	138	100	26
117	139	33	26
117	144	96	26
117	146	93	26
117	148	99	26
117	149	99	26
118	100	97	26
118	102	97	26
118	103	100	26
118	104	96	26
118	105	4	26
118	106	95	26
118	107	94	26
118	108	95	26
118	111	98	26
118	112	3	26
118	113	97	26
118	116	100	26
118	117	14	26
118	121	98	26
118	122	100	26
118	123	100	26
118	124	88	26
118	125	100	26
118	126	85	26
118	127	9	26
118	130	96	26
118	131	2	26
118	133	92	26
118	138	97	26
118	144	100	26
118	146	99	26
119	110	100	26
119	112	95	26
119	113	99	26
119	114	95	26
119	115	99	26
119	117	95	26
119	120	96	26
119	128	94	26
119	129	100	26
119	130	43	26
119	131	96	26
119	135	97	26
119	136	95	26
119	137	100	26
119	139	3	26
119	144	26	26
119	146	100	26
119	148	98	26
119	149	100	26
120	114	98	26
120	119	85	26
120	128	98	26
120	129	93	26
120	135	96	26
120	136	96	26
120	142	95	26
121	101	100	26
121	103	96	26
121	104	95	26
121	106	100	26
121	107	95	26
121	108	90	26
121	111	97	26
121	113	91	26
121	118	93	26
121	123	93	26
121	124	100	26
121	125	14	26
121	126	94	26
121	133	89	26
121	138	100	26
121	148	6	26
122	100	100	26
122	101	100	26
122	102	97	26
122	105	97	26
122	106	91	26
122	107	100	26
122	108	100	26
122	109	100	26
122	113	98	26
122	116	100	26
122	117	89	26
122	118	100	26
122	121	1	26
122	123	88	26
122	124	100	26
122	125	96	26
122	127	93	26
122	130	0	26
122	133	99	26
122	139	49	26
122	143	98	26
122	144	91	26
122	148	93	26
123	103	100	26
123	104	94	26
123	106	93	26
123	108	96	26
123	111	100	26
123	112	8	26
123	116	58	26
123	118	90	26
123	121	99	26
123	122	1	26
123	124	100	26
123	126	96	26
123	130	43	26
123	133	28	26
123	138	100	26
123	148	56	26
124	103	100	26
124	104	95	26
124	106	99	26
124	107	94	26
124	111	98	26
124	118	99	26
124	121	100	26
124	123	100	26
124	126	71	26
124	138	25	26
125	102	57	26
125	103	100	26
125	106	21	26
125	108	79	26
125	109	98	26
125	110	95	26
125	111	43	26
125	112	99	26
125	113	100	26
125	114	0	26
125	115	99	26
125	116	100	26
125	117	100	26
125	118	94	26
125	121	14	26
125	122	65	26
125	126	100	26
125	127	11	26
125	130	97	26
125	131	100	26
125	133	96	26
125	138	96	26
125	139	2	26
125	144	15	26
125	148	95	26
125	149	99	26
126	102	94	26
126	103	98	26
126	104	100	26
126	106	97	26
126	109	58	26
126	110	4	26
126	111	100	26
126	113	85	26
126	116	93	26
126	117	97	26
126	118	100	26
126	121	100	26
126	123	93	26
126	124	98	26
126	125	99	26
126	133	5	26
126	138	96	26
126	144	90	26
126	146	96	26
126	148	100	26
127	100	91	26
127	101	100	26
127	102	97	26
127	105	100	26
127	107	100	26
127	108	100	26
127	109	100	26
127	113	94	26
127	116	91	26
127	118	95	26
127	122	100	26
127	125	77	26
127	133	64	26
127	143	18	26
127	144	97	26
127	146	91	26
127	148	100	26
128	110	58	26
128	112	89	26
128	114	94	26
128	115	5	26
128	119	100	26
128	120	100	26
128	129	100	26
128	135	96	26
128	136	0	26
128	142	100	26
128	149	96	26
129	114	60	26
129	119	100	26
129	120	93	26
129	128	100	26
129	131	97	26
129	135	0	26
129	136	100	26
129	140	78	26
129	142	95	26
129	147	100	26
130	103	94	26
130	105	58	26
130	109	95	26
130	110	96	26
130	112	100	26
130	113	100	26
130	114	9	26
130	115	96	26
130	116	93	26
130	117	97	26
130	118	94	26
130	119	26	26
130	123	32	26
130	125	99	26
130	131	96	26
130	138	99	26
130	139	96	26
130	141	41	26
130	143	91	26
130	144	99	26
130	146	100	26
130	148	100	26
130	149	73	26
131	103	94	26
131	110	100	26
131	112	94	26
131	113	93	26
131	115	100	26
131	117	100	26
131	119	100	26
131	125	100	26
131	128	2	26
131	129	34	26
131	130	100	26
131	138	29	26
131	139	95	26
131	140	98	26
131	141	100	26
131	142	97	26
131	143	92	26
131	144	87	26
131	146	94	26
131	147	16	26
131	148	94	26
131	149	98	26
132	110	83	26
132	112	8	26
132	114	98	26
132	115	96	26
132	119	98	26
132	120	99	26
132	129	94	26
132	135	96	26
132	136	97	26
132	137	96	26
133	100	20	26
133	101	100	26
133	102	100	26
133	103	86	26
133	106	92	26
133	108	93	26
133	109	71	26
133	111	100	26
133	112	95	26
133	113	96	26
133	116	68	26
133	117	99	26
133	118	96	26
133	121	98	26
133	122	98	26
133	123	63	26
133	125	96	26
133	127	2	26
133	138	100	26
133	144	98	26
133	146	100	26
133	148	97	26
135	110	100	26
135	114	97	26
135	117	98	26
135	119	98	26
135	120	97	26
135	128	98	26
135	136	93	26
135	137	100	26
135	149	94	26
136	114	93	26
136	119	95	26
136	120	96	26
136	128	82	26
136	129	98	26
136	135	95	26
136	137	1	26
136	142	4	26
137	110	100	26
137	112	5	26
137	114	100	26
137	115	82	26
137	117	92	26
137	119	100	26
137	135	100	26
137	136	5	26
138	102	59	26
138	103	99	26
138	104	96	26
138	106	91	26
138	108	93	26
138	109	98	26
138	111	94	26
138	112	98	26
138	113	90	26
138	115	98	26
138	116	94	26
138	117	95	26
138	118	92	26
138	121	94	26
138	123	94	26
138	124	6	26
138	125	99	26
138	126	98	26
138	130	97	26
138	131	25	26
138	133	91	26
138	146	85	26
138	148	94	26
139	102	58	26
139	105	97	26
139	108	54	26
139	112	6	26
139	113	94	26
139	116	89	26
139	117	26	26
139	130	93	26
139	131	100	26
139	140	94	26
139	141	100	26
139	142	99	26
139	143	95	26
139	144	100	26
139	147	99	26
139	148	94	26
139	149	84	26
140	129	2	26
140	131	94	26
140	139	93	26
140	141	95	26
140	143	100	26
140	147	100	26
141	105	43	26
141	112	4	26
141	115	82	26
141	120	4	26
141	125	1	26
141	130	41	26
141	131	100	26
141	139	99	26
141	140	100	26
141	142	97	26
141	143	100	26
141	146	95	26
141	147	89	26
141	148	100	26
141	149	96	26
142	120	100	26
142	128	97	26
142	129	98	26
142	131	92	26
142	136	91	26
142	139	89	26
142	140	2	26
142	141	99	26
142	143	98	26
142	147	93	26
143	105	95	26
143	113	82	26
143	130	72	26
143	131	100	26
143	139	99	26
143	140	100	26
143	141	100	26
143	142	96	26
143	144	82	26
143	146	99	26
143	147	96	26
144	102	95	26
144	105	96	26
144	107	95	26
144	108	100	26
144	109	100	26
144	111	7	26
144	112	76	26
144	113	98	26
144	116	95	26
144	117	97	26
144	118	93	26
144	119	81	26
144	122	100	26
144	125	64	26
144	126	71	26
144	127	95	26
144	130	100	26
144	131	98	26
144	133	97	26
144	139	95	26
144	143	80	26
144	146	100	26
144	148	99	26
146	102	98	26
146	103	93	26
146	105	100	26
146	110	95	26
146	112	96	26
146	113	97	26
146	114	85	26
146	115	98	26
146	116	100	26
146	117	95	26
146	118	90	26
146	119	99	26
146	126	93	26
146	127	92	26
146	128	98	26
146	130	100	26
146	131	95	26
146	133	97	26
146	138	91	26
146	141	98	26
146	143	94	26
146	144	93	26
146	148	99	26
146	149	96	26
147	129	97	26
147	131	82	26
147	139	100	26
147	140	99	26
147	141	91	26
147	142	100	26
147	143	96	26
148	102	100	26
148	103	83	26
148	108	100	26
148	109	100	26
148	111	78	26
148	112	100	26
148	113	96	26
148	116	93	26
148	117	96	26
148	119	97	26
148	122	72	26
148	125	98	26
148	126	92	26
148	127	92	26
148	130	93	26
148	131	100	26
148	133	96	26
148	138	100	26
148	139	100	26
148	141	93	26
148	144	98	26
148	146	93	26
148	149	100	26
149	110	100	26
149	112	97	26
149	113	94	26
149	115	96	26
149	116	10	26
149	117	98	26
149	119	100	26
149	125	100	26
149	128	100	26
149	130	91	26
149	131	97	26
149	135	96	26
149	139	97	26
149	141	100	26
149	146	100	26
149	148	93	26
100	101	60	25
100	102	97	25
100	105	56	25
100	107	94	25
100	108	97	25
100	109	97	25
100	116	76	25
100	118	98	25
100	121	92	25
100	122	97	25
100	127	98	25
100	133	5	25
100	144	16	25
101	100	36	25
101	102	100	25
101	103	66	25
101	105	95	25
101	106	96	25
101	107	100	25
101	108	100	25
101	109	100	25
101	116	100	25
101	118	92	25
101	121	93	25
101	122	100	25
101	123	1	25
101	124	16	25
101	127	96	25
101	133	99	25
101	144	20	25
102	100	95	25
102	101	98	25
102	103	96	25
102	105	99	25
102	107	97	25
102	108	97	25
102	109	100	25
102	112	56	25
102	113	84	25
102	116	100	25
102	118	96	25
102	122	100	25
102	124	100	25
102	125	91	25
102	126	76	25
102	127	100	25
102	133	99	25
102	138	100	25
102	139	96	25
102	144	98	25
102	146	95	25
102	148	67	25
103	101	96	25
103	102	100	25
103	104	100	25
103	106	94	25
103	108	93	25
103	109	100	25
103	111	100	25
103	113	100	25
103	116	97	25
103	118	100	25
103	121	100	25
103	123	98	25
103	124	100	25
103	125	38	25
103	126	98	25
103	130	97	25
103	131	1	25
103	133	98	25
103	138	96	25
103	139	96	25
103	144	32	25
103	146	88	25
104	103	96	25
104	106	100	25
104	108	9	25
104	111	99	25
104	118	60	25
104	121	100	25
104	123	100	25
104	124	100	25
104	125	71	25
104	126	98	25
104	138	96	25
105	100	100	25
105	101	97	25
105	102	97	25
105	103	53	25
105	107	99	25
105	108	99	25
105	109	98	25
105	113	94	25
105	116	87	25
105	117	4	25
105	122	100	25
105	125	95	25
105	127	97	25
105	130	100	25
105	133	99	25
105	138	96	25
105	139	93	25
105	143	97	25
105	144	100	25
105	146	97	25
105	148	10	25
106	101	100	25
106	103	98	25
106	104	98	25
106	107	3	25
106	111	95	25
106	116	15	25
106	118	100	25
106	121	100	25
106	123	100	25
106	124	93	25
106	125	97	25
106	126	9	25
106	130	34	25
106	133	99	25
106	138	94	25
107	100	98	25
107	101	100	25
107	102	96	25
107	105	98	25
107	108	97	25
107	109	100	25
107	116	100	25
107	118	99	25
107	121	97	25
107	122	98	25
107	124	100	25
107	127	96	25
107	133	100	25
107	144	93	25
107	146	81	25
108	100	100	25
108	101	100	25
108	102	100	25
108	103	97	25
108	105	96	25
108	107	100	25
108	109	95	25
108	113	100	25
108	116	97	25
108	118	98	25
108	121	95	25
108	122	100	25
108	123	80	25
108	124	100	25
108	125	95	25
108	127	19	25
108	130	96	25
108	133	94	25
108	138	97	25
108	139	65	25
108	144	96	25
108	148	95	25
109	100	99	25
109	101	97	25
109	102	97	25
109	103	98	25
109	105	94	25
109	107	100	25
109	108	96	25
109	113	96	25
109	116	94	25
109	117	99	25
109	118	100	25
109	122	100	25
109	124	3	25
109	125	91	25
109	127	92	25
109	130	97	25
109	131	3	25
109	133	100	25
109	138	97	25
109	139	100	25
109	141	4	25
109	143	100	25
109	144	99	25
109	146	100	25
109	148	100	25
110	112	97	25
110	113	97	25
110	114	96	25
110	115	99	25
110	117	100	25
110	119	100	25
110	128	94	25
110	130	99	25
110	131	100	25
110	135	98	25
110	137	98	25
110	138	82	25
110	139	74	25
110	143	28	25
110	146	96	25
110	149	99	25
111	103	99	25
111	104	100	25
111	108	9	25
111	113	95	25
111	116	100	25
111	118	98	25
111	125	98	25
111	126	100	25
111	130	8	25
111	133	100	25
111	138	99	25
111	148	92	25
112	102	93	25
112	110	98	25
112	113	95	25
112	115	98	25
112	116	97	25
112	117	100	25
112	119	94	25
112	125	98	25
112	126	2	25
112	128	89	25
112	131	100	25
112	137	99	25
112	138	99	25
112	141	96	25
112	146	92	25
112	148	100	25
112	149	97	25
113	102	93	25
113	103	100	25
113	108	97	25
113	109	0	25
113	110	100	25
113	111	99	25
113	112	100	25
113	115	100	25
113	116	96	25
113	117	100	25
113	118	59	25
113	119	91	25
113	121	2	25
113	125	98	25
113	127	100	25
113	130	96	25
113	131	97	25
113	133	5	25
113	137	80	25
113	138	15	25
113	139	100	25
113	144	100	25
113	146	94	25
113	148	94	25
113	149	100	25
114	110	99	25
114	115	76	25
114	119	100	25
114	120	100	25
114	128	100	25
114	129	16	25
114	130	59	25
114	131	56	25
114	135	100	25
114	136	100	25
114	137	100	25
114	148	0	25
115	110	100	25
115	112	100	25
115	113	100	25
115	114	94	25
115	117	98	25
115	119	100	25
115	125	98	25
115	130	100	25
115	131	99	25
115	146	0	25
115	149	96	25
116	100	83	25
116	101	93	25
116	102	99	25
116	103	97	25
116	105	50	25
116	106	80	25
116	107	96	25
116	108	100	25
116	109	97	25
116	111	97	25
116	112	96	25
116	113	96	25
116	117	95	25
116	118	99	25
116	121	94	25
116	122	97	25
116	123	0	25
116	125	99	25
116	126	79	25
116	127	19	25
116	130	100	25
116	131	96	25
116	133	100	25
116	138	98	25
116	139	5	25
116	144	0	25
116	146	100	25
116	148	99	25
117	109	99	25
117	110	100	25
117	111	0	25
117	112	98	25
117	113	100	25
117	114	89	25
117	115	100	25
117	116	92	25
117	119	100	25
117	125	97	25
117	126	97	25
117	130	69	25
117	131	96	25
117	133	100	25
117	135	98	25
117	137	94	25
117	138	97	25
117	146	99	25
117	148	99	25
117	149	100	25
118	100	97	25
118	101	100	25
118	102	98	25
118	103	100	25
118	104	30	25
118	106	6	25
118	107	96	25
118	108	100	25
118	109	100	25
118	111	94	25
118	113	99	25
118	116	100	25
118	121	92	25
118	122	97	25
118	123	15	25
118	124	100	25
118	125	100	25
118	126	93	25
118	127	93	25
118	130	100	25
118	133	100	25
118	138	98	25
118	146	83	25
118	148	98	25
119	110	100	25
119	112	98	25
119	113	95	25
119	114	99	25
119	115	100	25
119	117	100	25
119	120	100	25
119	125	95	25
119	128	100	25
119	129	100	25
119	130	96	25
119	131	5	25
119	135	97	25
119	136	100	25
119	137	100	25
119	146	97	25
119	148	98	25
119	149	97	25
120	114	99	25
120	119	100	25
120	128	93	25
120	129	92	25
120	131	35	25
120	136	100	25
120	142	90	25
121	100	93	25
121	101	100	25
121	102	1	25
121	103	98	25
121	104	100	25
121	106	100	25
121	107	100	25
121	108	100	25
121	111	37	25
121	113	100	25
121	116	90	25
121	118	100	25
121	122	100	25
121	123	100	25
121	124	95	25
121	125	0	25
121	126	98	25
121	133	100	25
121	138	98	25
121	148	1	25
122	100	100	25
122	101	94	25
122	102	100	25
122	103	86	25
122	105	97	25
122	106	4	25
122	107	100	25
122	108	95	25
122	109	100	25
122	111	100	25
122	113	48	25
122	116	97	25
122	118	100	25
122	121	100	25
122	123	20	25
122	124	43	25
122	125	100	25
122	126	11	25
122	127	98	25
122	130	100	25
122	133	98	25
122	144	96	25
122	148	100	25
123	101	13	25
123	103	100	25
123	104	99	25
123	106	100	25
123	108	94	25
123	118	78	25
123	121	95	25
123	124	100	25
123	126	96	25
123	130	95	25
123	133	92	25
123	138	100	25
123	148	93	25
124	101	68	25
124	102	97	25
124	103	94	25
124	104	99	25
124	106	100	25
124	107	96	25
124	108	95	25
124	111	17	25
124	118	100	25
124	121	100	25
124	123	95	25
125	102	100	25
125	103	93	25
125	104	41	25
125	105	26	25
125	106	98	25
125	108	98	25
125	109	34	25
125	111	97	25
125	112	95	25
125	113	97	25
125	115	94	25
125	116	98	25
125	117	100	25
125	118	94	25
125	119	100	25
125	122	95	25
125	126	97	25
125	130	96	25
125	131	97	25
125	133	100	25
125	138	100	25
125	144	100	25
125	146	100	25
125	148	98	25
126	102	70	25
126	103	96	25
126	104	100	25
126	111	98	25
126	117	97	25
126	118	87	25
126	121	100	25
126	123	93	25
126	125	100	25
126	130	100	25
126	138	97	25
126	144	100	25
126	146	100	25
127	100	95	25
127	101	98	25
127	102	100	25
127	105	98	25
127	107	95	25
127	108	91	25
127	109	100	25
127	113	97	25
127	116	17	25
127	122	94	25
127	125	2	25
127	130	4	25
127	133	100	25
127	138	9	25
127	143	82	25
127	144	100	25
127	146	99	25
127	148	98	25
128	110	100	25
128	114	96	25
128	119	91	25
128	120	97	25
128	129	96	25
128	135	97	25
128	142	96	25
128	149	100	25
129	114	58	25
129	119	100	25
129	120	100	25
129	128	100	25
129	131	68	25
129	136	100	25
129	140	96	25
129	142	100	25
129	143	71	25
129	147	100	25
130	103	100	25
130	105	72	25
130	106	6	25
130	108	100	25
130	109	95	25
130	110	100	25
130	113	97	25
130	114	48	25
130	115	92	25
130	116	100	25
130	118	100	25
130	119	100	25
130	122	16	25
130	123	99	25
130	125	97	25
130	126	100	25
130	131	98	25
130	133	100	25
130	138	100	25
130	139	95	25
130	141	4	25
130	143	100	25
130	144	99	25
130	146	98	25
130	148	96	25
130	149	55	25
131	103	5	25
131	110	98	25
131	112	100	25
131	113	100	25
131	114	79	25
131	115	100	25
131	116	4	25
131	117	97	25
131	120	21	25
131	125	100	25
131	129	40	25
131	130	92	25
131	138	17	25
131	139	96	25
131	141	97	25
131	142	97	25
131	143	100	25
131	144	99	25
131	147	13	25
131	148	100	25
131	149	100	25
132	114	96	25
132	115	94	25
132	119	100	25
132	120	96	25
132	128	37	25
132	129	99	25
132	135	99	25
132	136	100	25
132	137	64	25
133	101	95	25
133	102	98	25
133	103	100	25
133	105	96	25
133	106	90	25
133	107	96	25
133	108	98	25
133	109	98	25
133	111	99	25
133	113	67	25
133	116	100	25
133	117	100	25
133	118	100	25
133	121	100	25
133	122	100	25
133	123	1	25
133	125	100	25
133	127	100	25
133	130	100	25
133	138	98	25
133	144	96	25
133	146	100	25
133	148	100	25
134	102	100	25
134	110	98	25
134	112	97	25
134	113	98	25
134	114	100	25
134	115	96	25
134	116	36	25
134	117	99	25
134	119	96	25
134	120	19	25
134	125	98	25
134	128	100	25
134	130	99	25
134	131	98	25
134	133	89	25
134	137	93	25
134	138	93	25
134	139	49	25
134	141	9	25
134	143	100	25
134	144	95	25
134	146	100	25
134	148	96	25
134	149	73	25
135	110	99	25
135	114	100	25
135	117	98	25
135	119	100	25
135	128	100	25
135	136	100	25
135	137	94	25
135	149	97	25
136	114	98	25
136	119	95	25
136	120	100	25
136	128	18	25
136	129	100	25
136	135	99	25
136	137	27	25
136	142	100	25
137	110	100	25
137	112	97	25
137	113	94	25
137	114	100	25
137	115	28	25
137	117	100	25
137	119	97	25
137	128	11	25
137	135	98	25
137	136	69	25
138	102	94	25
138	103	95	25
138	104	96	25
138	105	2	25
138	106	98	25
138	108	100	25
138	109	11	25
138	110	15	25
138	111	100	25
138	112	96	25
138	116	95	25
138	117	100	25
138	118	94	25
138	121	96	25
138	123	99	25
138	125	97	25
138	126	96	25
138	130	100	25
138	131	1	25
138	133	80	25
138	144	5	25
138	146	99	25
138	148	99	25
138	149	25	25
139	102	100	25
139	103	91	25
139	105	100	25
139	108	82	25
139	109	100	25
139	110	79	25
139	113	98	25
139	128	2	25
139	130	99	25
139	131	100	25
139	140	100	25
139	141	100	25
139	143	100	25
139	144	100	25
139	146	98	25
139	147	100	25
139	149	66	25
140	129	96	25
140	139	100	25
140	141	100	25
140	142	97	25
140	143	99	25
140	147	100	25
141	112	97	25
141	128	0	25
141	130	89	25
141	131	93	25
141	139	99	25
141	140	94	25
141	142	100	25
141	143	99	25
141	144	100	25
141	147	13	25
141	148	95	25
141	149	100	25
142	120	98	25
142	128	100	25
142	129	94	25
142	131	98	25
142	136	96	25
142	139	19	25
142	140	98	25
142	141	100	25
142	143	100	25
142	146	18	25
142	147	97	25
143	105	100	25
143	109	100	25
143	110	28	25
143	129	27	25
143	130	99	25
143	131	99	25
143	139	97	25
143	140	98	25
143	141	96	25
143	142	96	25
143	144	97	25
143	147	99	25
143	148	100	25
144	100	6	25
144	101	94	25
144	102	100	25
144	103	100	25
144	105	93	25
144	107	100	25
144	108	96	25
144	109	98	25
144	113	96	25
144	116	3	25
144	122	100	25
144	125	100	25
144	126	99	25
144	127	100	25
144	130	95	25
144	131	98	25
144	133	100	25
144	138	100	25
144	139	98	25
144	141	93	25
144	143	96	25
144	146	100	25
144	148	96	25
144	149	21	25
146	102	96	25
146	103	100	25
146	105	99	25
146	107	99	25
146	108	1	25
146	109	100	25
146	110	98	25
146	112	92	25
146	113	93	25
146	116	97	25
146	117	98	25
146	118	99	25
146	119	99	25
146	125	95	25
146	126	100	25
146	127	100	25
146	128	65	25
146	130	99	25
146	133	100	25
146	138	100	25
146	139	99	25
146	142	37	25
146	144	98	25
146	148	94	25
146	149	100	25
147	129	99	25
147	131	39	25
147	139	100	25
147	140	100	25
147	142	100	25
147	143	97	25
148	102	98	25
148	108	98	25
148	109	100	25
148	110	8	25
148	111	100	25
148	112	99	25
148	113	100	25
148	114	71	25
148	116	96	25
148	117	100	25
148	118	97	25
148	119	99	25
148	123	99	25
148	125	100	25
148	126	54	25
148	127	100	25
148	130	100	25
148	131	95	25
148	133	99	25
148	138	100	25
148	141	96	25
148	143	98	25
148	144	100	25
148	146	99	25
148	149	96	25
149	108	0	25
149	110	97	25
149	112	98	25
149	113	99	25
149	115	95	25
149	117	97	25
149	119	100	25
149	128	90	25
149	130	96	25
149	131	99	25
149	135	97	25
149	138	95	25
149	139	95	25
149	141	97	25
149	143	5	25
149	144	26	25
149	146	97	25
149	148	100	25
100	101	74	24
100	102	95	24
100	105	92	24
100	107	100	24
100	108	93	24
100	109	37	24
100	116	0	24
100	118	100	24
100	122	74	24
100	127	100	24
100	133	84	24
100	144	26	24
101	102	98	24
101	103	95	24
101	105	98	24
101	107	100	24
101	108	100	24
101	109	100	24
101	116	100	24
101	118	100	24
101	121	93	24
101	122	94	24
101	123	75	24
101	124	55	24
101	127	98	24
101	133	100	24
102	100	90	24
102	101	95	24
102	103	95	24
102	107	99	24
102	108	96	24
102	109	91	24
102	112	55	24
102	113	100	24
102	116	97	24
102	117	87	24
102	118	97	24
102	122	100	24
102	123	12	24
102	124	100	24
102	125	95	24
102	126	88	24
102	127	95	24
102	130	5	24
102	133	99	24
102	138	100	24
102	139	8	24
102	144	98	24
102	146	100	24
102	148	96	24
103	101	60	24
103	102	99	24
103	104	100	24
103	106	99	24
103	107	100	24
103	108	99	24
103	111	98	24
103	113	97	24
103	116	100	24
103	118	96	24
103	121	97	24
103	122	71	24
103	123	100	24
103	124	7	24
103	125	100	24
103	126	100	24
103	130	100	24
103	131	92	24
103	133	100	24
103	138	100	24
103	139	98	24
103	144	93	24
103	146	1	24
103	148	99	24
104	103	99	24
104	106	89	24
104	111	100	24
104	113	96	24
104	116	100	24
104	117	50	24
104	118	85	24
104	121	97	24
104	123	99	24
104	124	100	24
104	125	45	24
104	126	100	24
104	133	10	24
104	138	94	24
104	148	38	24
105	100	92	24
105	101	96	24
105	103	22	24
105	108	100	24
105	109	98	24
105	112	37	24
105	116	96	24
105	117	63	24
105	118	12	24
105	122	98	24
105	125	100	24
105	126	6	24
105	127	93	24
105	130	95	24
105	133	99	24
105	138	96	24
105	139	95	24
105	141	97	24
105	143	90	24
105	144	100	24
105	146	96	24
105	148	99	24
105	149	1	24
106	101	26	24
106	102	11	24
106	103	100	24
106	104	61	24
106	107	9	24
106	108	3	24
106	111	100	24
106	113	69	24
106	116	41	24
106	117	69	24
106	118	26	24
106	121	96	24
106	123	98	24
106	124	96	24
106	125	68	24
106	126	97	24
106	130	50	24
106	133	96	24
106	138	100	24
107	100	89	24
107	101	92	24
107	102	99	24
107	103	95	24
107	108	97	24
107	109	99	24
107	116	98	24
107	118	97	24
107	121	96	24
107	122	100	24
107	123	34	24
107	124	97	24
107	127	92	24
107	133	100	24
107	144	98	24
107	146	25	24
107	148	63	24
108	100	71	24
108	101	91	24
108	102	100	24
108	103	96	24
108	105	64	24
108	106	8	24
108	107	98	24
108	109	88	24
108	113	6	24
108	116	96	24
108	117	31	24
108	118	98	24
108	121	93	24
108	122	93	24
108	123	8	24
108	124	98	24
108	125	95	24
108	126	96	24
108	127	9	24
108	130	100	24
108	133	93	24
108	144	94	24
108	146	77	24
108	148	98	24
109	100	93	24
109	101	93	24
109	102	97	24
109	103	50	24
109	105	100	24
109	107	98	24
109	108	92	24
109	111	3	24
109	112	100	24
109	113	100	24
109	115	10	24
109	116	100	24
109	117	94	24
109	118	100	24
109	119	32	24
109	122	100	24
109	124	23	24
109	125	100	24
109	127	98	24
109	130	100	24
109	131	49	24
109	133	95	24
109	138	93	24
109	139	96	24
109	140	10	24
109	143	96	24
109	144	98	24
109	146	98	24
109	148	99	24
109	149	88	24
110	112	97	24
110	113	100	24
110	114	99	24
110	115	100	24
110	117	98	24
110	119	93	24
110	120	97	24
110	125	98	24
110	128	59	24
110	130	97	24
110	131	100	24
110	135	95	24
110	137	97	24
110	139	51	24
110	146	94	24
110	148	95	24
110	149	100	24
111	102	3	24
111	103	100	24
111	104	97	24
111	106	93	24
111	108	6	24
111	112	77	24
111	117	92	24
111	118	58	24
111	121	100	24
111	123	97	24
111	124	47	24
111	125	98	24
111	126	96	24
111	130	100	24
111	133	100	24
111	138	100	24
111	144	3	24
111	146	27	24
111	148	100	24
112	102	49	24
112	109	53	24
112	110	100	24
112	111	53	24
112	113	97	24
112	115	100	24
112	116	89	24
112	117	95	24
112	118	61	24
112	119	97	24
112	125	97	24
112	130	99	24
112	131	96	24
112	135	66	24
112	137	93	24
112	138	94	24
112	139	100	24
112	141	79	24
112	146	100	24
112	148	100	24
112	149	100	24
113	102	91	24
113	103	91	24
113	104	100	24
113	106	0	24
113	108	15	24
113	109	96	24
113	110	89	24
113	112	99	24
113	115	98	24
113	116	97	24
113	117	97	24
113	118	100	24
113	119	96	24
113	121	6	24
113	125	98	24
113	127	98	24
113	130	98	24
113	131	100	24
113	133	85	24
113	135	58	24
113	137	85	24
113	138	98	24
113	139	100	24
113	143	79	24
113	144	98	24
113	146	94	24
113	148	97	24
113	149	96	24
114	110	100	24
114	112	16	24
114	115	95	24
114	117	95	24
114	119	100	24
114	120	97	24
114	125	0	24
114	128	100	24
114	129	96	24
114	130	70	24
114	131	7	24
114	135	100	24
114	136	100	24
114	137	96	24
114	148	86	24
114	149	97	24
115	110	100	24
115	112	100	24
115	113	97	24
115	114	96	24
115	116	27	24
115	117	100	24
115	119	100	24
115	125	98	24
115	130	100	24
115	131	18	24
115	135	45	24
115	137	95	24
115	139	96	24
115	146	93	24
115	148	30	24
115	149	100	24
116	100	14	24
116	101	97	24
116	102	100	24
116	103	97	24
116	104	100	24
116	105	62	24
116	106	57	24
116	107	97	24
116	108	100	24
116	109	94	24
116	112	100	24
116	113	100	24
116	115	50	24
116	117	97	24
116	118	96	24
116	121	24	24
116	122	97	24
116	123	81	24
116	124	70	24
116	125	95	24
116	126	100	24
116	127	90	24
116	130	94	24
116	131	97	24
116	133	97	24
116	138	99	24
116	144	62	24
116	146	96	24
116	148	100	24
116	149	97	24
117	102	79	24
117	104	26	24
117	106	18	24
117	108	14	24
117	109	99	24
117	110	100	24
117	111	82	24
117	112	96	24
117	113	100	24
117	114	97	24
117	115	96	24
117	116	95	24
117	119	100	24
117	125	98	24
117	126	100	24
117	128	4	24
117	130	94	24
117	131	100	24
117	133	100	24
117	135	96	24
117	137	99	24
117	138	100	24
117	144	100	24
117	146	96	24
117	148	99	24
117	149	96	24
118	100	99	24
118	101	95	24
118	102	97	24
118	103	99	24
118	104	96	24
118	106	83	24
118	107	100	24
118	108	100	24
118	109	100	24
118	111	34	24
118	112	73	24
118	113	100	24
118	116	99	24
118	121	100	24
118	122	75	24
118	123	100	24
118	124	81	24
118	125	96	24
118	126	3	24
118	130	97	24
118	131	19	24
118	133	96	24
118	138	86	24
118	144	60	24
118	146	0	24
118	148	96	24
119	110	97	24
119	112	97	24
119	113	100	24
119	114	96	24
119	115	98	24
119	117	97	24
119	120	100	24
119	125	100	24
119	128	100	24
119	129	97	24
119	130	95	24
119	131	100	24
119	135	100	24
119	139	11	24
119	144	2	24
119	146	100	24
119	148	100	24
119	149	100	24
120	110	99	24
120	114	100	24
120	119	92	24
120	128	100	24
120	129	97	24
120	135	97	24
120	136	99	24
120	137	97	24
121	101	99	24
121	103	98	24
121	104	100	24
121	106	99	24
121	107	92	24
121	108	100	24
121	111	100	24
121	113	6	24
121	118	100	24
121	122	94	24
121	123	97	24
121	124	100	24
121	125	100	24
121	126	96	24
121	130	11	24
121	133	100	24
121	138	95	24
122	100	80	24
122	101	94	24
122	102	99	24
122	103	97	24
122	105	98	24
122	107	100	24
122	108	97	24
122	109	100	24
122	111	7	24
122	113	94	24
122	116	42	24
122	118	93	24
122	121	95	24
122	124	17	24
122	125	96	24
122	126	16	24
122	127	93	24
122	130	35	24
122	133	95	24
122	138	97	24
122	143	96	24
122	144	95	24
122	146	23	24
122	148	81	24
123	101	91	24
123	102	47	24
123	103	100	24
123	104	100	24
123	106	100	24
123	107	12	24
123	108	20	24
123	111	94	24
123	116	57	24
123	118	100	24
123	121	100	24
123	124	95	24
123	125	96	24
123	126	99	24
123	130	100	24
123	133	98	24
123	138	97	24
124	101	100	24
124	102	96	24
124	103	56	24
124	104	100	24
124	106	100	24
124	107	99	24
124	108	94	24
124	118	71	24
124	121	90	24
124	123	100	24
124	125	100	24
124	126	18	24
124	133	84	24
125	102	97	24
125	103	91	24
125	104	10	24
125	105	83	24
125	106	57	24
125	108	83	24
125	109	10	24
125	110	100	24
125	111	93	24
125	112	94	24
125	113	99	24
125	115	93	24
125	116	98	24
125	117	100	24
125	118	97	24
125	119	97	24
125	121	96	24
125	122	33	24
125	123	61	24
125	124	100	24
125	126	92	24
125	130	100	24
125	133	100	24
125	138	100	24
125	144	11	24
125	146	95	24
125	148	100	24
126	102	79	24
126	103	98	24
126	104	97	24
126	106	89	24
126	108	95	24
126	111	99	24
126	116	100	24
126	117	97	24
126	118	29	24
126	121	100	24
126	123	100	24
126	125	95	24
126	130	95	24
126	138	100	24
126	144	96	24
126	146	93	24
126	148	96	24
127	100	100	24
127	101	77	24
127	102	98	24
127	105	95	24
127	107	100	24
127	108	72	24
127	109	100	24
127	113	100	24
127	116	98	24
127	122	100	24
127	130	32	24
127	133	92	24
127	143	93	24
127	144	100	24
127	146	96	24
127	148	99	24
128	114	99	24
128	119	96	24
128	120	95	24
128	129	25	24
128	135	96	24
128	137	2	24
128	140	1	24
128	142	100	24
128	149	98	24
129	114	100	24
129	119	93	24
129	120	99	24
129	128	95	24
129	131	100	24
129	136	100	24
129	140	89	24
129	143	64	24
129	147	82	24
129	149	76	24
130	102	6	24
130	103	94	24
130	105	16	24
130	106	12	24
130	108	92	24
130	109	98	24
130	110	91	24
130	111	96	24
130	112	99	24
130	113	99	24
130	114	92	24
130	115	98	24
130	116	92	24
130	117	100	24
130	118	92	24
130	119	95	24
130	121	0	24
130	123	89	24
130	125	100	24
130	126	97	24
130	131	97	24
130	133	100	24
130	138	100	24
130	139	100	24
130	141	29	24
130	143	0	24
130	144	96	24
130	146	97	24
130	148	95	24
130	149	56	24
131	103	98	24
131	110	95	24
131	112	100	24
131	113	95	24
131	114	32	24
131	115	30	24
131	116	89	24
131	117	97	24
131	118	36	24
131	119	95	24
131	125	0	24
131	129	100	24
131	130	96	24
131	138	86	24
131	139	100	24
131	140	92	24
131	141	100	24
131	142	95	24
131	143	100	24
131	144	94	24
131	146	99	24
131	147	82	24
131	148	100	24
131	149	97	24
132	110	87	24
132	112	100	24
132	114	97	24
132	115	98	24
132	119	97	24
132	120	100	24
132	128	99	24
132	129	99	24
132	135	96	24
132	136	100	24
132	137	99	24
132	149	97	24
133	100	87	24
133	101	94	24
133	102	99	24
133	103	94	24
133	105	100	24
133	106	100	24
133	107	92	24
133	108	92	24
133	109	98	24
133	111	97	24
133	113	97	24
133	116	100	24
133	117	100	24
133	118	99	24
133	121	100	24
133	122	98	24
133	123	63	24
133	124	91	24
133	125	94	24
133	127	87	24
133	130	96	24
133	138	100	24
133	144	100	24
133	146	100	24
133	148	96	24
135	110	96	24
135	112	82	24
135	113	72	24
135	114	99	24
135	117	74	24
135	119	99	24
135	120	94	24
135	128	99	24
135	136	93	24
135	137	96	24
135	149	100	24
136	114	94	24
136	120	100	24
136	129	100	24
136	135	94	24
137	110	99	24
137	112	93	24
137	113	83	24
137	114	93	24
137	115	100	24
137	117	96	24
137	120	92	24
137	125	8	24
137	128	31	24
137	135	100	24
137	136	0	24
137	149	98	24
138	102	86	24
138	103	88	24
138	104	100	24
138	105	65	24
138	106	96	24
138	108	0	24
138	109	60	24
138	111	100	24
138	112	100	24
138	113	96	24
138	116	91	24
138	117	100	24
138	118	98	24
138	121	28	24
138	123	85	24
138	125	100	24
138	126	98	24
138	130	98	24
138	131	59	24
138	133	51	24
138	144	98	24
138	146	96	24
138	148	100	24
139	102	33	24
139	103	92	24
139	105	63	24
139	109	95	24
139	110	61	24
139	112	100	24
139	113	99	24
139	115	100	24
139	119	8	24
139	130	98	24
139	131	100	24
139	140	98	24
139	141	97	24
139	142	100	24
139	143	97	24
139	144	100	24
139	146	100	24
139	147	98	24
139	148	29	24
139	149	100	24
140	128	48	24
140	129	96	24
140	131	100	24
140	139	100	24
140	141	100	24
140	142	98	24
140	143	92	24
140	146	72	24
140	147	100	24
141	105	76	24
141	110	35	24
141	112	98	24
141	113	0	24
141	130	99	24
141	131	98	24
141	139	95	24
141	140	100	24
141	142	98	24
141	143	100	24
141	144	99	24
141	146	100	24
141	147	95	24
141	148	99	24
141	149	94	24
142	114	0	24
142	128	94	24
142	131	98	24
142	139	99	24
142	140	100	24
142	141	97	24
142	143	100	24
142	147	97	24
143	105	85	24
143	109	98	24
143	113	85	24
143	122	0	24
143	127	9	24
143	129	69	24
143	130	17	24
143	131	99	24
143	139	96	24
143	140	96	24
143	141	100	24
143	142	96	24
143	144	96	24
143	146	57	24
143	147	92	24
143	148	4	24
143	149	46	24
144	100	7	24
144	102	100	24
144	103	93	24
144	105	100	24
144	107	95	24
144	108	98	24
144	109	96	24
144	111	5	24
144	113	100	24
144	116	68	24
144	117	96	24
144	118	7	24
144	122	60	24
144	125	5	24
144	126	100	24
144	127	81	24
144	130	100	24
144	131	96	24
144	133	100	24
144	138	98	24
144	139	98	24
144	141	95	24
144	143	89	24
144	146	97	24
144	148	96	24
144	149	97	24
146	102	96	24
146	103	15	24
146	105	80	24
146	107	63	24
146	108	90	24
146	109	100	24
146	110	91	24
146	111	8	24
146	112	99	24
146	113	100	24
146	115	100	24
146	116	95	24
146	117	99	24
146	118	11	24
146	119	96	24
146	125	99	24
146	126	95	24
146	127	85	24
146	130	99	24
146	131	97	24
146	133	100	24
146	138	98	24
146	139	97	24
146	140	79	24
146	141	98	24
146	143	54	24
146	144	99	24
146	148	100	24
146	149	97	24
147	129	82	24
147	131	95	24
147	139	94	24
147	140	96	24
147	141	94	24
147	142	99	24
147	143	96	24
148	102	88	24
148	103	85	24
148	104	25	24
148	105	24	24
148	107	61	24
148	108	89	24
148	109	89	24
148	110	87	24
148	111	88	24
148	112	93	24
148	113	82	24
148	114	94	24
148	115	47	24
148	116	92	24
148	117	90	24
148	118	90	24
148	119	89	24
148	125	87	24
148	126	86	24
148	127	83	24
148	130	83	24
148	131	92	24
148	133	86	24
148	138	88	24
148	139	4	24
148	141	90	24
148	144	84	24
148	146	85	24
148	149	83	24
149	110	100	24
149	112	100	24
149	113	100	24
149	114	93	24
149	115	96	24
149	116	76	24
149	117	96	24
149	119	99	24
149	128	99	24
149	129	62	24
149	130	80	24
149	131	95	24
149	135	99	24
149	137	100	24
149	139	100	24
149	141	92	24
149	143	43	24
149	144	100	24
149	146	98	24
149	148	98	24
100	101	98	23
100	102	12	23
100	105	96	23
100	107	36	23
100	108	95	23
100	109	92	23
100	118	86	23
100	122	99	23
100	124	8	23
100	127	97	23
101	100	100	23
101	102	99	23
101	105	100	23
101	107	89	23
101	108	100	23
101	109	92	23
101	116	98	23
101	118	100	23
101	121	100	23
101	122	100	23
101	123	90	23
101	124	97	23
101	127	95	23
101	133	98	23
101	144	1	23
102	101	100	23
102	103	100	23
102	105	96	23
102	107	100	23
102	108	95	23
102	109	100	23
102	111	86	23
102	113	95	23
102	116	100	23
102	117	92	23
102	118	98	23
102	122	94	23
102	125	96	23
102	127	100	23
102	133	98	23
102	138	100	23
102	144	95	23
102	146	95	23
102	148	98	23
103	101	2	23
103	102	97	23
103	104	94	23
103	105	12	23
103	106	89	23
103	107	99	23
103	108	97	23
103	111	93	23
103	113	99	23
103	116	99	23
103	118	75	23
103	121	90	23
103	122	89	23
103	123	100	23
103	124	83	23
103	125	96	23
103	126	97	23
103	127	6	23
103	130	99	23
103	131	65	23
103	133	93	23
103	138	86	23
103	146	46	23
103	148	69	23
104	103	93	23
104	106	92	23
104	111	98	23
104	113	0	23
104	116	86	23
104	118	27	23
104	123	97	23
104	124	58	23
104	125	89	23
104	126	96	23
104	138	97	23
105	100	87	23
105	101	88	23
105	102	90	23
105	103	87	23
105	107	45	23
105	108	71	23
105	109	97	23
105	113	95	23
105	116	88	23
105	122	94	23
105	125	93	23
105	127	97	23
105	133	83	23
105	138	88	23
105	139	82	23
105	141	100	23
105	143	97	23
105	144	100	23
105	148	96	23
106	103	96	23
106	104	97	23
106	107	74	23
106	108	75	23
106	111	100	23
106	116	97	23
106	117	37	23
106	118	12	23
106	121	96	23
106	123	95	23
106	124	97	23
106	126	93	23
106	133	32	23
106	138	90	23
107	101	96	23
107	102	97	23
107	103	100	23
107	106	83	23
107	108	100	23
107	109	95	23
107	116	98	23
107	118	94	23
107	121	96	23
107	122	93	23
107	124	71	23
107	127	95	23
107	133	79	23
108	100	98	23
108	101	97	23
108	102	99	23
108	103	99	23
108	105	79	23
108	106	81	23
108	107	97	23
108	109	100	23
108	111	13	23
108	116	100	23
108	117	77	23
108	118	99	23
108	121	98	23
108	122	97	23
108	123	97	23
108	126	100	23
108	127	100	23
108	133	96	23
108	138	87	23
108	144	97	23
108	146	74	23
108	148	7	23
109	100	91	23
109	101	100	23
109	102	89	23
109	103	91	23
109	105	100	23
109	107	98	23
109	108	100	23
109	112	99	23
109	113	100	23
109	115	43	23
109	116	100	23
109	117	97	23
109	118	76	23
109	121	20	23
109	122	97	23
109	126	59	23
109	127	100	23
109	130	89	23
109	133	93	23
109	138	91	23
109	139	91	23
109	141	97	23
109	143	100	23
109	144	97	23
109	146	97	23
109	148	100	23
110	112	97	23
110	113	100	23
110	114	86	23
110	115	97	23
110	117	97	23
110	119	97	23
110	120	11	23
110	125	83	23
110	128	2	23
110	130	97	23
110	131	98	23
110	135	88	23
110	137	100	23
110	138	60	23
110	139	31	23
110	146	87	23
110	149	100	23
111	102	77	23
111	103	94	23
111	104	94	23
111	106	97	23
111	108	73	23
111	116	70	23
111	117	90	23
111	118	65	23
111	121	97	23
111	123	97	23
111	124	1	23
111	125	98	23
111	126	94	23
111	130	16	23
111	133	69	23
111	138	97	23
111	148	56	23
112	109	74	23
112	110	100	23
112	113	100	23
112	114	100	23
112	115	95	23
112	117	96	23
112	118	14	23
112	119	94	23
112	125	97	23
112	130	97	23
112	131	97	23
112	138	96	23
112	139	100	23
112	146	80	23
112	148	100	23
112	149	96	23
113	102	88	23
113	103	99	23
113	104	65	23
113	105	67	23
113	109	90	23
113	110	97	23
113	112	100	23
113	115	98	23
113	116	8	23
113	117	95	23
113	118	79	23
113	119	99	23
113	125	99	23
113	130	100	23
113	131	84	23
113	135	90	23
113	138	99	23
113	139	100	23
113	143	91	23
113	144	98	23
113	146	96	23
113	148	93	23
113	149	96	23
114	112	12	23
114	115	100	23
114	117	100	23
114	119	98	23
114	120	98	23
114	128	97	23
114	129	99	23
114	135	99	23
114	136	100	23
114	142	7	23
114	149	19	23
115	110	92	23
115	112	100	23
115	113	98	23
115	114	81	23
115	117	90	23
115	119	100	23
115	125	89	23
115	130	100	23
115	131	4	23
115	135	87	23
115	137	19	23
115	138	65	23
115	139	0	23
115	141	3	23
115	143	16	23
115	146	100	23
115	149	100	23
116	101	96	23
116	102	89	23
116	103	100	23
116	104	91	23
116	105	98	23
116	106	93	23
116	107	94	23
116	108	97	23
116	109	96	23
116	111	97	23
116	113	45	23
116	117	100	23
116	118	100	23
116	122	88	23
116	123	84	23
116	125	96	23
116	126	100	23
116	127	95	23
116	130	100	23
116	133	97	23
116	138	96	23
116	144	96	23
116	146	100	23
116	148	99	23
117	101	0	23
117	102	89	23
117	106	18	23
117	108	76	23
117	109	95	23
117	110	93	23
117	111	90	23
117	112	98	23
117	113	99	23
117	114	94	23
117	115	96	23
117	116	96	23
117	119	94	23
117	125	96	23
117	126	96	23
117	130	99	23
117	131	97	23
117	133	98	23
117	138	100	23
117	141	10	23
117	144	39	23
117	146	97	23
117	148	8	23
117	149	96	23
118	100	75	23
118	101	98	23
118	102	100	23
118	103	89	23
118	104	7	23
118	106	8	23
118	107	91	23
118	108	96	23
118	109	92	23
118	111	46	23
118	113	99	23
118	116	100	23
118	121	96	23
118	122	32	23
118	123	97	23
118	124	86	23
118	125	100	23
118	127	3	23
118	130	88	23
118	133	98	23
118	138	97	23
118	144	78	23
118	146	90	23
119	110	97	23
119	112	95	23
119	113	100	23
119	114	98	23
119	115	100	23
119	117	94	23
119	120	100	23
119	125	91	23
119	128	96	23
119	129	100	23
119	130	98	23
119	131	100	23
119	135	57	23
119	137	99	23
119	144	2	23
119	148	85	23
119	149	100	23
120	114	97	23
120	119	96	23
120	128	100	23
120	129	97	23
120	135	97	23
120	136	97	23
121	100	22	23
121	101	96	23
121	103	96	23
121	104	22	23
121	106	100	23
121	107	88	23
121	108	89	23
121	109	75	23
121	111	92	23
121	113	10	23
121	116	80	23
121	117	2	23
121	118	99	23
121	122	87	23
121	123	99	23
121	124	100	23
121	125	83	23
121	126	100	23
121	133	93	23
121	138	69	23
122	100	92	23
122	101	97	23
122	102	100	23
122	103	100	23
122	105	96	23
122	106	64	23
122	107	95	23
122	108	96	23
122	109	96	23
122	113	57	23
122	116	94	23
122	121	93	23
122	123	16	23
122	124	56	23
122	127	98	23
122	133	98	23
122	138	23	23
122	144	97	23
122	146	100	23
123	101	86	23
123	103	89	23
123	104	100	23
123	106	100	23
123	108	74	23
123	111	97	23
123	118	79	23
123	121	99	23
123	124	99	23
123	126	92	23
123	133	86	23
123	138	87	23
124	101	94	23
124	103	93	23
124	104	99	23
124	106	98	23
124	107	82	23
124	118	97	23
124	121	88	23
124	122	51	23
124	123	100	23
124	126	22	23
124	133	82	23
125	102	97	23
125	103	99	23
125	104	100	23
125	105	71	23
125	106	5	23
125	108	74	23
125	110	37	23
125	111	99	23
125	112	100	23
125	113	96	23
125	115	100	23
125	116	97	23
125	117	96	23
125	118	91	23
125	119	96	23
125	121	8	23
125	126	100	23
125	130	100	23
125	133	100	23
125	138	96	23
125	144	97	23
125	146	99	23
125	148	96	23
126	103	95	23
126	104	100	23
126	106	97	23
126	108	83	23
126	111	100	23
126	116	98	23
126	117	100	23
126	121	93	23
126	123	86	23
126	124	15	23
126	125	95	23
126	130	97	23
126	138	97	23
126	144	7	23
126	146	89	23
126	148	0	23
127	100	97	23
127	101	94	23
127	102	96	23
127	103	92	23
127	105	95	23
127	107	92	23
127	108	92	23
127	109	95	23
127	113	0	23
127	116	83	23
127	118	54	23
127	122	100	23
127	130	91	23
127	133	83	23
127	139	2	23
127	143	91	23
127	144	100	23
127	148	100	23
128	114	73	23
128	119	96	23
128	120	79	23
128	129	94	23
128	135	68	23
128	142	99	23
129	114	100	23
129	119	98	23
129	120	92	23
129	128	95	23
129	131	88	23
129	136	100	23
129	140	92	23
129	142	100	23
129	143	17	23
130	103	95	23
130	109	94	23
130	110	93	23
130	111	0	23
130	112	97	23
130	113	96	23
130	114	17	23
130	115	95	23
130	116	100	23
130	117	99	23
130	118	65	23
130	119	91	23
130	125	98	23
130	126	100	23
130	127	57	23
130	131	99	23
130	133	96	23
130	139	18	23
130	141	97	23
130	144	96	23
130	146	100	23
130	148	96	23
131	103	88	23
131	110	91	23
131	112	96	23
131	113	87	23
131	115	95	23
131	117	97	23
131	119	98	23
131	128	33	23
131	129	96	23
131	130	99	23
131	140	100	23
131	141	98	23
131	142	100	23
131	144	95	23
131	146	100	23
131	147	100	23
131	149	95	23
132	110	100	23
132	112	1	23
132	114	99	23
132	119	100	23
132	120	98	23
132	128	100	23
132	135	100	23
132	136	100	23
133	101	85	23
133	102	93	23
133	103	100	23
133	104	14	23
133	105	77	23
133	107	89	23
133	108	93	23
133	109	94	23
133	111	91	23
133	116	92	23
133	117	94	23
133	118	95	23
133	121	93	23
133	122	98	23
133	123	94	23
133	124	68	23
133	125	99	23
133	127	88	23
133	130	100	23
133	138	6	23
133	139	13	23
133	144	6	23
133	146	97	23
135	110	69	23
135	113	5	23
135	114	100	23
135	115	67	23
135	119	73	23
135	120	90	23
135	128	78	23
135	136	100	23
135	137	100	23
135	149	73	23
136	114	99	23
136	120	98	23
136	129	100	23
136	135	99	23
136	142	99	23
137	110	96	23
137	112	39	23
137	114	100	23
137	115	93	23
137	119	99	23
137	120	17	23
137	128	2	23
137	135	100	23
137	136	3	23
138	102	92	23
138	103	65	23
138	104	94	23
138	105	70	23
138	106	89	23
138	108	89	23
138	109	6	23
138	111	97	23
138	112	94	23
138	113	97	23
138	115	58	23
138	116	98	23
138	117	98	23
138	118	87	23
138	123	92	23
138	125	98	23
138	126	100	23
138	144	97	23
138	148	28	23
139	105	0	23
139	112	96	23
139	113	100	23
139	115	17	23
139	130	36	23
139	133	25	23
139	138	3	23
139	140	100	23
139	141	100	23
139	142	73	23
139	143	99	23
139	144	96	23
139	146	100	23
139	147	100	23
139	148	95	23
139	149	95	23
140	129	98	23
140	131	100	23
140	139	53	23
140	141	94	23
140	142	93	23
140	143	98	23
140	146	6	23
140	147	100	23
141	105	95	23
141	109	76	23
141	115	30	23
141	117	18	23
141	130	89	23
141	131	95	23
141	139	94	23
141	140	98	23
141	142	100	23
141	143	95	23
141	144	97	23
141	146	94	23
141	147	97	23
141	149	96	23
142	114	46	23
142	128	99	23
142	129	100	23
142	131	92	23
142	136	99	23
142	139	91	23
142	140	95	23
142	141	98	23
142	143	95	23
142	146	5	23
142	147	96	23
143	105	95	23
143	109	96	23
143	113	89	23
143	115	32	23
143	127	84	23
143	139	100	23
143	140	94	23
143	141	94	23
143	142	97	23
143	147	96	23
144	101	77	23
144	102	100	23
144	103	18	23
144	105	96	23
144	108	97	23
144	109	100	23
144	113	100	23
144	116	93	23
144	117	89	23
144	118	65	23
144	119	35	23
144	122	94	23
144	125	98	23
144	126	92	23
144	127	100	23
144	130	97	23
144	131	100	23
144	133	52	23
144	138	99	23
144	139	92	23
144	141	98	23
144	143	50	23
144	146	100	23
144	148	100	23
146	101	0	23
146	102	98	23
146	103	37	23
146	108	51	23
146	109	91	23
146	110	17	23
146	112	79	23
146	113	95	23
146	115	93	23
146	116	100	23
146	117	98	23
146	118	24	23
146	122	41	23
146	125	96	23
146	126	84	23
146	128	31	23
146	130	94	23
146	131	96	23
146	133	82	23
146	138	7	23
146	139	95	23
146	141	100	23
146	144	100	23
146	148	91	23
146	149	37	23
147	131	96	23
147	139	88	23
147	140	100	23
147	141	97	23
147	142	97	23
147	143	100	23
148	102	92	23
148	103	86	23
148	105	83	23
148	108	82	23
148	109	94	23
148	111	95	23
148	112	91	23
148	113	99	23
148	116	95	23
148	117	92	23
148	118	54	23
148	119	90	23
148	122	0	23
148	123	33	23
148	125	100	23
148	126	87	23
148	127	81	23
148	130	97	23
148	138	90	23
148	139	91	23
148	143	6	23
148	144	97	23
148	146	100	23
148	149	17	23
149	110	97	23
149	112	95	23
149	113	93	23
149	114	100	23
149	115	99	23
149	117	93	23
149	119	100	23
149	131	92	23
149	135	100	23
149	139	98	23
149	141	100	23
149	146	97	23
100	101	95	22
100	102	100	22
100	105	73	22
100	107	96	22
100	108	62	22
100	109	90	22
100	116	41	22
100	118	20	22
100	121	84	22
100	122	100	22
100	127	93	22
101	100	93	22
101	102	97	22
101	103	85	22
101	105	98	22
101	107	100	22
101	108	100	22
101	109	97	22
101	116	97	22
101	118	93	22
101	121	100	22
101	122	95	22
101	123	57	22
101	124	60	22
101	127	96	22
101	133	71	22
101	144	13	22
102	100	92	22
102	101	91	22
102	103	100	22
102	105	98	22
102	106	27	22
102	107	99	22
102	108	98	22
102	109	96	22
102	111	16	22
102	113	97	22
102	116	96	22
102	117	94	22
102	118	100	22
102	121	90	22
102	122	99	22
102	124	97	22
102	125	100	22
102	126	48	22
102	127	98	22
102	130	99	22
102	138	97	22
102	146	100	22
102	148	94	22
103	101	9	22
103	102	98	22
103	104	94	22
103	106	99	22
103	107	98	22
103	108	89	22
103	109	97	22
103	111	100	22
103	113	94	22
103	116	97	22
103	118	96	22
103	121	92	22
103	122	95	22
103	123	96	22
103	124	95	22
103	125	27	22
103	126	100	22
103	127	3	22
103	131	58	22
103	133	100	22
103	138	95	22
103	146	10	22
103	148	12	22
104	103	94	22
104	106	94	22
104	111	99	22
104	113	47	22
104	121	92	22
104	123	87	22
104	124	46	22
104	125	98	22
104	126	3	22
104	138	96	22
105	100	87	22
105	101	97	22
105	102	91	22
105	103	67	22
105	107	90	22
105	108	86	22
105	109	99	22
105	113	93	22
105	122	99	22
105	124	31	22
105	125	62	22
105	127	98	22
105	130	68	22
105	133	10	22
105	138	72	22
105	139	67	22
105	141	46	22
105	143	88	22
105	144	100	22
105	146	100	22
105	148	92	22
106	102	75	22
106	103	93	22
106	104	95	22
106	107	75	22
106	108	87	22
106	111	95	22
106	116	91	22
106	118	25	22
106	121	61	22
106	122	5	22
106	123	98	22
106	124	92	22
106	125	90	22
106	126	95	22
106	133	16	22
106	138	92	22
107	100	100	22
107	101	88	22
107	102	98	22
107	103	96	22
107	105	62	22
107	108	100	22
107	109	92	22
107	116	93	22
107	118	94	22
107	122	91	22
107	124	97	22
107	127	93	22
107	130	77	22
107	133	7	22
108	100	4	22
108	101	97	22
108	102	97	22
108	103	63	22
108	105	95	22
108	106	100	22
108	107	100	22
108	109	98	22
108	111	81	22
108	116	96	22
108	117	79	22
108	118	100	22
108	121	89	22
108	122	95	22
108	124	93	22
108	125	29	22
108	127	89	22
108	130	26	22
108	133	95	22
108	144	94	22
108	148	83	22
109	100	89	22
109	101	87	22
109	102	99	22
109	103	98	22
109	105	100	22
109	107	100	22
109	108	97	22
109	112	100	22
109	113	92	22
109	116	94	22
109	117	97	22
109	118	100	22
109	121	100	22
109	122	96	22
109	125	95	22
109	126	99	22
109	127	100	22
109	130	98	22
109	133	100	22
109	138	95	22
109	139	93	22
109	143	94	22
109	144	100	22
109	148	97	22
109	149	12	22
110	112	96	22
110	113	96	22
110	114	100	22
110	115	99	22
110	117	100	22
110	119	100	22
110	120	3	22
110	128	99	22
110	130	97	22
110	131	100	22
110	135	98	22
110	137	95	22
110	138	0	22
110	139	91	22
110	146	97	22
110	149	100	22
111	102	95	22
111	103	100	22
111	104	100	22
111	106	95	22
111	107	9	22
111	108	94	22
111	113	86	22
111	116	97	22
111	117	100	22
111	118	98	22
111	121	96	22
111	122	10	22
111	123	98	22
111	124	100	22
111	125	100	22
111	126	99	22
111	130	94	22
111	133	97	22
111	138	99	22
111	146	14	22
112	102	74	22
112	109	90	22
112	110	95	22
112	113	93	22
112	114	100	22
112	115	99	22
112	117	100	22
112	119	96	22
112	125	100	22
112	126	96	22
112	130	55	22
112	131	94	22
112	133	93	22
112	135	87	22
112	137	98	22
112	138	95	22
112	139	100	22
112	144	90	22
112	146	95	22
112	148	98	22
112	149	94	22
113	102	100	22
113	103	84	22
113	104	0	22
113	105	71	22
113	109	91	22
113	110	91	22
113	111	75	22
113	112	95	22
113	115	54	22
113	117	98	22
113	119	96	22
113	121	3	22
113	122	3	22
113	125	97	22
113	126	95	22
113	130	100	22
113	131	90	22
113	133	34	22
113	135	95	22
113	138	96	22
113	139	23	22
113	143	99	22
113	144	100	22
113	146	99	22
113	149	94	22
114	110	99	22
114	112	97	22
114	115	99	22
114	117	100	22
114	119	92	22
114	120	100	22
114	128	95	22
114	129	99	22
114	130	10	22
114	131	53	22
114	135	100	22
114	136	100	22
114	137	92	22
114	142	4	22
115	102	20	22
115	110	100	22
115	112	97	22
115	113	87	22
115	114	95	22
115	117	92	22
115	119	97	22
115	125	89	22
115	130	73	22
115	131	100	22
115	135	100	22
115	137	98	22
115	138	83	22
115	139	92	22
115	146	89	22
115	149	97	22
116	100	79	22
116	101	93	22
116	102	99	22
116	103	100	22
116	106	92	22
116	107	99	22
116	108	92	22
116	109	96	22
116	111	95	22
116	117	100	22
116	118	100	22
116	121	96	22
116	122	89	22
116	124	93	22
116	125	100	22
116	126	97	22
116	130	100	22
116	133	96	22
116	138	100	22
116	144	92	22
116	146	100	22
116	148	97	22
117	102	88	22
117	108	76	22
117	109	70	22
117	110	96	22
117	111	80	22
117	112	100	22
117	113	100	22
117	114	91	22
117	115	96	22
117	116	84	22
117	118	73	22
117	119	86	22
117	125	98	22
117	126	96	22
117	130	100	22
117	131	96	22
117	133	87	22
117	135	29	22
117	137	51	22
117	138	100	22
117	144	83	22
117	146	99	22
117	148	89	22
117	149	95	22
118	100	4	22
118	101	97	22
118	102	97	22
118	103	94	22
118	106	7	22
118	107	95	22
118	108	92	22
118	109	91	22
118	111	90	22
118	116	86	22
118	117	84	22
118	121	92	22
118	122	83	22
118	123	89	22
118	124	94	22
118	125	94	22
118	133	100	22
118	138	88	22
118	139	0	22
118	144	28	22
118	146	18	22
119	110	95	22
119	112	96	22
119	113	96	22
119	114	92	22
119	115	100	22
119	117	96	22
119	120	98	22
119	128	96	22
119	129	93	22
119	130	87	22
119	131	90	22
119	135	99	22
119	136	40	22
119	137	100	22
119	144	51	22
119	146	58	22
119	149	99	22
120	110	91	22
120	114	61	22
120	119	99	22
120	128	100	22
120	129	94	22
120	135	95	22
120	136	97	22
120	142	98	22
121	100	66	22
121	101	90	22
121	102	94	22
121	103	94	22
121	104	91	22
121	106	28	22
121	107	98	22
121	108	100	22
121	109	89	22
121	111	93	22
121	113	71	22
121	116	98	22
121	118	99	22
121	122	94	22
121	123	91	22
121	124	95	22
121	125	86	22
121	126	97	22
121	130	98	22
121	133	100	22
121	138	100	22
121	148	95	22
122	100	100	22
122	101	95	22
122	102	95	22
122	103	96	22
122	105	100	22
122	106	24	22
122	107	99	22
122	108	98	22
122	109	100	22
122	111	18	22
122	113	85	22
122	116	94	22
122	118	87	22
122	121	94	22
122	123	69	22
122	124	89	22
122	125	98	22
122	127	100	22
122	130	100	22
122	133	95	22
122	143	89	22
122	144	100	22
122	148	2	22
123	101	39	22
123	102	0	22
123	103	85	22
123	104	95	22
123	106	95	22
123	111	97	22
123	118	40	22
123	121	84	22
123	122	16	22
123	124	77	22
123	126	79	22
123	133	50	22
124	101	93	22
124	102	91	22
124	103	94	22
124	104	64	22
124	106	93	22
124	107	75	22
124	108	86	22
124	111	84	22
124	116	78	22
124	118	86	22
124	121	89	22
124	122	94	22
124	123	97	22
124	126	87	22
124	133	86	22
125	102	100	22
125	103	89	22
125	104	97	22
125	105	3	22
125	106	86	22
125	108	76	22
125	109	87	22
125	111	92	22
125	112	96	22
125	113	97	22
125	114	22	22
125	115	97	22
125	116	93	22
125	117	97	22
125	118	91	22
125	121	54	22
125	122	82	22
125	126	91	22
125	130	97	22
125	131	45	22
125	133	89	22
125	138	100	22
125	139	88	22
125	141	79	22
125	144	96	22
125	146	2	22
125	148	100	22
125	149	100	22
126	102	59	22
126	103	93	22
126	106	99	22
126	109	7	22
126	111	100	22
126	112	50	22
126	113	96	22
126	116	97	22
126	117	91	22
126	121	95	22
126	123	99	22
126	124	93	22
126	125	91	22
126	130	98	22
126	133	94	22
126	138	100	22
126	148	46	22
127	100	90	22
127	101	99	22
127	102	88	22
127	103	86	22
127	105	99	22
127	107	95	22
127	108	95	22
127	109	99	22
127	118	6	22
127	122	94	22
127	130	73	22
127	133	97	22
127	139	84	22
127	143	96	22
127	144	100	22
127	146	91	22
128	110	95	22
128	114	94	22
128	119	98	22
128	120	92	22
128	129	94	22
128	135	100	22
128	142	94	22
129	114	100	22
129	119	100	22
129	120	97	22
129	128	96	22
129	136	100	22
129	140	98	22
129	141	7	22
129	142	100	22
129	143	59	22
129	147	87	22
129	149	8	22
130	102	92	22
130	109	93	22
130	110	94	22
130	111	95	22
130	113	100	22
130	114	11	22
130	115	7	22
130	116	89	22
130	117	100	22
130	119	93	22
130	122	70	22
130	125	96	22
130	126	100	22
130	131	96	22
130	138	100	22
130	139	91	22
130	141	9	22
130	144	96	22
130	146	99	22
130	148	100	22
130	149	94	22
131	103	86	22
131	110	91	22
131	112	100	22
131	113	100	22
131	114	100	22
131	115	99	22
131	117	98	22
131	119	100	22
131	126	26	22
131	130	97	22
131	139	96	22
131	140	100	22
131	141	98	22
131	143	99	22
131	144	96	22
131	146	100	22
131	147	98	22
131	148	8	22
131	149	100	22
132	110	1	22
132	114	96	22
132	119	100	22
132	120	98	22
132	128	100	22
132	129	100	22
132	135	100	22
132	136	94	22
132	137	38	22
133	101	8	22
133	102	94	22
133	103	100	22
133	105	17	22
133	106	100	22
133	108	92	22
133	109	94	22
133	111	90	22
133	112	87	22
133	116	97	22
133	117	100	22
133	118	100	22
133	121	100	22
133	122	94	22
133	123	78	22
133	124	94	22
133	125	96	22
133	126	92	22
133	127	82	22
133	138	16	22
133	139	27	22
133	144	0	22
133	146	96	22
135	110	82	22
135	112	92	22
135	113	87	22
135	114	74	22
135	115	100	22
135	119	98	22
135	120	96	22
135	128	100	22
135	136	94	22
135	137	100	22
136	114	99	22
136	119	44	22
136	120	100	22
136	128	50	22
136	129	99	22
136	135	91	22
136	142	36	22
137	110	98	22
137	112	96	22
137	113	9	22
137	114	100	22
137	115	93	22
137	117	44	22
137	119	100	22
137	135	100	22
138	102	93	22
138	103	91	22
138	104	100	22
138	106	95	22
138	109	95	22
138	111	99	22
138	112	96	22
138	113	100	22
138	115	86	22
138	116	92	22
138	117	100	22
138	118	95	22
138	121	94	22
138	125	99	22
138	126	100	22
138	130	100	22
138	144	91	22
138	146	23	22
138	148	94	22
139	102	7	22
139	105	9	22
139	109	11	22
139	110	88	22
139	112	93	22
139	113	93	22
139	115	87	22
139	125	94	22
139	127	21	22
139	130	92	22
139	131	95	22
139	140	97	22
139	141	100	22
139	142	39	22
139	143	96	22
139	144	100	22
139	146	100	22
139	147	95	22
139	148	99	22
139	149	88	22
140	129	4	22
140	131	100	22
140	139	93	22
140	141	100	22
140	142	100	22
140	143	100	22
140	147	95	22
141	102	0	22
141	105	0	22
141	125	81	22
141	128	2	22
141	129	13	22
141	130	70	22
141	131	100	22
141	139	100	22
141	140	93	22
141	142	97	22
141	143	97	22
141	144	96	22
141	146	100	22
141	147	99	22
141	148	69	22
142	114	47	22
142	120	100	22
142	128	95	22
142	129	93	22
142	131	15	22
142	136	10	22
142	139	13	22
142	140	81	22
142	141	92	22
142	143	90	22
142	147	92	22
143	105	1	22
143	109	93	22
143	113	97	22
143	122	63	22
143	127	92	22
143	129	3	22
143	131	96	22
143	139	100	22
143	140	100	22
143	141	99	22
143	142	97	22
143	144	96	22
143	147	96	22
143	148	98	22
144	101	80	22
144	105	94	22
144	108	100	22
144	109	94	22
144	111	43	22
144	112	100	22
144	113	93	22
144	116	96	22
144	117	94	22
144	118	3	22
144	119	100	22
144	122	95	22
144	125	88	22
144	126	36	22
144	127	98	22
144	130	98	22
144	131	95	22
144	133	90	22
144	138	96	22
144	139	100	22
144	141	96	22
144	143	95	22
144	146	98	22
144	148	98	22
146	102	100	22
146	103	26	22
146	105	14	22
146	110	95	22
146	111	7	22
146	112	90	22
146	113	93	22
146	114	5	22
146	115	99	22
146	116	91	22
146	117	100	22
146	118	13	22
146	119	92	22
146	125	7	22
146	126	45	22
146	127	85	22
146	130	96	22
146	131	94	22
146	133	26	22
146	138	97	22
146	139	96	22
146	141	95	22
146	144	100	22
146	148	95	22
146	149	96	22
147	129	41	22
147	131	98	22
147	139	92	22
147	140	94	22
147	141	95	22
147	142	98	22
147	143	99	22
148	102	96	22
148	103	91	22
148	105	93	22
148	108	88	22
148	109	93	22
148	111	22	22
148	112	98	22
148	113	89	22
148	115	24	22
148	116	89	22
148	117	98	22
148	121	93	22
148	122	28	22
148	125	95	22
148	126	94	22
148	130	96	22
148	131	8	22
148	138	95	22
148	139	100	22
148	141	31	22
148	143	93	22
148	144	95	22
148	146	95	22
148	149	55	22
149	109	18	22
149	110	98	22
149	112	91	22
149	113	89	22
149	115	93	22
149	117	100	22
149	119	100	22
149	125	97	22
149	129	66	22
149	130	100	22
149	131	90	22
149	135	100	22
149	139	92	22
149	143	12	22
149	146	90	22
149	148	70	22
100	101	95	21
100	105	94	21
100	106	28	21
100	108	100	21
100	116	89	21
100	118	92	21
100	121	85	21
100	122	97	21
100	127	99	21
100	133	73	21
100	144	73	21
101	100	100	21
101	102	92	21
101	105	92	21
101	106	84	21
101	107	91	21
101	108	94	21
101	109	94	21
101	116	52	21
101	118	80	21
101	121	99	21
101	122	99	21
101	127	89	21
101	133	21	21
102	101	89	21
102	103	91	21
102	105	93	21
102	107	95	21
102	108	100	21
102	109	100	21
102	111	91	21
102	113	97	21
102	116	98	21
102	117	42	21
102	118	94	21
102	121	86	21
102	122	86	21
102	125	100	21
102	126	45	21
102	127	96	21
102	130	44	21
102	133	97	21
102	138	100	21
102	144	93	21
102	146	100	21
103	102	41	21
103	106	58	21
103	107	65	21
103	109	88	21
103	111	97	21
103	116	100	21
103	118	100	21
103	121	98	21
103	122	88	21
103	123	98	21
103	124	89	21
103	126	98	21
103	131	29	21
103	133	97	21
103	138	100	21
103	144	27	21
104	106	74	21
104	111	93	21
104	116	72	21
104	121	86	21
104	123	90	21
104	125	97	21
104	126	94	21
104	138	100	21
105	100	87	21
105	101	88	21
105	102	95	21
105	107	79	21
105	108	89	21
105	109	100	21
105	113	98	21
105	116	54	21
105	118	56	21
105	122	94	21
105	125	5	21
105	127	94	21
105	133	89	21
105	139	93	21
105	143	96	21
105	144	100	21
105	146	100	21
105	148	97	21
106	101	68	21
106	103	52	21
106	104	60	21
106	107	8	21
106	108	79	21
106	111	88	21
106	116	63	21
106	118	94	21
106	121	97	21
106	123	98	21
106	124	95	21
106	126	98	21
106	133	8	21
106	138	61	21
107	100	4	21
107	101	92	21
107	102	95	21
107	103	88	21
107	105	51	21
107	108	90	21
107	109	72	21
107	116	86	21
107	118	100	21
107	121	90	21
107	122	34	21
107	124	77	21
107	127	0	21
107	133	47	21
107	144	43	21
108	100	90	21
108	101	99	21
108	102	100	21
108	103	64	21
108	105	98	21
108	106	100	21
108	107	100	21
108	109	96	21
108	116	99	21
108	118	100	21
108	121	100	21
108	122	87	21
108	124	0	21
108	127	94	21
108	133	100	21
108	138	100	21
108	144	87	21
108	146	99	21
109	101	92	21
109	102	100	21
109	103	99	21
109	105	97	21
109	107	77	21
109	108	100	21
109	111	0	21
109	112	96	21
109	113	87	21
109	116	100	21
109	117	2	21
109	118	95	21
109	122	98	21
109	125	100	21
109	126	98	21
109	127	99	21
109	130	79	21
109	133	92	21
109	138	98	21
109	139	96	21
109	141	18	21
109	143	94	21
109	144	100	21
109	146	1	21
109	148	99	21
110	112	97	21
110	113	9	21
110	114	89	21
110	115	94	21
110	117	98	21
110	119	100	21
110	125	39	21
110	128	54	21
110	130	91	21
110	131	100	21
110	135	100	21
110	137	99	21
110	139	44	21
110	146	87	21
110	149	100	21
111	102	15	21
111	103	100	21
111	104	100	21
111	106	85	21
111	113	10	21
111	116	98	21
111	117	91	21
111	118	32	21
111	121	92	21
111	123	93	21
111	124	40	21
111	125	85	21
111	126	98	21
111	133	98	21
111	138	100	21
111	144	3	21
112	109	92	21
112	110	100	21
112	113	90	21
112	114	93	21
112	115	93	21
112	116	74	21
112	117	100	21
112	119	99	21
112	126	93	21
112	130	100	21
112	131	94	21
112	133	94	21
112	135	97	21
112	138	100	21
112	139	98	21
112	144	97	21
112	146	96	21
112	148	0	21
112	149	90	21
113	102	64	21
113	105	92	21
113	109	88	21
113	110	90	21
113	111	53	21
113	112	68	21
113	116	52	21
113	117	95	21
113	119	94	21
113	125	100	21
113	126	95	21
113	127	30	21
113	130	100	21
113	131	94	21
113	135	90	21
113	138	100	21
113	139	91	21
113	144	94	21
113	146	95	21
113	148	57	21
113	149	96	21
114	110	100	21
114	112	97	21
114	115	100	21
114	117	92	21
114	119	100	21
114	128	93	21
114	129	97	21
114	131	14	21
114	135	100	21
114	136	100	21
114	137	91	21
115	110	100	21
115	112	100	21
115	114	97	21
115	117	97	21
115	119	100	21
115	125	95	21
115	131	100	21
115	135	92	21
115	137	100	21
115	138	87	21
115	139	85	21
115	146	54	21
115	149	100	21
116	100	5	21
116	101	77	21
116	102	96	21
116	103	99	21
116	105	8	21
116	106	51	21
116	107	88	21
116	108	100	21
116	109	95	21
116	111	97	21
116	117	66	21
116	118	99	21
116	121	90	21
116	122	98	21
116	125	100	21
116	126	61	21
116	133	100	21
116	138	100	21
116	144	98	21
116	146	97	21
116	148	99	21
117	110	97	21
117	111	93	21
117	112	100	21
117	113	96	21
117	114	100	21
117	115	100	21
117	116	90	21
117	118	87	21
117	119	57	21
117	125	96	21
117	126	99	21
117	130	96	21
117	131	100	21
117	133	0	21
117	135	5	21
117	138	100	21
117	144	92	21
117	146	93	21
117	149	93	21
118	100	89	21
118	101	4	21
118	102	94	21
118	103	100	21
118	105	21	21
118	106	100	21
118	107	100	21
118	108	96	21
118	109	95	21
118	111	92	21
118	116	98	21
118	117	100	21
118	121	100	21
118	122	91	21
118	123	100	21
118	124	87	21
118	125	9	21
118	126	36	21
118	127	99	21
118	131	32	21
118	133	97	21
118	138	94	21
118	144	80	21
118	146	39	21
119	110	95	21
119	112	81	21
119	113	100	21
119	114	100	21
119	115	100	21
119	117	73	21
119	120	96	21
119	128	100	21
119	129	36	21
119	131	100	21
119	135	100	21
119	136	99	21
119	149	96	21
120	110	98	21
120	114	100	21
120	119	93	21
120	128	100	21
120	129	100	21
120	136	99	21
121	101	96	21
121	102	89	21
121	103	95	21
121	104	94	21
121	106	95	21
121	107	99	21
121	108	93	21
121	111	97	21
121	116	97	21
121	118	92	21
121	122	91	21
121	123	96	21
121	124	94	21
121	125	3	21
121	126	95	21
121	133	94	21
121	138	100	21
122	100	99	21
122	101	90	21
122	102	90	21
122	103	87	21
122	105	93	21
122	106	2	21
122	107	71	21
122	108	95	21
122	109	95	21
122	116	95	21
122	118	100	21
122	121	100	21
122	123	99	21
122	127	95	21
122	131	13	21
122	133	63	21
122	143	84	21
122	144	100	21
122	146	78	21
123	101	0	21
123	103	94	21
123	104	98	21
123	106	100	21
123	111	100	21
123	118	100	21
123	121	94	21
123	122	67	21
123	124	93	21
123	126	99	21
123	138	51	21
124	101	80	21
124	103	94	21
124	106	97	21
124	111	92	21
124	118	97	21
124	121	91	21
124	123	97	21
124	126	98	21
124	133	98	21
125	102	89	21
125	103	34	21
125	104	89	21
125	105	36	21
125	109	91	21
125	110	97	21
125	111	87	21
125	113	96	21
125	115	96	21
125	116	95	21
125	117	95	21
125	118	79	21
125	121	63	21
125	126	88	21
125	130	100	21
125	133	88	21
125	138	98	21
125	139	73	21
125	144	90	21
125	146	69	21
125	148	100	21
126	103	97	21
126	104	100	21
126	106	100	21
126	109	38	21
126	111	97	21
126	112	100	21
126	113	100	21
126	116	89	21
126	117	99	21
126	118	3	21
126	121	100	21
126	123	99	21
126	124	94	21
126	125	99	21
126	138	100	21
126	146	75	21
127	100	98	21
127	101	91	21
127	102	95	21
127	105	100	21
127	107	19	21
127	108	92	21
127	109	99	21
127	113	8	21
127	116	14	21
127	118	30	21
127	122	100	21
127	139	74	21
127	143	90	21
127	144	96	21
128	110	84	21
128	114	98	21
128	119	100	21
128	120	93	21
128	129	97	21
128	131	13	21
128	135	16	21
128	149	85	21
129	110	2	21
129	114	100	21
129	120	94	21
129	128	97	21
129	131	72	21
129	136	94	21
129	140	100	21
129	142	89	21
129	143	4	21
130	102	84	21
130	105	8	21
130	109	96	21
130	110	96	21
130	111	96	21
130	112	100	21
130	113	92	21
130	114	94	21
130	115	98	21
130	116	83	21
130	117	98	21
130	122	0	21
130	125	93	21
130	126	90	21
130	131	100	21
130	133	87	21
130	135	17	21
130	138	100	21
130	139	96	21
130	144	98	21
130	146	96	21
130	148	100	21
130	149	93	21
131	103	55	21
131	110	100	21
131	112	100	21
131	113	95	21
131	114	38	21
131	115	99	21
131	117	99	21
131	119	99	21
131	129	0	21
131	130	97	21
131	135	53	21
131	139	95	21
131	140	100	21
131	141	98	21
131	142	92	21
131	144	100	21
131	147	100	21
131	149	99	21
132	114	96	21
132	119	90	21
132	120	100	21
132	128	99	21
132	129	96	21
132	135	99	21
132	136	97	21
132	142	77	21
133	101	79	21
133	102	94	21
133	103	95	21
133	105	80	21
133	106	51	21
133	107	32	21
133	108	100	21
133	109	99	21
133	111	89	21
133	112	92	21
133	116	100	21
133	118	97	21
133	121	93	21
133	122	70	21
133	124	89	21
133	125	97	21
133	130	100	21
133	131	4	21
133	138	100	21
133	144	100	21
133	146	67	21
135	110	96	21
135	112	89	21
135	114	95	21
135	115	95	21
135	119	96	21
135	131	64	21
135	136	97	21
135	137	96	21
136	114	94	21
136	119	83	21
136	120	96	21
136	129	100	21
136	135	100	21
137	110	100	21
137	112	28	21
137	114	96	21
137	115	99	21
137	117	86	21
137	135	95	21
138	102	88	21
138	103	87	21
138	104	97	21
138	106	7	21
138	109	80	21
138	111	97	21
138	112	58	21
138	113	96	21
138	116	94	21
138	117	98	21
138	121	93	21
138	123	71	21
138	125	97	21
138	126	96	21
138	130	99	21
138	133	84	21
138	144	93	21
138	148	44	21
139	105	93	21
139	109	88	21
139	110	92	21
139	112	100	21
139	113	1	21
139	115	0	21
139	125	8	21
139	127	6	21
139	130	58	21
139	131	100	21
139	140	96	21
139	141	100	21
139	143	96	21
139	144	100	21
139	146	92	21
139	147	16	21
139	148	93	21
140	129	58	21
140	131	98	21
140	139	96	21
140	141	97	21
140	142	100	21
140	143	100	21
140	147	45	21
141	105	3	21
141	109	93	21
141	129	97	21
141	131	96	21
141	139	100	21
141	140	94	21
141	142	100	21
141	143	100	21
141	144	91	21
141	146	99	21
141	147	95	21
142	114	32	21
142	129	89	21
142	131	96	21
142	139	0	21
142	140	96	21
142	141	66	21
142	143	99	21
142	147	99	21
143	105	90	21
143	109	84	21
143	122	12	21
143	127	52	21
143	129	6	21
143	131	12	21
143	139	98	21
143	140	99	21
143	141	99	21
143	142	100	21
143	144	100	21
143	146	89	21
143	147	99	21
143	148	6	21
144	102	10	21
144	103	79	21
144	105	92	21
144	107	0	21
144	108	0	21
144	109	95	21
144	112	77	21
144	113	96	21
144	116	97	21
144	117	100	21
144	118	31	21
144	122	83	21
144	125	95	21
144	127	92	21
144	130	100	21
144	131	93	21
144	133	83	21
144	138	88	21
144	139	94	21
144	141	99	21
144	143	100	21
144	146	100	21
144	148	98	21
146	102	75	21
146	105	92	21
146	108	93	21
146	109	6	21
146	110	100	21
146	112	94	21
146	113	100	21
146	116	86	21
146	117	100	21
146	118	10	21
146	122	13	21
146	125	26	21
146	126	89	21
146	127	9	21
146	130	100	21
146	131	50	21
146	133	28	21
146	139	95	21
146	141	99	21
146	143	91	21
146	144	94	21
146	148	95	21
146	149	93	21
147	131	87	21
147	139	93	21
147	140	38	21
147	141	100	21
147	142	100	21
147	143	100	21
148	102	0	21
148	103	90	21
148	105	97	21
148	109	81	21
148	110	8	21
148	112	79	21
148	113	31	21
148	116	100	21
148	117	95	21
148	121	84	21
148	123	70	21
148	125	100	21
148	126	95	21
148	130	98	21
148	138	98	21
148	139	99	21
148	143	92	21
148	144	93	21
148	146	100	21
148	149	91	21
149	110	100	21
149	112	80	21
149	113	100	21
149	114	88	21
149	115	99	21
149	117	100	21
149	119	95	21
149	128	93	21
149	129	15	21
149	130	95	21
149	131	96	21
149	135	100	21
149	138	7	21
149	140	10	21
149	146	100	21
149	148	82	21
100	101	98	20
100	102	93	20
100	106	59	20
100	107	100	20
100	108	100	20
100	109	10	20
100	116	93	20
100	118	99	20
100	121	2	20
100	122	96	20
100	124	13	20
100	127	100	20
100	133	90	20
100	144	96	20
101	100	97	20
101	102	100	20
101	105	39	20
101	106	100	20
101	107	100	20
101	108	100	20
101	109	100	20
101	116	99	20
101	118	97	20
101	121	100	20
101	122	100	20
101	123	98	20
101	127	97	20
101	144	36	20
101	146	33	20
102	100	96	20
102	101	99	20
102	103	100	20
102	105	95	20
102	107	98	20
102	108	100	20
102	109	100	20
102	111	98	20
102	113	95	20
102	116	98	20
102	118	95	20
102	121	98	20
102	122	100	20
102	124	97	20
102	125	94	20
102	126	98	20
102	127	100	20
102	130	100	20
102	133	100	20
102	138	98	20
102	139	91	20
102	146	29	20
102	148	98	20
103	101	0	20
103	102	98	20
103	104	99	20
103	106	91	20
103	108	98	20
103	109	98	20
103	111	97	20
103	113	97	20
103	116	94	20
103	117	66	20
103	118	98	20
103	121	96	20
103	122	85	20
103	123	100	20
103	124	94	20
103	130	99	20
103	131	97	20
103	133	98	20
103	138	96	20
103	148	95	20
104	103	95	20
104	106	99	20
104	108	13	20
104	111	100	20
104	112	78	20
104	113	47	20
104	116	100	20
104	121	100	20
104	123	98	20
104	124	100	20
104	125	96	20
104	126	100	20
104	138	30	20
105	100	41	20
105	101	83	20
105	102	98	20
105	107	100	20
105	108	96	20
105	109	97	20
105	113	100	20
105	118	90	20
105	122	100	20
105	125	93	20
105	127	100	20
105	130	100	20
105	131	61	20
105	133	1	20
105	139	86	20
105	141	98	20
105	143	96	20
105	144	100	20
105	146	100	20
105	148	100	20
106	100	89	20
106	101	98	20
106	102	0	20
106	103	100	20
106	104	100	20
106	108	98	20
106	111	93	20
106	116	97	20
106	118	100	20
106	121	96	20
106	123	100	20
106	124	100	20
106	125	75	20
106	126	96	20
106	130	85	20
106	133	100	20
107	100	95	20
107	101	97	20
107	102	100	20
107	105	98	20
107	106	11	20
107	108	92	20
107	109	97	20
107	111	56	20
107	116	80	20
107	118	98	20
107	121	100	20
107	122	100	20
107	123	94	20
107	124	95	20
107	125	14	20
107	127	2	20
107	130	8	20
107	133	98	20
107	148	14	20
108	100	96	20
108	101	100	20
108	102	100	20
108	103	98	20
108	104	5	20
108	105	39	20
108	106	97	20
108	107	100	20
108	109	99	20
108	112	36	20
108	116	96	20
108	117	12	20
108	118	98	20
108	121	93	20
108	122	100	20
108	123	58	20
108	124	94	20
108	125	99	20
108	126	98	20
108	127	100	20
108	130	100	20
108	133	95	20
108	138	96	20
108	139	98	20
108	144	100	20
108	146	95	20
108	148	92	20
109	100	80	20
109	101	100	20
109	102	96	20
109	103	96	20
109	105	100	20
109	107	90	20
109	108	98	20
109	111	83	20
109	112	100	20
109	113	7	20
109	115	90	20
109	116	100	20
109	117	100	20
109	118	95	20
109	122	97	20
109	125	100	20
109	127	96	20
109	131	66	20
109	133	90	20
109	138	96	20
109	139	97	20
109	141	96	20
109	143	95	20
109	144	100	20
109	146	77	20
109	148	100	20
110	112	100	20
110	113	99	20
110	114	97	20
110	115	98	20
110	117	100	20
110	119	100	20
110	120	100	20
110	125	100	20
110	128	97	20
110	130	97	20
110	131	97	20
110	135	96	20
110	137	99	20
110	138	91	20
110	146	100	20
110	149	99	20
111	102	91	20
111	103	97	20
111	104	95	20
111	106	97	20
111	107	89	20
111	109	4	20
111	113	98	20
111	116	97	20
111	117	23	20
111	118	47	20
111	121	100	20
111	123	100	20
111	124	74	20
111	125	0	20
111	126	100	20
111	130	98	20
111	133	96	20
111	138	98	20
111	144	100	20
111	148	3	20
112	104	98	20
112	108	30	20
112	109	96	20
112	110	100	20
112	113	95	20
112	114	100	20
112	115	96	20
112	116	95	20
112	117	100	20
112	118	40	20
112	119	98	20
112	125	98	20
112	126	94	20
112	130	99	20
112	131	99	20
112	135	100	20
112	137	99	20
112	138	98	20
112	139	98	20
112	143	93	20
112	144	3	20
112	146	93	20
112	148	90	20
112	149	96	20
113	102	98	20
113	103	99	20
113	104	29	20
113	105	93	20
113	110	96	20
113	111	76	20
113	112	100	20
113	114	46	20
113	115	94	20
113	116	90	20
113	117	97	20
113	118	28	20
113	119	96	20
113	121	2	20
113	125	98	20
113	126	97	20
113	127	68	20
113	130	100	20
113	131	95	20
113	133	98	20
113	137	3	20
113	138	95	20
113	139	94	20
113	143	87	20
113	144	100	20
113	146	94	20
113	148	90	20
113	149	100	20
114	110	100	20
114	112	97	20
114	113	77	20
114	115	99	20
114	117	93	20
114	119	96	20
114	120	100	20
114	125	4	20
114	128	99	20
114	130	97	20
114	131	78	20
114	135	99	20
114	136	96	20
114	137	96	20
115	110	97	20
115	112	97	20
115	113	97	20
115	114	100	20
115	117	94	20
115	119	96	20
115	125	100	20
115	130	100	20
115	131	94	20
115	135	100	20
115	136	16	20
115	137	100	20
115	138	62	20
115	139	34	20
115	144	0	20
115	149	100	20
116	100	100	20
116	101	100	20
116	102	96	20
116	103	99	20
116	104	99	20
116	106	94	20
116	107	63	20
116	108	100	20
116	109	98	20
116	111	97	20
116	112	98	20
116	113	98	20
116	117	100	20
116	118	98	20
116	121	100	20
116	122	96	20
116	123	21	20
116	124	66	20
116	125	100	20
116	126	91	20
116	130	100	20
116	133	99	20
116	138	95	20
116	144	94	20
116	146	24	20
116	148	100	20
117	103	88	20
117	108	2	20
117	109	39	20
117	110	96	20
117	111	1	20
117	112	100	20
117	113	98	20
117	114	97	20
117	115	97	20
117	116	99	20
117	118	88	20
117	119	97	20
117	120	4	20
117	125	97	20
117	126	98	20
117	130	100	20
117	131	96	20
117	133	100	20
117	137	61	20
117	138	100	20
117	143	3	20
117	144	98	20
117	146	100	20
117	148	98	20
117	149	98	20
118	100	94	20
118	101	100	20
118	102	98	20
118	103	100	20
118	104	0	20
118	105	87	20
118	106	88	20
118	107	100	20
118	108	99	20
118	111	10	20
118	112	4	20
118	116	100	20
118	117	96	20
118	121	97	20
118	122	65	20
118	123	96	20
118	124	100	20
118	125	100	20
118	126	4	20
118	127	100	20
118	130	86	20
118	131	92	20
118	133	100	20
118	144	95	20
118	148	99	20
119	110	96	20
119	112	97	20
119	113	99	20
119	114	96	20
119	115	99	20
119	117	98	20
119	120	100	20
119	125	86	20
119	128	98	20
119	131	100	20
119	135	99	20
119	136	94	20
119	137	96	20
119	144	91	20
119	148	99	20
119	149	96	20
120	110	95	20
120	114	99	20
120	117	15	20
120	119	97	20
120	128	100	20
120	129	94	20
120	135	62	20
120	136	98	20
120	142	55	20
121	100	84	20
121	101	100	20
121	102	97	20
121	103	99	20
121	104	100	20
121	106	94	20
121	107	100	20
121	108	100	20
121	111	100	20
121	113	37	20
121	116	97	20
121	118	98	20
121	122	95	20
121	123	97	20
121	124	98	20
121	126	100	20
121	127	2	20
121	130	99	20
121	133	100	20
121	138	100	20
122	100	94	20
122	101	90	20
122	102	99	20
122	103	95	20
122	105	98	20
122	107	99	20
122	108	100	20
122	109	93	20
122	116	100	20
122	117	65	20
122	118	97	20
122	121	92	20
122	123	41	20
122	125	100	20
122	127	100	20
122	131	7	20
122	133	48	20
122	139	46	20
122	143	96	20
122	144	99	20
122	146	94	20
123	101	87	20
123	103	100	20
123	104	100	20
123	106	97	20
123	107	98	20
123	108	91	20
123	111	95	20
123	116	45	20
123	118	99	20
123	121	96	20
123	124	94	20
123	125	99	20
123	126	97	20
123	130	77	20
123	138	100	20
123	148	95	20
124	102	100	20
124	103	100	20
124	104	37	20
124	106	100	20
124	107	98	20
124	108	92	20
124	111	99	20
124	116	95	20
124	118	96	20
124	121	97	20
124	123	95	20
124	125	15	20
124	126	100	20
124	133	95	20
124	138	86	20
125	102	98	20
125	104	95	20
125	105	74	20
125	106	23	20
125	108	66	20
125	109	98	20
125	110	98	20
125	112	100	20
125	113	96	20
125	114	22	20
125	115	100	20
125	116	100	20
125	117	100	20
125	118	89	20
125	119	15	20
125	123	94	20
125	124	13	20
125	126	98	20
125	130	96	20
125	131	97	20
125	133	97	20
125	138	98	20
125	139	93	20
125	144	100	20
125	146	99	20
125	148	100	20
126	102	97	20
126	104	97	20
126	106	98	20
126	108	94	20
126	111	100	20
126	112	100	20
126	113	97	20
126	116	96	20
126	117	92	20
126	121	98	20
126	123	100	20
126	124	100	20
126	125	100	20
126	130	100	20
126	138	100	20
126	146	96	20
126	148	95	20
127	100	99	20
127	101	100	20
127	102	100	20
127	105	100	20
127	107	98	20
127	108	97	20
127	109	97	20
127	112	0	20
127	113	97	20
127	116	3	20
127	118	100	20
127	121	7	20
127	122	97	20
127	125	77	20
127	133	100	20
127	138	25	20
127	139	100	20
127	143	55	20
127	144	99	20
128	110	97	20
128	114	99	20
128	119	98	20
128	120	97	20
128	129	100	20
128	131	96	20
128	135	12	20
128	136	24	20
128	142	94	20
128	149	100	20
129	114	94	20
129	120	95	20
129	128	96	20
129	131	3	20
129	136	100	20
129	139	54	20
129	140	100	20
129	141	95	20
129	142	100	20
129	143	29	20
129	147	58	20
130	102	100	20
130	103	90	20
130	105	47	20
130	106	42	20
130	107	6	20
130	108	99	20
130	110	100	20
130	111	94	20
130	112	94	20
130	113	98	20
130	114	83	20
130	115	100	20
130	116	100	20
130	117	93	20
130	118	50	20
130	121	90	20
130	123	32	20
130	125	98	20
130	126	96	20
130	131	100	20
130	133	97	20
130	135	31	20
130	138	100	20
130	139	99	20
130	144	100	20
130	146	99	20
130	148	98	20
130	149	92	20
131	103	95	20
131	110	100	20
131	112	100	20
131	113	100	20
131	114	96	20
131	115	95	20
131	117	96	20
131	118	75	20
131	119	93	20
131	125	96	20
131	128	100	20
131	130	100	20
131	133	64	20
131	135	99	20
131	138	27	20
131	139	97	20
131	140	99	20
131	141	99	20
131	143	16	20
131	144	4	20
131	146	1	20
131	147	100	20
131	149	95	20
132	114	100	20
132	115	99	20
132	119	99	20
132	120	100	20
132	128	99	20
132	129	100	20
132	135	98	20
132	136	98	20
132	137	100	20
132	142	11	20
132	149	98	20
133	100	89	20
133	101	36	20
133	102	100	20
133	103	100	20
133	104	5	20
133	106	94	20
133	107	72	20
133	108	92	20
133	109	96	20
133	111	99	20
133	113	91	20
133	116	96	20
133	117	100	20
133	118	96	20
133	121	91	20
133	124	96	20
133	125	92	20
133	127	100	20
133	130	98	20
133	131	98	20
133	138	100	20
133	144	100	20
133	146	94	20
133	148	97	20
135	110	100	20
135	112	100	20
135	114	100	20
135	115	91	20
135	119	97	20
135	120	12	20
135	130	74	20
135	131	92	20
135	136	93	20
135	137	100	20
135	149	12	20
136	114	100	20
136	115	3	20
136	119	97	20
136	120	100	20
136	128	21	20
136	129	100	20
136	135	98	20
136	137	91	20
137	110	99	20
137	112	93	20
137	113	72	20
137	114	100	20
137	115	94	20
137	117	37	20
137	119	100	20
137	135	95	20
137	136	99	20
138	102	95	20
138	103	99	20
138	105	0	20
138	106	1	20
138	108	85	20
138	109	94	20
138	110	92	20
138	111	100	20
138	112	96	20
138	113	92	20
138	115	25	20
138	116	100	20
138	117	99	20
138	121	100	20
138	123	100	20
138	124	68	20
138	125	100	20
138	126	97	20
138	130	100	20
138	131	4	20
138	133	99	20
138	144	98	20
138	146	7	20
138	148	100	20
138	149	90	20
139	102	74	20
139	105	12	20
139	108	86	20
139	109	97	20
139	112	94	20
139	113	95	20
139	114	5	20
139	115	82	20
139	116	54	20
139	125	100	20
139	127	91	20
139	129	46	20
139	130	95	20
139	131	99	20
139	140	96	20
139	141	100	20
139	142	100	20
139	143	100	20
139	144	98	20
139	146	100	20
139	147	98	20
139	148	100	20
139	149	100	20
140	129	100	20
140	131	97	20
140	139	100	20
140	141	96	20
140	142	97	20
140	143	97	20
140	147	100	20
140	149	100	20
141	105	78	20
141	109	99	20
141	113	18	20
141	119	5	20
141	129	94	20
141	131	100	20
141	139	100	20
141	140	100	20
141	142	96	20
141	143	98	20
141	144	100	20
141	146	100	20
141	147	98	20
141	148	100	20
141	149	98	20
142	114	0	20
142	120	66	20
142	128	96	20
142	129	96	20
142	139	100	20
142	140	99	20
142	141	95	20
142	143	99	20
142	146	29	20
142	147	100	20
143	105	100	20
143	109	100	20
143	112	87	20
143	113	100	20
143	117	5	20
143	122	91	20
143	129	95	20
143	130	14	20
143	131	57	20
143	139	96	20
143	140	97	20
143	141	100	20
143	142	97	20
143	144	99	20
143	146	100	20
143	147	96	20
143	148	100	20
144	100	100	20
144	101	40	20
144	102	20	20
144	105	93	20
144	108	97	20
144	109	97	20
144	111	90	20
144	113	100	20
144	116	100	20
144	117	100	20
144	118	93	20
144	119	10	20
144	122	96	20
144	125	99	20
144	126	6	20
144	127	100	20
144	130	100	20
144	133	95	20
144	138	100	20
144	139	98	20
144	141	96	20
144	143	98	20
144	146	96	20
144	148	99	20
144	149	70	20
146	101	69	20
146	102	94	20
146	105	96	20
146	108	96	20
146	109	71	20
146	110	98	20
146	112	100	20
146	113	98	20
146	116	43	20
146	117	95	20
146	122	48	20
146	125	98	20
146	126	96	20
146	130	95	20
146	138	59	20
146	139	98	20
146	141	100	20
146	142	38	20
146	143	97	20
146	144	97	20
146	148	100	20
146	149	96	20
147	131	94	20
147	139	96	20
147	140	100	20
147	141	100	20
147	142	97	20
147	143	97	20
148	102	100	20
148	103	93	20
148	105	98	20
148	107	4	20
148	108	80	20
148	109	100	20
148	112	48	20
148	113	98	20
148	116	99	20
148	117	100	20
148	118	92	20
148	119	93	20
148	123	94	20
148	125	96	20
148	126	99	20
148	130	94	20
148	133	87	20
148	138	97	20
148	139	98	20
148	140	0	20
148	141	34	20
148	143	97	20
148	144	100	20
148	146	99	20
148	149	98	20
149	110	98	20
149	112	100	20
149	113	97	20
149	115	93	20
149	117	98	20
149	119	97	20
149	128	95	20
149	130	98	20
149	131	98	20
149	135	72	20
149	138	95	20
149	139	100	20
149	140	98	20
149	141	100	20
149	144	62	20
149	146	96	20
149	148	100	20
100	101	98	15
100	102	16	15
100	105	68	15
100	107	94	15
100	109	77	15
100	118	89	15
100	121	77	15
100	122	100	15
100	124	4	15
100	127	89	15
100	133	1	15
101	100	100	15
101	102	88	15
101	103	85	15
101	105	93	15
101	106	69	15
101	107	87	15
101	108	86	15
101	109	89	15
101	116	91	15
101	118	80	15
101	121	57	15
101	122	100	15
101	123	92	15
101	124	50	15
101	127	95	15
101	133	11	15
101	144	76	15
102	100	2	15
102	101	78	15
102	103	71	15
102	105	91	15
102	107	93	15
102	108	97	15
102	109	92	15
102	112	97	15
102	113	89	15
102	116	84	15
102	117	100	15
102	118	93	15
102	122	84	15
102	125	92	15
102	127	90	15
102	130	93	15
102	131	4	15
102	133	79	15
102	138	94	15
102	139	86	15
102	144	96	15
102	146	96	15
102	148	30	15
103	100	6	15
103	101	70	15
103	102	7	15
103	104	74	15
103	106	75	15
103	108	96	15
103	109	78	15
103	111	94	15
103	113	44	15
103	116	85	15
103	118	74	15
103	121	86	15
103	123	78	15
103	124	81	15
103	125	96	15
103	126	97	15
103	127	70	15
103	130	97	15
103	131	99	15
103	133	77	15
103	138	94	15
103	144	75	15
103	148	89	15
104	103	80	15
104	106	88	15
104	111	100	15
104	116	56	15
104	118	83	15
104	121	88	15
104	123	95	15
104	125	94	15
104	126	98	15
104	138	100	15
105	100	68	15
105	101	85	15
105	102	100	15
105	107	22	15
105	108	73	15
105	109	97	15
105	113	89	15
105	116	72	15
105	118	63	15
105	121	0	15
105	122	100	15
105	126	31	15
105	127	97	15
105	133	70	15
105	138	8	15
105	139	9	15
105	141	10	15
105	143	74	15
105	144	95	15
105	146	99	15
105	148	57	15
106	101	90	15
106	103	90	15
106	104	97	15
106	107	16	15
106	108	78	15
106	111	98	15
106	116	81	15
106	117	19	15
106	118	83	15
106	121	100	15
106	123	100	15
106	124	89	15
106	126	87	15
106	133	24	15
106	138	96	15
107	100	94	15
107	101	91	15
107	102	100	15
107	105	3	15
107	108	84	15
107	109	89	15
107	111	9	15
107	116	4	15
107	118	87	15
107	121	84	15
107	122	92	15
107	124	89	15
107	127	88	15
107	133	82	15
107	144	89	15
108	100	2	15
108	101	100	15
108	102	96	15
108	103	94	15
108	105	100	15
108	106	89	15
108	107	78	15
108	109	89	15
108	111	75	15
108	112	71	15
108	113	53	15
108	116	96	15
108	117	20	15
108	118	98	15
108	121	89	15
108	122	96	15
108	124	4	15
108	125	83	15
108	126	62	15
108	127	83	15
108	130	62	15
108	133	86	15
108	138	34	15
108	139	1	15
108	144	96	15
108	146	100	15
108	148	96	15
109	100	88	15
109	101	83	15
109	102	92	15
109	103	73	15
109	105	100	15
109	107	78	15
109	108	90	15
109	113	98	15
109	116	94	15
109	117	74	15
109	118	15	15
109	122	88	15
109	125	83	15
109	127	99	15
109	130	83	15
109	133	87	15
109	138	72	15
109	139	87	15
109	143	89	15
109	144	100	15
109	146	95	15
109	147	8	15
109	148	6	15
110	112	100	15
110	113	100	15
110	114	100	15
110	115	100	15
110	117	100	15
110	119	100	15
110	125	97	15
110	128	98	15
110	130	82	15
110	131	94	15
110	135	100	15
110	137	98	15
110	146	40	15
110	149	100	15
111	103	97	15
111	104	92	15
111	106	88	15
111	107	65	15
111	108	52	15
111	113	93	15
111	116	94	15
111	118	71	15
111	121	91	15
111	123	99	15
111	124	95	15
111	125	88	15
111	126	98	15
111	130	66	15
111	138	95	15
111	144	31	15
111	148	87	15
112	102	77	15
112	108	81	15
112	109	21	15
112	110	100	15
112	113	100	15
112	114	16	15
112	115	99	15
112	116	82	15
112	117	100	15
112	125	87	15
112	126	58	15
112	130	95	15
112	131	94	15
112	133	45	15
112	135	98	15
112	138	93	15
112	139	32	15
112	143	86	15
112	144	95	15
112	146	2	15
112	148	96	15
113	102	80	15
113	105	90	15
113	108	49	15
113	109	88	15
113	110	100	15
113	111	43	15
113	112	98	15
113	116	59	15
113	117	99	15
113	118	55	15
113	121	18	15
113	125	98	15
113	126	69	15
113	127	71	15
113	130	98	15
113	131	95	15
113	133	7	15
113	138	91	15
113	139	89	15
113	143	66	15
113	144	57	15
113	146	100	15
113	148	87	15
113	149	91	15
114	110	98	15
114	113	14	15
114	115	97	15
114	117	99	15
114	119	100	15
114	120	100	15
114	128	99	15
114	130	86	15
114	131	96	15
114	135	100	15
114	136	98	15
114	137	100	15
114	139	17	15
114	148	3	15
114	149	100	15
115	110	91	15
115	112	98	15
115	114	98	15
115	117	99	15
115	119	98	15
115	125	94	15
115	130	93	15
115	131	91	15
115	135	100	15
115	144	81	15
115	146	81	15
115	149	99	15
116	101	80	15
116	102	88	15
116	103	100	15
116	104	68	15
116	105	86	15
116	106	48	15
116	107	68	15
116	108	88	15
116	109	95	15
116	111	52	15
116	112	94	15
116	113	95	15
116	117	100	15
116	118	87	15
116	121	56	15
116	122	93	15
116	123	85	15
116	124	84	15
116	125	97	15
116	126	86	15
116	127	48	15
116	130	96	15
116	131	90	15
116	133	97	15
116	138	96	15
116	139	96	15
116	144	88	15
116	146	89	15
116	148	95	15
117	102	86	15
117	108	45	15
117	109	82	15
117	110	100	15
117	112	100	15
117	113	100	15
117	114	96	15
117	115	100	15
117	116	80	15
117	119	96	15
117	121	56	15
117	122	18	15
117	125	99	15
117	126	13	15
117	128	1	15
117	130	94	15
117	131	90	15
117	133	75	15
117	138	96	15
117	139	14	15
117	144	44	15
117	146	99	15
117	148	95	15
117	149	95	15
118	100	86	15
118	101	82	15
118	102	90	15
118	103	81	15
118	104	69	15
118	106	82	15
118	107	91	15
118	108	95	15
118	109	4	15
118	111	64	15
118	113	66	15
118	116	84	15
118	121	95	15
118	122	100	15
118	123	5	15
118	124	84	15
118	125	100	15
118	126	68	15
118	127	91	15
118	131	10	15
118	133	90	15
118	146	14	15
118	148	92	15
119	110	98	15
119	114	96	15
119	115	94	15
119	117	91	15
119	120	50	15
119	125	95	15
119	128	100	15
119	129	65	15
119	130	94	15
119	135	100	15
119	136	88	15
119	137	95	15
119	139	23	15
119	144	4	15
119	148	10	15
119	149	100	15
120	114	26	15
120	119	85	15
120	128	0	15
120	129	59	15
120	135	6	15
120	136	100	15
120	142	0	15
121	100	84	15
121	101	23	15
121	103	95	15
121	104	100	15
121	106	90	15
121	107	91	15
121	108	100	15
121	111	89	15
121	113	16	15
121	116	71	15
121	117	22	15
121	118	93	15
121	122	93	15
121	123	99	15
121	124	92	15
121	125	62	15
121	126	93	15
121	133	89	15
121	138	99	15
122	100	94	15
122	101	94	15
122	102	97	15
122	105	94	15
122	107	89	15
122	108	97	15
122	109	100	15
122	113	0	15
122	116	81	15
122	117	43	15
122	118	84	15
122	121	85	15
122	127	99	15
122	130	9	15
122	133	93	15
122	138	24	15
122	139	0	15
122	143	82	15
122	144	97	15
122	148	10	15
123	101	79	15
123	103	89	15
123	104	95	15
123	106	100	15
123	107	17	15
123	111	100	15
123	116	85	15
123	118	28	15
123	121	81	15
123	124	82	15
123	125	15	15
123	126	92	15
123	138	91	15
123	148	70	15
124	100	2	15
124	101	76	15
124	103	81	15
124	106	93	15
124	107	71	15
124	111	88	15
124	116	8	15
124	118	76	15
124	121	99	15
124	123	99	15
124	126	39	15
124	133	66	15
125	102	78	15
125	103	89	15
125	104	100	15
125	108	78	15
125	109	57	15
125	110	100	15
125	111	80	15
125	112	48	15
125	113	94	15
125	115	92	15
125	116	95	15
125	117	100	15
125	118	91	15
125	119	98	15
125	123	4	15
125	126	89	15
125	127	29	15
125	130	100	15
125	131	92	15
125	133	81	15
125	138	98	15
125	144	92	15
125	146	100	15
125	148	90	15
125	149	69	15
126	103	88	15
126	104	99	15
126	106	90	15
126	111	92	15
126	112	13	15
126	113	91	15
126	116	92	15
126	118	36	15
126	121	92	15
126	123	88	15
126	125	95	15
126	130	76	15
126	138	100	15
126	144	93	15
126	146	85	15
127	100	99	15
127	101	100	15
127	102	87	15
127	103	87	15
127	105	93	15
127	107	92	15
127	109	100	15
127	113	85	15
127	116	8	15
127	118	83	15
127	122	100	15
127	125	85	15
127	133	82	15
127	143	56	15
127	144	100	15
127	148	97	15
128	110	100	15
128	113	4	15
128	114	95	15
128	117	3	15
128	119	100	15
128	129	100	15
128	131	87	15
128	135	90	15
128	136	93	15
128	141	2	15
128	142	95	15
128	149	97	15
129	119	94	15
129	120	14	15
129	128	95	15
129	131	20	15
129	136	100	15
129	140	23	15
129	141	83	15
129	142	100	15
129	143	0	15
129	147	10	15
129	149	100	15
130	102	90	15
130	103	88	15
130	105	30	15
130	108	29	15
130	109	96	15
130	110	99	15
130	111	60	15
130	112	100	15
130	113	100	15
130	114	94	15
130	115	99	15
130	116	84	15
130	117	100	15
130	119	99	15
130	125	100	15
130	126	87	15
130	131	100	15
130	133	83	15
130	138	100	15
130	139	95	15
130	141	22	15
130	146	95	15
130	148	100	15
130	149	96	15
131	103	80	15
131	110	94	15
131	112	98	15
131	113	95	15
131	114	92	15
131	115	100	15
131	116	70	15
131	117	98	15
131	125	98	15
131	128	87	15
131	129	20	15
131	130	99	15
131	139	90	15
131	140	89	15
131	141	96	15
131	142	92	15
131	143	97	15
131	147	93	15
131	149	100	15
132	110	81	15
132	114	100	15
132	115	0	15
132	119	100	15
132	120	94	15
132	128	97	15
132	135	100	15
132	136	97	15
132	142	14	15
132	149	70	15
133	100	79	15
133	101	85	15
133	102	96	15
133	103	88	15
133	105	99	15
133	106	1	15
133	107	80	15
133	108	100	15
133	109	92	15
133	111	17	15
133	112	1	15
133	113	32	15
133	116	98	15
133	117	100	15
133	118	97	15
133	121	93	15
133	122	100	15
133	123	25	15
133	124	76	15
133	125	90	15
133	127	90	15
133	130	98	15
133	138	8	15
133	139	70	15
133	144	90	15
133	146	18	15
133	148	91	15
135	110	100	15
135	112	100	15
135	114	100	15
135	115	100	15
135	119	100	15
135	128	94	15
135	136	89	15
135	137	95	15
136	114	98	15
136	119	99	15
136	120	100	15
136	128	100	15
136	129	94	15
136	135	100	15
136	142	9	15
137	110	100	15
137	112	39	15
137	114	97	15
137	115	42	15
137	117	82	15
137	119	99	15
137	120	23	15
137	135	97	15
137	136	89	15
137	149	48	15
138	102	84	15
138	103	84	15
138	104	82	15
138	105	0	15
138	106	81	15
138	109	12	15
138	111	99	15
138	112	98	15
138	113	91	15
138	116	81	15
138	117	96	15
138	121	78	15
138	123	82	15
138	125	100	15
138	126	94	15
138	130	93	15
138	133	20	15
138	139	16	15
138	144	66	15
138	146	5	15
138	148	91	15
138	149	94	15
139	102	81	15
139	109	83	15
139	112	92	15
139	113	95	15
139	114	5	15
139	116	83	15
139	117	57	15
139	119	7	15
139	122	2	15
139	130	94	15
139	131	93	15
139	133	41	15
139	138	71	15
139	140	80	15
139	141	96	15
139	142	88	15
139	143	100	15
139	144	96	15
139	146	95	15
139	147	69	15
139	148	91	15
139	149	90	15
140	129	0	15
140	131	100	15
140	139	81	15
140	141	92	15
140	142	97	15
140	143	97	15
140	147	74	15
140	149	3	15
141	109	32	15
141	112	84	15
141	128	65	15
141	129	91	15
141	130	88	15
141	131	98	15
141	139	100	15
141	140	89	15
141	142	93	15
141	143	81	15
141	144	98	15
141	146	100	15
141	147	81	15
141	148	99	15
141	149	65	15
142	128	100	15
142	129	55	15
142	131	96	15
142	136	8	15
142	139	100	15
142	140	89	15
142	141	96	15
142	143	92	15
142	147	100	15
143	105	100	15
143	109	99	15
143	112	94	15
143	113	78	15
143	122	90	15
143	125	26	15
143	127	54	15
143	129	18	15
143	131	100	15
143	139	100	15
143	140	100	15
143	141	28	15
143	142	89	15
143	144	91	15
143	146	75	15
143	147	96	15
143	149	84	15
144	101	77	15
144	102	80	15
144	103	52	15
144	105	97	15
144	107	78	15
144	108	84	15
144	109	94	15
144	110	3	15
144	112	94	15
144	113	96	15
144	115	87	15
144	116	77	15
144	117	14	15
144	118	4	15
144	122	96	15
144	125	99	15
144	126	80	15
144	127	87	15
144	131	50	15
144	133	67	15
144	138	75	15
144	139	94	15
144	141	88	15
144	143	80	15
144	146	100	15
144	148	97	15
144	149	89	15
146	101	5	15
146	102	95	15
146	103	9	15
146	105	76	15
146	107	45	15
146	108	97	15
146	109	97	15
146	110	100	15
146	111	48	15
146	113	100	15
146	115	96	15
146	116	83	15
146	117	100	15
146	118	79	15
146	121	11	15
146	125	94	15
146	126	83	15
146	130	93	15
146	131	91	15
146	133	70	15
146	138	87	15
146	139	94	15
146	141	98	15
146	142	4	15
146	143	90	15
146	144	97	15
146	147	6	15
146	148	99	15
146	149	95	15
147	128	44	15
147	129	15	15
147	131	72	15
147	139	88	15
147	140	62	15
147	141	69	15
147	142	97	15
147	143	91	15
148	103	83	15
148	105	51	15
148	108	91	15
148	109	25	15
148	111	94	15
148	112	96	15
148	113	97	15
148	114	22	15
148	115	11	15
148	116	88	15
148	117	95	15
148	118	83	15
148	119	13	15
148	123	82	15
148	125	94	15
148	127	94	15
148	130	95	15
148	131	4	15
148	133	91	15
148	138	96	15
148	139	98	15
148	141	89	15
148	143	6	15
148	144	94	15
148	146	96	15
148	149	92	15
149	110	100	15
149	113	91	15
149	114	100	15
149	115	95	15
149	117	95	15
149	119	100	15
149	125	40	15
149	128	98	15
149	129	38	15
149	130	91	15
149	131	100	15
149	138	90	15
149	139	88	15
149	144	84	15
149	146	95	15
149	147	0	15
149	148	94	15
