100	101	92	26
100	102	88	26
100	105	93	26
100	106	51	26
100	107	92	26
100	108	98	26
100	109	95	26
100	118	96	26
100	122	92	26
100	127	94	26
100	133	68	26
101	100	97	26
101	102	97	26
101	105	99	26
101	106	92	26
101	107	96	26
101	108	94	26
101	109	96	26
101	116	100	26
101	121	95	26
101	122	100	26
101	127	98	26
101	133	91	26
101	148	11	26
102	100	95	26
102	101	86	26
102	103	100	26
102	105	98	26
102	107	100	26
102	108	90	26
102	109	100	26
102	112	92	26
102	113	98	26
102	115	0	26
102	116	96	26
102	118	97	26
102	122	99	26
102	125	21	26
102	126	89	26
102	127	98	26
102	133	100	26
102	138	100	26
102	139	91	26
102	144	93	26
102	146	60	26
102	148	99	26
103	102	91	26
103	104	98	26
103	106	95	26
103	107	90	26
103	108	99	26
103	111	99	26
103	113	95	26
103	116	100	26
103	117	5	26
103	118	97	26
103	121	99	26
103	123	99	26
103	124	95	26
103	125	98	26
103	126	99	26
103	130	97	26
103	131	100	26
103	133	91	26
103	138	98	26
103	146	54	26
103	148	97	26
104	103	97	26
104	106	92	26
104	108	16	26
104	111	99	26
104	112	75	26
104	118	87	26
104	121	91	26
104	123	94	26
104	124	94	26
104	126	96	26
104	138	100	26
105	100	94	26
105	101	100	26
105	102	100	26
105	108	96	26
105	109	100	26
105	113	100	26
105	116	17	26
105	118	94	26
105	122	100	26
105	127	94	26
105	130	97	26
105	133	77	26
105	138	11	26
105	139	100	26
105	141	94	26
105	143	98	26
105	144	97	26
105	146	98	26
106	100	0	26
106	101	9	26
106	103	99	26
106	104	100	26
106	108	55	26
106	109	0	26
106	111	100	26
106	116	2	26
106	118	95	26
106	121	98	26
106	122	15	26
106	123	98	26
106	124	100	26
106	125	85	26
106	126	98	26
106	133	99	26
106	138	98	26
107	100	95	26
107	101	100	26
107	102	91	26
107	103	98	26
107	108	96	26
107	109	89	26
107	116	87	26
107	118	96	26
107	121	92	26
107	122	100	26
107	124	93	26
107	125	4	26
107	127	99	26
107	144	92	26
108	100	100	26
108	101	95	26
108	102	91	26
108	103	99	26
108	104	71	26
108	105	92	26
108	106	91	26
108	107	100	26
108	109	100	26
108	111	23	26
108	113	6	26
108	116	92	26
108	117	65	26
108	118	96	26
108	121	94	26
108	122	100	26
108	123	100	26
108	125	84	26
108	127	100	26
108	130	3	26
108	133	98	26
108	138	100	26
108	139	89	26
108	144	97	26
108	148	89	26
109	100	100	26
109	101	92	26
109	102	100	26
109	105	96	26
109	106	70	26
109	107	91	26
109	108	95	26
109	112	100	26
109	116	95	26
109	117	98	26
109	122	96	26
109	125	95	26
109	126	92	26
109	127	100	26
109	130	100	26
109	131	48	26
109	133	91	26
109	138	100	26
109	139	32	26
109	143	74	26
109	144	100	26
109	147	8	26
109	148	99	26
110	112	100	26
110	113	100	26
110	114	100	26
110	115	100	26
110	119	99	26
110	125	97	26
110	128	100	26
110	130	100	26
110	131	97	26
110	135	98	26
110	136	5	26
110	137	100	26
110	139	14	26
110	146	100	26
110	149	100	26
111	103	100	26
111	104	98	26
111	106	99	26
111	113	92	26
111	116	84	26
111	117	92	26
111	118	89	26
111	121	100	26
111	123	89	26
111	124	99	26
111	125	52	26
111	126	100	26
111	133	94	26
111	138	98	26
111	148	88	26
112	102	95	26
112	104	45	26
112	109	89	26
112	110	100	26
112	113	96	26
112	115	96	26
112	116	89	26
112	117	96	26
112	119	96	26
112	125	100	26
112	128	99	26
112	130	100	26
112	131	98	26
112	133	94	26
112	138	100	26
112	139	9	26
112	144	6	26
112	146	56	26
112	148	100	26
112	149	96	26
113	102	98	26
113	103	100	26
113	105	25	26
113	110	100	26
113	111	87	26
113	112	99	26
113	115	97	26
113	116	97	26
113	117	93	26
113	118	94	26
113	119	92	26
113	121	93	26
113	122	99	26
113	125	100	26
113	130	100	26
113	131	99	26
113	133	88	26
113	138	97	26
113	139	99	26
113	143	16	26
113	144	100	26
113	146	96	26
113	148	95	26
113	149	100	26
114	110	100	26
114	115	25	26
114	117	41	26
114	119	97	26
114	120	100	26
114	125	50	26
114	128	97	26
114	129	37	26
114	130	36	26
114	135	96	26
114	136	100	26
114	137	100	26
114	146	12	26
115	110	97	26
115	112	30	26
115	113	98	26
115	114	7	26
115	117	98	26
115	119	100	26
115	125	100	26
115	128	3	26
115	130	97	26
115	131	98	26
115	138	97	26
115	141	10	26
115	146	93	26
115	149	99	26
116	101	95	26
116	102	99	26
116	103	92	26
116	104	3	26
116	107	87	26
116	108	94	26
116	109	100	26
116	111	96	26
116	112	96	26
116	113	94	26
116	115	0	26
116	117	100	26
116	118	99	26
116	122	94	26
116	123	73	26
116	125	97	26
116	126	91	26
116	127	90	26
116	130	97	26
116	133	78	26
116	138	100	26
116	139	98	26
116	144	97	26
116	146	98	26
116	148	100	26
116	149	22	26
117	108	46	26
117	109	98	26
117	110	7	26
117	111	98	26
117	112	100	26
117	113	100	26
117	115	97	26
117	116	94	26
117	118	6	26
117	119	100	26
117	120	1	26
117	125	100	26
117	126	91	26
117	130	100	26
117	131	97	26
117	133	87	26
117	135	74	26
117	137	90	26
117	138	100	26
117	139	26	26
117	144	100	26
117	146	96	26
117	148	99	26
117	149	98	26
118	100	100	26
118	102	97	26
118	103	98	26
118	104	93	26
118	105	8	26
118	106	92	26
118	107	95	26
118	108	95	26
118	111	94	26
118	112	0	26
118	113	97	26
118	116	100	26
118	117	10	26
118	121	97	26
118	122	94	26
118	123	100	26
118	124	91	26
118	125	95	26
118	126	85	26
118	127	17	26
118	130	92	26
118	131	0	26
118	133	94	26
118	138	94	26
118	144	97	26
118	146	99	26
119	110	100	26
119	112	94	26
119	113	94	26
119	114	96	26
119	115	100	26
119	117	88	26
119	120	100	26
119	128	95	26
119	129	97	26
119	130	47	26
119	131	98	26
119	135	95	26
119	136	98	26
119	137	98	26
119	139	0	26
119	144	29	26
119	146	100	26
119	148	100	26
119	149	100	26
120	114	99	26
120	119	86	26
120	128	98	26
120	129	92	26
120	135	100	26
120	136	94	26
120	142	92	26
121	101	97	26
121	103	100	26
121	104	100	26
121	106	100	26
121	107	98	26
121	108	94	26
121	111	92	26
121	113	97	26
121	118	99	26
121	123	95	26
121	124	100	26
121	125	8	26
121	126	94	26
121	133	96	26
121	138	100	26
121	148	10	26
122	100	99	26
122	101	95	26
122	102	98	26
122	105	100	26
122	106	95	26
122	107	99	26
122	108	100	26
122	109	98	26
122	113	93	26
122	116	100	26
122	117	91	26
122	118	99	26
122	121	6	26
122	123	85	26
122	124	97	26
122	125	100	26
122	127	96	26
122	130	1	26
122	133	100	26
122	139	48	26
122	143	91	26
122	144	99	26
122	148	89	26
123	103	96	26
123	104	100	26
123	106	100	26
123	108	100	26
123	111	95	26
123	112	10	26
123	116	58	26
123	118	92	26
123	121	96	26
123	122	3	26
123	124	100	26
123	126	99	26
123	130	48	26
123	133	28	26
123	138	100	26
123	148	57	26
124	103	99	26
124	104	94	26
124	106	96	26
124	107	96	26
124	111	98	26
124	118	91	26
124	121	98	26
124	123	100	26
124	126	75	26
124	138	28	26
125	102	55	26
125	103	98	26
125	106	20	26
125	108	87	26
125	109	99	26
125	110	100	26
125	111	51	26
125	112	100	26
125	113	97	26
125	114	0	26
125	115	96	26
125	116	96	26
125	117	97	26
125	118	94	26
125	121	11	26
125	122	69	26
125	126	97	26
125	127	9	26
125	130	100	26
125	131	97	26
125	133	98	26
125	138	98	26
125	139	4	26
125	144	18	26
125	148	93	26
125	149	98	26
126	102	90	26
126	103	100	26
126	104	100	26
126	106	99	26
126	109	58	26
126	110	1	26
126	111	100	26
126	113	85	26
126	116	100	26
126	117	92	26
126	118	98	26
126	121	100	26
126	123	89	26
126	124	97	26
126	125	98	26
126	133	5	26
126	138	100	26
126	144	93	26
126	146	93	26
126	148	100	26
127	100	96	26
127	101	99	26
127	102	100	26
127	105	95	26
127	107	100	26
127	108	100	26
127	109	100	26
127	113	92	26
127	116	97	26
127	118	92	26
127	122	97	26
127	125	77	26
127	133	64	26
127	143	14	26
127	144	100	26
127	146	93	26
127	148	96	26
128	110	62	26
128	112	87	26
128	114	96	26
128	115	6	26
128	119	100	26
128	120	100	26
128	129	99	26
128	135	100	26
128	136	0	26
128	142	100	26
128	149	90	26
129	114	56	26
129	119	98	26
129	120	100	26
129	128	98	26
129	131	98	26
129	135	0	26
129	136	100	26
129	140	77	26
129	142	94	26
129	147	100	26
130	103	100	26
130	105	50	26
130	109	88	26
130	110	99	26
130	112	100	26
130	113	100	26
130	114	10	26
130	115	100	26
130	116	88	26
130	117	99	26
130	118	94	26
130	119	26	26
130	123	31	26
130	125	98	26
130	131	94	26
130	138	97	26
130	139	100	26
130	141	37	26
130	143	90	26
130	144	100	26
130	146	100	26
130	148	97	26
130	149	78	26
131	103	86	26
131	110	99	26
131	112	94	26
131	113	93	26
131	115	99	26
131	117	99	26
131	119	100	26
131	125	100	26
131	128	2	26
131	129	32	26
131	130	100	26
131	138	29	26
131	139	93	26
131	140	100	26
131	141	100	26
131	142	100	26
131	143	96	26
131	144	89	26
131	146	99	26
131	147	15	26
131	148	98	26
131	149	99	26
132	110	82	26
132	112	9	26
132	114	100	26
132	115	100	26
132	119	98	26
132	120	100	26
132	129	98	26
132	135	98	26
132	136	100	26
132	137	100	26
133	100	16	26
133	101	98	26
133	102	100	26
133	103	91	26
133	106	97	26
133	108	91	26
133	109	74	26
133	111	99	26
133	112	100	26
133	113	95	26
133	116	62	26
133	117	98	26
133	118	100	26
133	121	93	26
133	122	100	26
133	123	58	26
133	125	93	26
133	127	0	26
133	138	100	26
133	144	95	26
133	146	100	26
133	148	100	26
135	110	100	26
135	114	95	26
135	117	100	26
135	119	94	26
135	120	100	26
135	128	100	26
135	136	96	26
135	137	100	26
135	149	99	26
136	114	99	26
136	119	95	26
136	120	100	26
136	128	83	26
136	129	100	26
136	135	99	26
136	137	1	26
136	142	2	26
137	110	100	26
137	112	5	26
137	114	100	26
137	115	86	26
137	117	93	26
137	119	100	26
137	135	97	26
137	136	1	26
138	102	59	26
138	103	91	26
138	104	96	26
138	106	90	26
138	108	91	26
138	109	98	26
138	111	92	26
138	112	97	26
138	113	98	26
138	115	100	26
138	116	95	26
138	117	100	26
138	118	100	26
138	121	94	26
138	123	100	26
138	124	1	26
138	125	99	26
138	126	96	26
138	130	100	26
138	131	29	26
138	133	90	26
138	146	87	26
138	148	89	26
139	102	58	26
139	105	96	26
139	108	50	26
139	112	10	26
139	113	97	26
139	116	91	26
139	117	34	26
139	130	91	26
139	131	100	26
139	140	99	26
139	141	98	26
139	142	97	26
139	143	99	26
139	144	100	26
139	147	99	26
139	148	96	26
139	149	86	26
140	129	3	26
140	131	96	26
140	139	97	26
140	141	100	26
140	143	97	26
140	147	100	26
141	105	49	26
141	112	8	26
141	115	83	26
141	120	6	26
141	125	2	26
141	130	44	26
141	131	97	26
141	139	100	26
141	140	100	26
141	142	100	26
141	143	98	26
141	146	99	26
141	147	90	26
141	148	100	26
141	149	92	26
142	120	100	26
142	128	99	26
142	129	100	26
142	131	98	26
142	136	95	26
142	139	94	26
142	140	0	26
142	141	93	26
142	143	99	26
142	147	94	26
143	105	91	26
143	113	81	26
143	130	76	26
143	131	100	26
143	139	97	26
143	140	95	26
143	141	95	26
143	142	99	26
143	144	77	26
143	146	100	26
143	147	100	26
144	102	88	26
144	105	97	26
144	107	98	26
144	108	100	26
144	109	100	26
144	111	1	26
144	112	74	26
144	113	98	26
144	116	98	26
144	117	96	26
144	118	91	26
144	119	81	26
144	122	98	26
144	125	63	26
144	126	72	26
144	127	95	26
144	130	100	26
144	131	100	26
144	133	100	26
144	139	96	26
144	143	84	26
144	146	100	26
144	148	97	26
146	102	99	26
146	103	96	26
146	105	100	26
146	110	96	26
146	112	98	26
146	113	94	26
146	114	86	26
146	115	100	26
146	116	96	26
146	117	95	26
146	118	95	26
146	119	100	26
146	126	94	26
146	127	90	26
146	128	95	26
146	130	100	26
146	131	97	26
146	133	96	26
146	138	96	26
146	141	97	26
146	143	100	26
146	144	99	26
146	148	99	26
146	149	100	26
147	129	99	26
147	131	89	26
147	139	97	26
147	140	100	26
147	141	97	26
147	142	100	26
147	143	95	26
148	102	96	26
148	103	79	26
148	108	96	26
148	109	100	26
148	111	81	26
148	112	99	26
148	113	99	26
148	116	95	26
148	117	100	26
148	119	100	26
148	122	69	26
148	125	100	26
148	126	90	26
148	127	96	26
148	130	94	26
148	131	100	26
148	133	94	26
148	138	100	26
148	139	100	26
148	141	93	26
148	144	98	26
148	146	99	26
148	149	100	26
149	110	100	26
149	112	94	26
149	113	100	26
149	115	93	26
149	116	13	26
149	117	100	26
149	119	96	26
149	125	100	26
149	128	100	26
149	130	97	26
149	131	94	26
149	135	96	26
149	139	100	26
149	141	99	26
149	146	100	26
149	148	96	26
100	101	59	25
100	102	100	25
100	105	53	25
100	107	100	25
100	108	94	25
100	109	100	25
100	116	78	25
100	118	95	25
100	121	96	25
100	122	96	25
100	127	100	25
100	133	4	25
100	144	12	25
101	100	39	25
101	102	97	25
101	103	72	25
101	105	95	25
101	106	93	25
101	107	93	25
101	108	100	25
101	109	100	25
101	116	100	25
101	118	95	25
101	121	93	25
101	122	99	25
101	123	0	25
101	124	17	25
101	127	93	25
101	133	100	25
101	144	24	25
102	100	98	25
102	101	100	25
102	103	94	25
102	105	100	25
102	107	95	25
102	108	100	25
102	109	97	25
102	112	60	25
102	113	90	25
102	116	99	25
102	118	97	25
102	122	98	25
102	124	100	25
102	125	95	25
102	126	82	25
102	127	97	25
102	133	100	25
102	138	99	25
102	139	99	25
102	144	100	25
102	146	94	25
102	148	66	25
103	101	88	25
103	102	100	25
103	104	100	25
103	106	93	25
103	108	96	25
103	109	100	25
103	111	100	25
103	113	100	25
103	116	99	25
103	118	99	25
103	121	100	25
103	123	96	25
103	124	100	25
103	125	42	25
103	126	100	25
103	130	98	25
103	131	3	25
103	133	98	25
103	138	100	25
103	139	98	25
103	144	29	25
103	146	88	25
104	103	100	25
104	106	99	25
104	108	10	25
104	111	98	25
104	118	56	25
104	121	96	25
104	123	100	25
104	124	98	25
104	125	73	25
104	126	100	25
104	138	100	25
105	100	97	25
105	101	97	25
105	102	95	25
105	103	49	25
105	107	97	25
105	108	98	25
105	109	100	25
105	113	93	25
105	116	86	25
105	117	4	25
105	122	100	25
105	125	93	25
105	127	99	25
105	130	100	25
105	133	100	25
105	138	91	25
105	139	95	25
105	143	100	25
105	144	100	25
105	146	92	25
105	148	5	25
106	101	95	25
106	103	96	25
106	104	98	25
106	107	8	25
106	111	95	25
106	116	21	25
106	118	99	25
106	121	97	25
106	123	100	25
106	124	100	25
106	125	93	25
106	126	16	25
106	130	31	25
106	133	97	25
106	138	100	25
107	100	100	25
107	101	100	25
107	102	99	25
107	105	100	25
107	108	100	25
107	109	98	25
107	116	100	25
107	118	99	25
107	121	98	25
107	122	99	25
107	124	99	25
107	127	96	25
107	133	98	25
107	144	97	25
107	146	83	25
108	100	96	25
108	101	99	25
108	102	100	25
108	103	95	25
108	105	100	25
108	107	99	25
108	109	99	25
108	113	100	25
108	116	100	25
108	118	100	25
108	121	98	25
108	122	99	25
108	123	78	25
108	124	98	25
108	125	99	25
108	127	18	25
108	130	96	25
108	133	92	25
108	138	92	25
108	139	65	25
108	144	96	25
108	148	100	25
109	100	96	25
109	101	99	25
109	102	100	25
109	103	94	25
109	105	95	25
109	107	99	25
109	108	96	25
109	113	99	25
109	116	97	25
109	117	97	25
109	118	98	25
109	122	100	25
109	124	0	25
109	125	91	25
109	127	94	25
109	130	97	25
109	131	1	25
109	133	100	25
109	138	100	25
109	139	100	25
109	141	4	25
109	143	96	25
109	144	98	25
109	146	97	25
109	148	100	25
110	112	100	25
110	113	100	25
110	114	96	25
110	115	93	25
110	117	100	25
110	119	98	25
110	128	97	25
110	130	94	25
110	131	99	25
110	135	100	25
110	137	100	25
110	138	82	25
110	139	67	25
110	143	21	25
110	146	98	25
110	149	93	25
111	103	93	25
111	104	100	25
111	108	11	25
111	113	96	25
111	116	100	25
111	118	94	25
111	125	100	25
111	126	100	25
111	130	15	25
111	133	99	25
111	138	96	25
111	148	95	25
112	102	86	25
112	110	97	25
112	113	98	25
112	115	94	25
112	116	94	25
112	117	96	25
112	119	97	25
112	125	97	25
112	126	0	25
112	128	89	25
112	131	98	25
112	137	97	25
112	138	99	25
112	141	96	25
112	146	97	25
112	148	97	25
112	149	100	25
113	102	92	25
113	103	100	25
113	108	96	25
113	109	0	25
113	110	98	25
113	111	93	25
113	112	96	25
113	115	97	25
113	116	95	25
113	117	100	25
113	118	62	25
113	119	87	25
113	121	0	25
113	125	96	25
113	127	96	25
113	130	99	25
113	131	93	25
113	133	8	25
113	137	83	25
113	138	14	25
113	139	99	25
113	144	100	25
113	146	99	25
113	148	94	25
113	149	97	25
114	110	100	25
114	115	78	25
114	119	97	25
114	120	100	25
114	128	100	25
114	129	15	25
114	130	57	25
114	131	63	25
114	135	96	25
114	136	98	25
114	137	95	25
114	148	1	25
115	110	99	25
115	112	100	25
115	113	100	25
115	114	100	25
115	117	99	25
115	119	99	25
115	125	97	25
115	130	99	25
115	131	100	25
115	146	2	25
115	149	100	25
116	100	83	25
116	101	99	25
116	102	100	25
116	103	100	25
116	105	50	25
116	106	79	25
116	107	100	25
116	108	96	25
116	109	100	25
116	111	99	25
116	112	96	25
116	113	99	25
116	117	95	25
116	118	100	25
116	121	92	25
116	122	96	25
116	123	2	25
116	125	97	25
116	126	76	25
116	127	21	25
116	130	100	25
116	131	94	25
116	133	96	25
116	138	100	25
116	139	4	25
116	144	3	25
116	146	96	25
116	148	97	25
117	109	93	25
117	110	100	25
117	111	0	25
117	112	97	25
117	113	100	25
117	114	91	25
117	115	100	25
117	116	93	25
117	119	100	25
117	125	100	25
117	126	98	25
117	130	65	25
117	131	100	25
117	133	100	25
117	135	100	25
117	137	100	25
117	138	97	25
117	146	98	25
117	148	100	25
117	149	99	25
118	100	98	25
118	101	97	25
118	102	93	25
118	103	100	25
118	104	27	25
118	106	7	25
118	107	92	25
118	108	100	25
118	109	99	25
118	111	98	25
118	113	96	25
118	116	100	25
118	121	99	25
118	122	96	25
118	123	12	25
118	124	99	25
118	125	100	25
118	126	100	25
118	127	90	25
118	130	100	25
118	133	96	25
118	138	97	25
118	146	82	25
118	148	96	25
119	110	100	25
119	112	97	25
119	113	100	25
119	114	96	25
119	115	98	25
119	117	100	25
119	120	99	25
119	125	100	25
119	128	100	25
119	129	100	25
119	130	99	25
119	131	7	25
119	135	100	25
119	136	97	25
119	137	100	25
119	146	100	25
119	148	95	25
119	149	100	25
120	114	100	25
120	119	96	25
120	128	94	25
120	129	96	25
120	131	30	25
120	136	92	25
120	142	93	25
121	100	90	25
121	101	99	25
121	102	0	25
121	103	100	25
121	104	98	25
121	106	100	25
121	107	100	25
121	108	100	25
121	111	40	25
121	113	100	25
121	116	93	25
121	118	97	25
121	122	97	25
121	123	98	25
121	124	95	25
121	125	5	25
121	126	100	25
121	133	100	25
121	138	100	25
121	148	0	25
122	100	100	25
122	101	96	25
122	102	100	25
122	103	83	25
122	105	99	25
122	106	4	25
122	107	100	25
122	108	96	25
122	109	96	25
122	111	97	25
122	113	54	25
122	116	100	25
122	118	96	25
122	121	100	25
122	123	21	25
122	124	41	25
122	125	96	25
122	126	10	25
122	127	97	25
122	130	99	25
122	133	98	25
122	144	92	25
122	148	100	25
123	101	12	25
123	103	99	25
123	104	95	25
123	106	100	25
123	108	95	25
123	118	77	25
123	121	96	25
123	124	100	25
123	126	98	25
123	130	100	25
123	133	91	25
123	138	99	25
123	148	90	25
124	101	63	25
124	102	94	25
124	103	98	25
124	104	98	25
124	106	100	25
124	107	93	25
124	108	91	25
124	111	13	25
124	118	95	25
124	121	96	25
124	123	97	25
125	102	97	25
125	103	93	25
125	104	39	25
125	105	26	25
125	106	100	25
125	108	91	25
125	109	30	25
125	111	100	25
125	112	95	25
125	113	100	25
125	115	100	25
125	116	100	25
125	117	100	25
125	118	95	25
125	119	100	25
125	122	95	25
125	126	97	25
125	130	96	25
125	131	99	25
125	133	100	25
125	138	100	25
125	144	98	25
125	146	100	25
125	148	100	25
126	102	73	25
126	103	100	25
126	104	100	25
126	111	100	25
126	117	98	25
126	118	84	25
126	121	95	25
126	123	94	25
126	125	97	25
126	130	100	25
126	138	93	25
126	144	100	25
126	146	100	25
127	100	94	25
127	101	100	25
127	102	98	25
127	105	95	25
127	107	98	25
127	108	92	25
127	109	96	25
127	113	93	25
127	116	13	25
127	122	94	25
127	125	5	25
127	130	0	25
127	133	100	25
127	138	10	25
127	143	88	25
127	144	100	25
127	146	100	25
127	148	98	25
128	110	96	25
128	114	97	25
128	119	99	25
128	120	100	25
128	129	98	25
128	135	100	25
128	142	96	25
128	149	99	25
129	114	54	25
129	119	100	25
129	120	100	25
129	128	100	25
129	131	68	25
129	136	95	25
129	140	91	25
129	142	100	25
129	143	73	25
129	147	99	25
130	103	97	25
130	105	71	25
130	106	2	25
130	108	97	25
130	109	95	25
130	110	100	25
130	113	100	25
130	114	48	25
130	115	92	25
130	116	100	25
130	118	95	25
130	119	99	25
130	122	12	25
130	123	100	25
130	125	100	25
130	126	100	25
130	131	96	25
130	133	100	25
130	138	100	25
130	139	96	25
130	141	5	25
130	143	100	25
130	144	98	25
130	146	94	25
130	148	100	25
130	149	60	25
131	103	8	25
131	110	98	25
131	112	97	25
131	113	97	25
131	114	78	25
131	115	100	25
131	116	9	25
131	117	99	25
131	120	22	25
131	125	100	25
131	129	42	25
131	130	97	25
131	138	12	25
131	139	93	25
131	141	95	25
131	142	97	25
131	143	98	25
131	144	100	25
131	147	13	25
131	148	99	25
131	149	99	25
132	114	100	25
132	115	99	25
132	119	100	25
132	120	96	25
132	128	36	25
132	129	100	25
132	135	100	25
132	136	100	25
132	137	72	25
133	101	100	25
133	102	100	25
133	103	97	25
133	105	100	25
133	106	94	25
133	107	97	25
133	108	100	25
133	109	100	25
133	111	100	25
133	113	65	25
133	116	100	25
133	117	97	25
133	118	100	25
133	121	96	25
133	122	99	25
133	123	7	25
133	125	97	25
133	127	100	25
133	130	100	25
133	138	100	25
133	144	100	25
133	146	98	25
133	148	100	25
134	102	100	25
134	110	93	25
134	112	100	25
134	113	100	25
134	114	98	25
134	115	99	25
134	116	37	25
134	117	100	25
134	119	100	25
134	120	17	25
134	125	98	25
134	128	100	25
134	130	100	25
134	131	98	25
134	133	84	25
134	137	93	25
134	138	100	25
134	139	46	25
134	141	13	25
134	143	100	25
134	144	97	25
134	146	96	25
134	148	100	25
134	149	71	25
135	110	100	25
135	114	100	25
135	117	100	25
135	119	100	25
135	128	97	25
135	136	100	25
135	137	99	25
135	149	94	25
136	114	95	25
136	119	98	25
136	120	100	25
136	128	23	25
136	129	100	25
136	135	100	25
136	137	31	25
136	142	98	25
137	110	100	25
137	112	97	25
137	113	98	25
137	114	96	25
137	115	20	25
137	117	100	25
137	119	92	25
137	128	9	25
137	135	97	25
137	136	69	25
138	102	95	25
138	103	99	25
138	104	98	25
138	105	0	25
138	106	97	25
138	108	100	25
138	109	7	25
138	110	15	25
138	111	100	25
138	112	98	25
138	116	98	25
138	117	100	25
138	118	95	25
138	121	100	25
138	123	94	25
138	125	100	25
138	126	91	25
138	130	100	25
138	131	5	25
138	133	83	25
138	144	1	25
138	146	100	25
138	148	96	25
138	149	24	25
139	102	94	25
139	103	96	25
139	105	100	25
139	108	81	25
139	109	100	25
139	110	86	25
139	113	98	25
139	128	6	25
139	130	99	25
139	131	99	25
139	140	100	25
139	141	100	25
139	143	100	25
139	144	99	25
139	146	100	25
139	147	100	25
139	149	69	25
140	129	98	25
140	139	96	25
140	141	98	25
140	142	97	25
140	143	100	25
140	147	100	25
141	112	100	25
141	128	1	25
141	130	88	25
141	131	97	25
141	139	98	25
141	140	95	25
141	142	99	25
141	143	100	25
141	144	97	25
141	147	11	25
141	148	96	25
141	149	100	25
142	120	98	25
142	128	98	25
142	129	98	25
142	131	97	25
142	136	100	25
142	139	18	25
142	140	97	25
142	141	100	25
142	143	98	25
142	146	17	25
142	147	95	25
143	105	100	25
143	109	98	25
143	110	24	25
143	129	23	25
143	130	94	25
143	131	100	25
143	139	100	25
143	140	100	25
143	141	100	25
143	142	100	25
143	144	100	25
143	147	100	25
143	148	100	25
144	100	5	25
144	101	91	25
144	102	100	25
144	103	100	25
144	105	94	25
144	107	100	25
144	108	100	25
144	109	94	25
144	113	100	25
144	116	0	25
144	122	100	25
144	125	100	25
144	126	100	25
144	127	100	25
144	130	98	25
144	131	100	25
144	133	99	25
144	138	100	25
144	139	98	25
144	141	97	25
144	143	97	25
144	146	97	25
144	148	97	25
144	149	20	25
146	102	94	25
146	103	100	25
146	105	97	25
146	107	98	25
146	108	3	25
146	109	93	25
146	110	100	25
146	112	94	25
146	113	97	25
146	116	100	25
146	117	98	25
146	118	98	25
146	119	98	25
146	125	91	25
146	126	99	25
146	127	97	25
146	128	63	25
146	130	99	25
146	133	97	25
146	138	100	25
146	139	98	25
146	142	33	25
146	144	100	25
146	148	94	25
146	149	100	25
147	129	96	25
147	131	35	25
147	139	100	25
147	140	100	25
147	142	98	25
147	143	98	25
148	102	95	25
148	108	97	25
148	109	99	25
148	110	4	25
148	111	97	25
148	112	94	25
148	113	100	25
148	114	74	25
148	116	100	25
148	117	100	25
148	118	100	25
148	119	100	25
148	123	95	25
148	125	97	25
148	126	52	25
148	127	100	25
148	130	99	25
148	131	99	25
148	133	98	25
148	138	98	25
148	141	100	25
148	143	94	25
148	144	99	25
148	146	97	25
148	149	94	25
149	108	0	25
149	110	100	25
149	112	100	25
149	113	100	25
149	115	99	25
149	117	100	25
149	119	100	25
149	128	91	25
149	130	97	25
149	131	96	25
149	135	100	25
149	138	97	25
149	139	94	25
149	141	100	25
149	143	1	25
149	144	27	25
149	146	99	25
149	148	97	25
100	101	71	24
100	102	94	24
100	105	93	24
100	107	96	24
100	108	98	24
100	109	38	24
100	116	0	24
100	118	100	24
100	122	68	24
100	127	100	24
100	133	85	24
100	144	32	24
101	102	96	24
101	103	96	24
101	105	98	24
101	107	100	24
101	108	97	24
101	109	96	24
101	116	97	24
101	118	100	24
101	121	99	24
101	122	96	24
101	123	74	24
101	124	51	24
101	127	92	24
101	133	100	24
102	100	89	24
102	101	99	24
102	103	91	24
102	107	97	24
102	108	100	24
102	109	94	24
102	112	48	24
102	113	100	24
102	116	100	24
102	117	89	24
102	118	100	24
102	122	100	24
102	123	12	24
102	124	100	24
102	125	99	24
102	126	86	24
102	127	92	24
102	130	8	24
102	133	100	24
102	138	100	24
102	139	4	24
102	144	97	24
102	146	100	24
102	148	100	24
103	101	65	24
103	102	98	24
103	104	96	24
103	106	95	24
103	107	100	24
103	108	98	24
103	111	97	24
103	113	97	24
103	116	99	24
103	118	92	24
103	121	100	24
103	122	76	24
103	123	100	24
103	124	6	24
103	125	100	24
103	126	100	24
103	130	100	24
103	131	87	24
103	133	94	24
103	138	100	24
103	139	100	24
103	144	93	24
103	146	0	24
103	148	98	24
104	103	100	24
104	106	91	24
104	111	99	24
104	113	92	24
104	116	100	24
104	117	58	24
104	118	89	24
104	121	100	24
104	123	99	24
104	124	100	24
104	125	47	24
104	126	100	24
104	133	16	24
104	138	98	24
104	148	41	24
105	100	95	24
105	101	95	24
105	103	27	24
105	108	100	24
105	109	91	24
105	112	42	24
105	116	100	24
105	117	57	24
105	118	16	24
105	122	100	24
105	125	100	24
105	126	2	24
105	127	93	24
105	130	94	24
105	133	100	24
105	138	98	24
105	139	97	24
105	141	99	24
105	143	94	24
105	144	96	24
105	146	96	24
105	148	97	24
105	149	3	24
106	101	26	24
106	102	13	24
106	103	100	24
106	104	64	24
106	107	9	24
106	108	1	24
106	111	98	24
106	113	64	24
106	116	43	24
106	117	74	24
106	118	25	24
106	121	100	24
106	123	97	24
106	124	96	24
106	125	65	24
106	126	96	24
106	130	43	24
106	133	97	24
106	138	100	24
107	100	87	24
107	101	92	24
107	102	98	24
107	103	100	24
107	108	100	24
107	109	100	24
107	116	100	24
107	118	94	24
107	121	99	24
107	122	100	24
107	123	33	24
107	124	100	24
107	127	90	24
107	133	96	24
107	144	100	24
107	146	22	24
107	148	65	24
108	100	66	24
108	101	96	24
108	102	100	24
108	103	99	24
108	105	56	24
108	106	5	24
108	107	100	24
108	109	91	24
108	113	6	24
108	116	100	24
108	117	27	24
108	118	100	24
108	121	99	24
108	122	96	24
108	123	8	24
108	124	97	24
108	125	100	24
108	126	91	24
108	127	8	24
108	130	100	24
108	133	100	24
108	144	98	24
108	146	74	24
108	148	94	24
109	100	86	24
109	101	94	24
109	102	97	24
109	103	44	24
109	105	98	24
109	107	100	24
109	108	92	24
109	111	7	24
109	112	98	24
109	113	96	24
109	115	6	24
109	116	100	24
109	117	100	24
109	118	96	24
109	119	26	24
109	122	97	24
109	124	22	24
109	125	100	24
109	127	97	24
109	130	100	24
109	131	48	24
109	133	100	24
109	138	97	24
109	139	97	24
109	140	17	24
109	143	91	24
109	144	100	24
109	146	96	24
109	148	100	24
109	149	89	24
110	112	96	24
110	113	100	24
110	114	100	24
110	115	97	24
110	117	100	24
110	119	94	24
110	120	98	24
110	125	99	24
110	128	59	24
110	130	97	24
110	131	98	24
110	135	95	24
110	137	97	24
110	139	47	24
110	146	95	24
110	148	95	24
110	149	100	24
111	102	9	24
111	103	100	24
111	104	100	24
111	106	92	24
111	108	2	24
111	112	77	24
111	117	87	24
111	118	58	24
111	121	100	24
111	123	93	24
111	124	45	24
111	125	97	24
111	126	93	24
111	130	97	24
111	133	96	24
111	138	98	24
111	144	8	24
111	146	27	24
111	148	96	24
112	102	48	24
112	109	57	24
112	110	94	24
112	111	61	24
112	113	93	24
112	115	100	24
112	116	95	24
112	117	95	24
112	118	59	24
112	119	98	24
112	125	100	24
112	130	97	24
112	131	100	24
112	135	66	24
112	137	95	24
112	138	100	24
112	139	96	24
112	141	76	24
112	146	95	24
112	148	100	24
112	149	100	24
113	102	89	24
113	103	91	24
113	104	100	24
113	106	3	24
113	108	13	24
113	109	96	24
113	110	87	24
113	112	95	24
113	115	98	24
113	116	97	24
113	117	98	24
113	118	100	24
113	119	99	24
113	121	0	24
113	125	96	24
113	127	99	24
113	130	98	24
113	131	100	24
113	133	85	24
113	135	59	24
113	137	84	24
113	138	100	24
113	139	96	24
113	143	80	24
113	144	100	24
113	146	90	24
113	148	99	24
113	149	100	24
114	110	100	24
114	112	14	24
114	115	92	24
114	117	92	24
114	119	100	24
114	120	100	24
114	125	2	24
114	128	100	24
114	129	100	24
114	130	75	24
114	131	5	24
114	135	97	24
114	136	97	24
114	137	98	24
114	148	85	24
114	149	95	24
115	110	100	24
115	112	100	24
115	113	99	24
115	114	98	24
115	116	28	24
115	117	97	24
115	119	100	24
115	125	100	24
115	130	97	24
115	131	18	24
115	135	39	24
115	137	99	24
115	139	95	24
115	146	98	24
115	148	31	24
115	149	99	24
116	100	9	24
116	101	100	24
116	102	98	24
116	103	100	24
116	104	93	24
116	105	64	24
116	106	51	24
116	107	96	24
116	108	100	24
116	109	87	24
116	112	100	24
116	113	94	24
116	115	51	24
116	117	100	24
116	118	99	24
116	121	20	24
116	122	97	24
116	123	74	24
116	124	73	24
116	125	98	24
116	126	100	24
116	127	84	24
116	130	100	24
116	131	97	24
116	133	99	24
116	138	96	24
116	144	60	24
116	146	94	24
116	148	100	24
116	149	94	24
117	102	73	24
117	104	24	24
117	106	19	24
117	108	16	24
117	109	99	24
117	110	100	24
117	111	77	24
117	112	100	24
117	113	96	24
117	114	97	24
117	115	100	24
117	116	100	24
117	119	95	24
117	125	100	24
117	126	94	24
117	128	11	24
117	130	100	24
117	131	96	24
117	133	100	24
117	135	100	24
117	137	100	24
117	138	100	24
117	144	99	24
117	146	96	24
117	148	96	24
117	149	100	24
118	100	100	24
118	101	95	24
118	102	100	24
118	103	100	24
118	104	100	24
118	106	82	24
118	107	100	24
118	108	100	24
118	109	100	24
118	111	33	24
118	112	73	24
118	113	100	24
118	116	100	24
118	121	97	24
118	122	77	24
118	123	98	24
118	124	83	24
118	125	100	24
118	126	4	24
118	130	97	24
118	131	18	24
118	133	100	24
118	138	86	24
118	144	64	24
118	146	0	24
118	148	99	24
119	110	94	24
119	112	97	24
119	113	99	24
119	114	93	24
119	115	100	24
119	117	97	24
119	120	100	24
119	125	96	24
119	128	100	24
119	129	100	24
119	130	100	24
119	131	96	24
119	135	95	24
119	139	7	24
119	144	4	24
119	146	97	24
119	148	99	24
119	149	98	24
120	110	100	24
120	114	100	24
120	119	95	24
120	128	100	24
120	129	97	24
120	135	93	24
120	136	100	24
120	137	97	24
121	101	97	24
121	103	96	24
121	104	95	24
121	106	98	24
121	107	94	24
121	108	98	24
121	111	98	24
121	113	11	24
121	118	99	24
121	122	96	24
121	123	97	24
121	124	100	24
121	125	100	24
121	126	96	24
121	130	17	24
121	133	100	24
121	138	94	24
122	100	79	24
122	101	91	24
122	102	98	24
122	103	97	24
122	105	97	24
122	107	100	24
122	108	100	24
122	109	100	24
122	111	6	24
122	113	99	24
122	116	38	24
122	118	96	24
122	121	96	24
122	124	16	24
122	125	93	24
122	126	21	24
122	127	94	24
122	130	31	24
122	133	96	24
122	138	92	24
122	143	96	24
122	144	98	24
122	146	22	24
122	148	81	24
123	101	91	24
123	102	42	24
123	103	97	24
123	104	98	24
123	106	99	24
123	107	4	24
123	108	15	24
123	111	96	24
123	116	64	24
123	118	98	24
123	121	95	24
123	124	98	24
123	125	98	24
123	126	99	24
123	130	100	24
123	133	100	24
123	138	100	24
124	101	100	24
124	102	95	24
124	103	60	24
124	104	98	24
124	106	100	24
124	107	99	24
124	108	96	24
124	118	75	24
124	121	94	24
124	123	98	24
124	125	99	24
124	126	14	24
124	133	86	24
125	102	100	24
125	103	95	24
125	104	8	24
125	105	87	24
125	106	61	24
125	108	86	24
125	109	13	24
125	110	100	24
125	111	95	24
125	112	98	24
125	113	99	24
125	115	95	24
125	116	91	24
125	117	95	24
125	118	96	24
125	119	92	24
125	121	94	24
125	122	34	24
125	123	66	24
125	124	99	24
125	126	97	24
125	130	96	24
125	133	97	24
125	138	100	24
125	144	11	24
125	146	95	24
125	148	96	24
126	102	75	24
126	103	96	24
126	104	100	24
126	106	96	24
126	108	96	24
126	111	100	24
126	116	99	24
126	117	96	24
126	118	27	24
126	121	100	24
126	123	98	24
126	125	97	24
126	130	98	24
126	138	97	24
126	144	93	24
126	146	94	24
126	148	97	24
127	100	100	24
127	101	77	24
127	102	100	24
127	105	91	24
127	107	99	24
127	108	69	24
127	109	100	24
127	113	99	24
127	116	99	24
127	122	100	24
127	130	31	24
127	133	100	24
127	143	94	24
127	144	100	24
127	146	100	24
127	148	100	24
128	114	97	24
128	119	97	24
128	120	96	24
128	129	22	24
128	135	100	24
128	137	1	24
128	140	4	24
128	142	100	24
128	149	97	24
129	114	100	24
129	119	93	24
129	120	100	24
129	128	99	24
129	131	99	24
129	136	100	24
129	140	90	24
129	143	65	24
129	147	83	24
129	149	74	24
130	102	8	24
130	103	90	24
130	105	16	24
130	106	11	24
130	108	86	24
130	109	100	24
130	110	93	24
130	111	92	24
130	112	93	24
130	113	96	24
130	114	97	24
130	115	100	24
130	116	92	24
130	117	99	24
130	118	95	24
130	119	94	24
130	121	0	24
130	123	96	24
130	125	97	24
130	126	100	24
130	131	100	24
130	133	100	24
130	138	96	24
130	139	96	24
130	141	30	24
130	143	1	24
130	144	98	24
130	146	100	24
130	148	95	24
130	149	60	24
131	103	96	24
131	110	94	24
131	112	100	24
131	113	95	24
131	114	30	24
131	115	27	24
131	116	85	24
131	117	98	24
131	118	37	24
131	119	94	24
131	125	0	24
131	129	95	24
131	130	98	24
131	138	91	24
131	139	100	24
131	140	96	24
131	141	100	24
131	142	88	24
131	143	100	24
131	144	99	24
131	146	100	24
131	147	90	24
131	148	99	24
131	149	98	24
132	110	93	24
132	112	100	24
132	114	100	24
132	115	98	24
132	119	93	24
132	120	100	24
132	128	100	24
132	129	100	24
132	135	96	24
132	136	99	24
132	137	100	24
132	149	96	24
133	100	93	24
133	101	92	24
133	102	97	24
133	103	92	24
133	105	95	24
133	106	100	24
133	107	99	24
133	108	99	24
133	109	96	24
133	111	100	24
133	113	100	24
133	116	96	24
133	117	100	24
133	118	96	24
133	121	100	24
133	122	100	24
133	123	60	24
133	124	91	24
133	125	98	24
133	127	90	24
133	130	100	24
133	138	95	24
133	144	99	24
133	146	98	24
133	148	94	24
135	110	96	24
135	112	80	24
135	113	70	24
135	114	92	24
135	117	75	24
135	119	99	24
135	120	90	24
135	128	99	24
135	136	100	24
135	137	96	24
135	149	97	24
136	114	100	24
136	120	100	24
136	129	100	24
136	135	98	24
137	110	98	24
137	112	97	24
137	113	88	24
137	114	96	24
137	115	100	24
137	117	100	24
137	120	95	24
137	125	3	24
137	128	27	24
137	135	93	24
137	136	0	24
137	149	100	24
138	102	78	24
138	103	90	24
138	104	100	24
138	105	70	24
138	106	99	24
138	108	1	24
138	109	59	24
138	111	99	24
138	112	100	24
138	113	100	24
138	116	89	24
138	117	100	24
138	118	92	24
138	121	27	24
138	123	82	24
138	125	100	24
138	126	100	24
138	130	99	24
138	131	58	24
138	133	51	24
138	144	96	24
138	146	100	24
138	148	98	24
139	102	39	24
139	103	92	24
139	105	67	24
139	109	95	24
139	110	61	24
139	112	100	24
139	113	98	24
139	115	100	24
139	119	4	24
139	130	100	24
139	131	96	24
139	140	98	24
139	141	98	24
139	142	100	24
139	143	99	24
139	144	100	24
139	146	99	24
139	147	95	24
139	148	29	24
139	149	99	24
140	128	50	24
140	129	93	24
140	131	97	24
140	139	100	24
140	141	100	24
140	142	95	24
140	143	99	24
140	146	75	24
140	147	100	24
141	105	75	24
141	110	36	24
141	112	96	24
141	113	3	24
141	130	92	24
141	131	96	24
141	139	98	24
141	140	99	24
141	142	100	24
141	143	97	24
141	144	95	24
141	146	96	24
141	147	100	24
141	148	94	24
141	149	96	24
142	114	4	24
142	128	99	24
142	131	100	24
142	139	100	24
142	140	100	24
142	141	99	24
142	143	95	24
142	147	99	24
143	105	87	24
143	109	95	24
143	113	85	24
143	122	4	24
143	127	9	24
143	129	77	24
143	130	21	24
143	131	100	24
143	139	100	24
143	140	94	24
143	141	100	24
143	142	100	24
143	144	89	24
143	146	55	24
143	147	92	24
143	148	2	24
143	149	45	24
144	100	2	24
144	102	100	24
144	103	95	24
144	105	100	24
144	107	91	24
144	108	95	24
144	109	100	24
144	111	4	24
144	113	96	24
144	116	70	24
144	117	98	24
144	118	2	24
144	122	60	24
144	125	13	24
144	126	99	24
144	127	80	24
144	130	100	24
144	131	93	24
144	133	95	24
144	138	100	24
144	139	96	24
144	141	94	24
144	143	95	24
144	146	100	24
144	148	98	24
144	149	93	24
146	102	100	24
146	103	12	24
146	105	76	24
146	107	64	24
146	108	88	24
146	109	100	24
146	110	99	24
146	111	8	24
146	112	100	24
146	113	100	24
146	115	100	24
146	116	91	24
146	117	100	24
146	118	9	24
146	119	97	24
146	125	100	24
146	126	100	24
146	127	85	24
146	130	99	24
146	131	96	24
146	133	100	24
146	138	98	24
146	139	96	24
146	140	78	24
146	141	97	24
146	143	58	24
146	144	99	24
146	148	100	24
146	149	97	24
147	129	77	24
147	131	92	24
147	139	92	24
147	140	100	24
147	141	99	24
147	142	97	24
147	143	100	24
148	102	87	24
148	103	82	24
148	104	25	24
148	105	21	24
148	107	62	24
148	108	87	24
148	109	86	24
148	110	87	24
148	111	91	24
148	112	87	24
148	113	83	24
148	114	100	24
148	115	47	24
148	116	90	24
148	117	91	24
148	118	92	24
148	119	92	24
148	125	80	24
148	126	85	24
148	127	84	24
148	130	83	24
148	131	87	24
148	133	92	24
148	138	95	24
148	139	3	24
148	141	91	24
148	144	81	24
148	146	82	24
148	149	87	24
149	110	99	24
149	112	100	24
149	113	98	24
149	114	92	24
149	115	93	24
149	116	78	24
149	117	98	24
149	119	96	24
149	128	100	24
149	129	62	24
149	130	78	24
149	131	96	24
149	135	100	24
149	137	100	24
149	139	98	24
149	141	95	24
149	143	35	24
149	144	100	24
149	146	97	24
149	148	98	24
100	101	95	23
100	102	8	23
100	105	99	23
100	107	40	23
100	108	92	23
100	109	90	23
100	118	89	23
100	122	100	23
100	124	5	23
100	127	100	23
101	100	96	23
101	102	98	23
101	105	95	23
101	107	93	23
101	108	99	23
101	109	95	23
101	116	97	23
101	118	94	23
101	121	100	23
101	122	97	23
101	123	92	23
101	124	99	23
101	127	95	23
101	133	94	23
101	144	2	23
102	101	100	23
102	103	96	23
102	105	100	23
102	107	98	23
102	108	90	23
102	109	99	23
102	111	89	23
102	113	95	23
102	116	100	23
102	117	92	23
102	118	100	23
102	122	100	23
102	125	98	23
102	127	98	23
102	133	100	23
102	138	100	23
102	144	94	23
102	146	92	23
102	148	100	23
103	101	7	23
103	102	100	23
103	104	99	23
103	105	7	23
103	106	92	23
103	107	92	23
103	108	95	23
103	111	92	23
103	113	97	23
103	116	100	23
103	118	70	23
103	121	94	23
103	122	85	23
103	123	100	23
103	124	77	23
103	125	94	23
103	126	100	23
103	127	2	23
103	130	97	23
103	131	61	23
103	133	97	23
103	138	82	23
103	146	48	23
103	148	61	23
104	103	95	23
104	106	91	23
104	111	99	23
104	113	0	23
104	116	86	23
104	118	29	23
104	123	98	23
104	124	66	23
104	125	90	23
104	126	99	23
104	138	100	23
105	100	88	23
105	101	84	23
105	102	86	23
105	103	86	23
105	107	41	23
105	108	70	23
105	109	95	23
105	113	96	23
105	116	91	23
105	122	99	23
105	125	99	23
105	127	98	23
105	133	83	23
105	138	90	23
105	139	78	23
105	141	100	23
105	143	97	23
105	144	100	23
105	148	100	23
106	103	92	23
106	104	100	23
106	107	77	23
106	108	74	23
106	111	100	23
106	116	97	23
106	117	34	23
106	118	9	23
106	121	96	23
106	123	100	23
106	124	100	23
106	126	95	23
106	133	35	23
106	138	94	23
107	101	96	23
107	102	96	23
107	103	100	23
107	106	82	23
107	108	100	23
107	109	98	23
107	116	100	23
107	118	97	23
107	121	94	23
107	122	95	23
107	124	70	23
107	127	91	23
107	133	75	23
108	100	98	23
108	101	100	23
108	102	97	23
108	103	100	23
108	105	78	23
108	106	87	23
108	107	99	23
108	109	100	23
108	111	14	23
108	116	100	23
108	117	81	23
108	118	97	23
108	121	98	23
108	122	100	23
108	123	97	23
108	126	98	23
108	127	100	23
108	133	98	23
108	138	94	23
108	144	100	23
108	146	76	23
108	148	8	23
109	100	92	23
109	101	100	23
109	102	89	23
109	103	93	23
109	105	100	23
109	107	100	23
109	108	100	23
109	112	100	23
109	113	100	23
109	115	43	23
109	116	98	23
109	117	94	23
109	118	73	23
109	121	16	23
109	122	97	23
109	126	60	23
109	127	92	23
109	130	93	23
109	133	95	23
109	138	93	23
109	139	86	23
109	141	97	23
109	143	99	23
109	144	93	23
109	146	94	23
109	148	98	23
110	112	100	23
110	113	100	23
110	114	90	23
110	115	100	23
110	117	98	23
110	119	99	23
110	120	5	23
110	125	88	23
110	128	5	23
110	130	100	23
110	131	100	23
110	135	93	23
110	137	100	23
110	138	61	23
110	139	36	23
110	146	86	23
110	149	100	23
111	102	81	23
111	103	91	23
111	104	94	23
111	106	95	23
111	108	69	23
111	116	70	23
111	117	84	23
111	118	65	23
111	121	93	23
111	123	97	23
111	124	2	23
111	125	91	23
111	126	94	23
111	130	15	23
111	133	69	23
111	138	100	23
111	148	60	23
112	109	73	23
112	110	100	23
112	113	96	23
112	114	100	23
112	115	94	23
112	117	94	23
112	118	11	23
112	119	100	23
112	125	99	23
112	130	97	23
112	131	89	23
112	138	96	23
112	139	100	23
112	146	81	23
112	148	100	23
112	149	96	23
113	102	94	23
113	103	99	23
113	104	68	23
113	105	65	23
113	109	88	23
113	110	91	23
113	112	100	23
113	115	95	23
113	116	6	23
113	117	95	23
113	118	74	23
113	119	100	23
113	125	100	23
113	130	96	23
113	131	84	23
113	135	86	23
113	138	97	23
113	139	98	23
113	143	88	23
113	144	94	23
113	146	100	23
113	148	95	23
113	149	96	23
114	112	13	23
114	115	97	23
114	117	93	23
114	119	100	23
114	120	93	23
114	128	100	23
114	129	97	23
114	135	95	23
114	136	98	23
114	142	3	23
114	149	26	23
115	110	96	23
115	112	97	23
115	113	90	23
115	114	81	23
115	117	90	23
115	119	99	23
115	125	87	23
115	130	100	23
115	131	2	23
115	135	90	23
115	137	23	23
115	138	59	23
115	139	1	23
115	141	3	23
115	143	19	23
115	146	95	23
115	149	98	23
116	101	93	23
116	102	91	23
116	103	97	23
116	104	94	23
116	105	97	23
116	106	93	23
116	107	98	23
116	108	100	23
116	109	90	23
116	111	96	23
116	113	44	23
116	117	100	23
116	118	94	23
116	122	90	23
116	123	83	23
116	125	98	23
116	126	100	23
116	127	92	23
116	130	100	23
116	133	100	23
116	138	97	23
116	144	100	23
116	146	99	23
116	148	99	23
117	101	0	23
117	102	93	23
117	106	20	23
117	108	76	23
117	109	98	23
117	110	92	23
117	111	84	23
117	112	100	23
117	113	100	23
117	114	99	23
117	115	98	23
117	116	95	23
117	119	97	23
117	125	97	23
117	126	100	23
117	130	100	23
117	131	100	23
117	133	97	23
117	138	100	23
117	141	6	23
117	144	37	23
117	146	98	23
117	148	12	23
117	149	90	23
118	100	72	23
118	101	97	23
118	102	95	23
118	103	88	23
118	104	11	23
118	106	8	23
118	107	93	23
118	108	99	23
118	109	89	23
118	111	41	23
118	113	100	23
118	116	100	23
118	121	91	23
118	122	36	23
118	123	99	23
118	124	90	23
118	125	100	23
118	127	4	23
118	130	86	23
118	133	96	23
118	138	93	23
118	144	81	23
118	146	90	23
119	110	100	23
119	112	96	23
119	113	100	23
119	114	100	23
119	115	100	23
119	117	100	23
119	120	100	23
119	125	91	23
119	128	100	23
119	129	100	23
119	130	99	23
119	131	100	23
119	135	60	23
119	137	98	23
119	144	3	23
119	148	89	23
119	149	99	23
120	114	100	23
120	119	100	23
120	128	100	23
120	129	96	23
120	135	97	23
120	136	100	23
121	100	17	23
121	101	96	23
121	103	95	23
121	104	16	23
121	106	100	23
121	107	84	23
121	108	89	23
121	109	75	23
121	111	94	23
121	113	15	23
121	116	81	23
121	117	7	23
121	118	100	23
121	122	86	23
121	123	96	23
121	124	100	23
121	125	86	23
121	126	100	23
121	133	93	23
121	138	71	23
122	100	98	23
122	101	95	23
122	102	99	23
122	103	96	23
122	105	94	23
122	106	65	23
122	107	96	23
122	108	97	23
122	109	94	23
122	113	63	23
122	116	87	23
122	121	97	23
122	123	20	23
122	124	55	23
122	127	96	23
122	133	99	23
122	138	28	23
122	144	99	23
122	146	100	23
123	101	91	23
123	103	86	23
123	104	100	23
123	106	97	23
123	108	72	23
123	111	95	23
123	118	82	23
123	121	97	23
123	124	100	23
123	126	94	23
123	133	83	23
123	138	88	23
124	101	94	23
124	103	87	23
124	104	97	23
124	106	100	23
124	107	83	23
124	118	96	23
124	121	96	23
124	122	50	23
124	123	100	23
124	126	19	23
124	133	82	23
125	102	97	23
125	103	100	23
125	104	98	23
125	105	66	23
125	106	2	23
125	108	66	23
125	110	42	23
125	111	100	23
125	112	95	23
125	113	100	23
125	115	100	23
125	116	98	23
125	117	99	23
125	118	87	23
125	119	93	23
125	121	8	23
125	126	98	23
125	130	97	23
125	133	100	23
125	138	96	23
125	144	100	23
125	146	97	23
125	148	100	23
126	103	95	23
126	104	98	23
126	106	96	23
126	108	85	23
126	111	98	23
126	116	96	23
126	117	96	23
126	121	95	23
126	123	83	23
126	124	15	23
126	125	95	23
126	130	100	23
126	138	96	23
126	144	3	23
126	146	95	23
126	148	2	23
127	100	100	23
127	101	95	23
127	102	95	23
127	103	93	23
127	105	94	23
127	107	88	23
127	108	94	23
127	109	98	23
127	113	0	23
127	116	76	23
127	118	47	23
127	122	97	23
127	130	95	23
127	133	81	23
127	139	5	23
127	143	93	23
127	144	97	23
127	148	100	23
128	114	75	23
128	119	92	23
128	120	76	23
128	129	92	23
128	135	63	23
128	142	97	23
129	114	96	23
129	119	96	23
129	120	96	23
129	128	99	23
129	131	94	23
129	136	100	23
129	140	95	23
129	142	100	23
129	143	14	23
130	103	99	23
130	109	100	23
130	110	97	23
130	111	1	23
130	112	100	23
130	113	100	23
130	114	11	23
130	115	94	23
130	116	100	23
130	117	98	23
130	118	65	23
130	119	93	23
130	125	98	23
130	126	100	23
130	127	54	23
130	131	100	23
130	133	93	23
130	139	12	23
130	141	91	23
130	144	100	23
130	146	96	23
130	148	100	23
131	103	85	23
131	110	98	23
131	112	100	23
131	113	85	23
131	115	93	23
131	117	100	23
131	119	100	23
131	128	31	23
131	129	93	23
131	130	100	23
131	140	98	23
131	141	92	23
131	142	100	23
131	144	100	23
131	146	93	23
131	147	100	23
131	149	99	23
132	110	100	23
132	112	0	23
132	114	94	23
132	119	100	23
132	120	100	23
132	128	100	23
132	135	100	23
132	136	98	23
133	101	87	23
133	102	86	23
133	103	100	23
133	104	13	23
133	105	79	23
133	107	84	23
133	108	96	23
133	109	90	23
133	111	90	23
133	116	95	23
133	117	98	23
133	118	100	23
133	121	99	23
133	122	95	23
133	123	91	23
133	124	73	23
133	125	94	23
133	127	85	23
133	130	100	23
133	138	1	23
133	139	20	23
133	144	0	23
133	146	95	23
135	110	67	23
135	113	4	23
135	114	96	23
135	115	72	23
135	119	74	23
135	120	90	23
135	128	81	23
135	136	98	23
135	137	100	23
135	149	78	23
136	114	99	23
136	120	93	23
136	129	98	23
136	135	100	23
136	142	99	23
137	110	100	23
137	112	42	23
137	114	100	23
137	115	99	23
137	119	97	23
137	120	11	23
137	128	4	23
137	135	100	23
137	136	0	23
138	102	95	23
138	103	64	23
138	104	94	23
138	105	66	23
138	106	84	23
138	108	90	23
138	109	3	23
138	111	96	23
138	112	92	23
138	113	94	23
138	115	55	23
138	116	100	23
138	117	95	23
138	118	87	23
138	123	89	23
138	125	100	23
138	126	100	23
138	144	94	23
138	148	29	23
139	105	3	23
139	112	100	23
139	113	100	23
139	115	20	23
139	130	32	23
139	133	28	23
139	138	1	23
139	140	99	23
139	141	96	23
139	142	74	23
139	143	99	23
139	144	99	23
139	146	100	23
139	147	100	23
139	148	97	23
139	149	98	23
140	129	99	23
140	131	96	23
140	139	51	23
140	141	100	23
140	142	99	23
140	143	97	23
140	146	9	23
140	147	94	23
141	105	94	23
141	109	76	23
141	115	31	23
141	117	21	23
141	130	89	23
141	131	95	23
141	139	97	23
141	140	100	23
141	142	100	23
141	143	95	23
141	144	98	23
141	146	95	23
141	147	93	23
141	149	100	23
142	114	44	23
142	128	97	23
142	129	100	23
142	131	92	23
142	136	99	23
142	139	91	23
142	140	92	23
142	141	100	23
142	143	98	23
142	146	0	23
142	147	97	23
143	105	93	23
143	109	100	23
143	113	86	23
143	115	38	23
143	127	83	23
143	139	99	23
143	140	94	23
143	141	96	23
143	142	97	23
143	147	100	23
144	101	82	23
144	102	100	23
144	103	18	23
144	105	100	23
144	108	100	23
144	109	98	23
144	113	99	23
144	116	92	23
144	117	95	23
144	118	67	23
144	119	40	23
144	122	93	23
144	125	94	23
144	126	90	23
144	127	100	23
144	130	100	23
144	131	100	23
144	133	49	23
144	138	95	23
144	139	92	23
144	141	95	23
144	143	53	23
144	146	98	23
144	148	100	23
146	101	0	23
146	102	100	23
146	103	34	23
146	108	46	23
146	109	90	23
146	110	21	23
146	112	79	23
146	113	89	23
146	115	88	23
146	116	98	23
146	117	98	23
146	118	17	23
146	122	35	23
146	125	94	23
146	126	86	23
146	128	30	23
146	130	100	23
146	131	99	23
146	133	82	23
146	138	11	23
146	139	91	23
146	141	95	23
146	144	99	23
146	148	95	23
146	149	43	23
147	131	89	23
147	139	86	23
147	140	99	23
147	141	98	23
147	142	100	23
147	143	98	23
148	102	96	23
148	103	93	23
148	105	81	23
148	108	78	23
148	109	89	23
148	111	95	23
148	112	99	23
148	113	100	23
148	116	91	23
148	117	95	23
148	118	57	23
148	119	87	23
148	122	0	23
148	123	31	23
148	125	99	23
148	126	91	23
148	127	82	23
148	130	98	23
148	138	96	23
148	139	94	23
148	143	8	23
148	144	98	23
148	146	96	23
148	149	16	23
149	110	94	23
149	112	100	23
149	113	93	23
149	114	97	23
149	115	99	23
149	117	90	23
149	119	100	23
149	131	94	23
149	135	100	23
149	139	94	23
149	141	100	23
149	146	98	23
100	101	96	22
100	102	100	22
100	105	74	22
100	107	98	22
100	108	64	22
100	109	88	22
100	116	37	22
100	118	20	22
100	121	83	22
100	122	100	22
100	127	89	22
101	100	99	22
101	102	100	22
101	103	85	22
101	105	95	22
101	107	100	22
101	108	96	22
101	109	96	22
101	116	94	22
101	118	92	22
101	121	98	22
101	122	100	22
101	123	63	22
101	124	61	22
101	127	100	22
101	133	66	22
101	144	12	22
102	100	92	22
102	101	91	22
102	103	97	22
102	105	100	22
102	106	33	22
102	107	97	22
102	108	100	22
102	109	100	22
102	111	15	22
102	113	95	22
102	116	95	22
102	117	95	22
102	118	100	22
102	121	90	22
102	122	92	22
102	124	94	22
102	125	98	22
102	126	50	22
102	127	93	22
102	130	95	22
102	138	99	22
102	146	97	22
102	148	98	22
103	101	9	22
103	102	96	22
103	104	96	22
103	106	94	22
103	107	100	22
103	108	91	22
103	109	96	22
103	111	99	22
103	113	94	22
103	116	99	22
103	118	92	22
103	121	96	22
103	122	94	22
103	123	95	22
103	124	100	22
103	125	26	22
103	126	100	22
103	127	2	22
103	131	53	22
103	133	99	22
103	138	99	22
103	146	10	22
103	148	9	22
104	103	96	22
104	106	91	22
104	111	100	22
104	113	47	22
104	121	100	22
104	123	87	22
104	124	41	22
104	125	94	22
104	126	7	22
104	138	100	22
105	100	93	22
105	101	91	22
105	102	90	22
105	103	69	22
105	107	84	22
105	108	88	22
105	109	95	22
105	113	90	22
105	122	100	22
105	124	24	22
105	125	64	22
105	127	100	22
105	130	67	22
105	133	7	22
105	138	71	22
105	139	64	22
105	141	48	22
105	143	84	22
105	144	100	22
105	146	100	22
105	148	99	22
106	102	72	22
106	103	97	22
106	104	95	22
106	107	78	22
106	108	85	22
106	111	98	22
106	116	86	22
106	118	25	22
106	121	65	22
106	122	2	22
106	123	100	22
106	124	93	22
106	125	94	22
106	126	97	22
106	133	16	22
106	138	96	22
107	100	95	22
107	101	90	22
107	102	100	22
107	103	93	22
107	105	63	22
107	108	100	22
107	109	88	22
107	116	91	22
107	118	99	22
107	122	94	22
107	124	100	22
107	127	93	22
107	130	76	22
107	133	8	22
108	100	1	22
108	101	95	22
108	102	97	22
108	103	60	22
108	105	91	22
108	106	99	22
108	107	100	22
108	109	96	22
108	111	78	22
108	116	100	22
108	117	82	22
108	118	99	22
108	121	91	22
108	122	96	22
108	124	88	22
108	125	28	22
108	127	95	22
108	130	26	22
108	133	97	22
108	144	95	22
108	148	85	22
109	100	93	22
109	101	90	22
109	102	99	22
109	103	100	22
109	105	99	22
109	107	95	22
109	108	97	22
109	112	97	22
109	113	93	22
109	116	98	22
109	117	91	22
109	118	100	22
109	121	100	22
109	122	100	22
109	125	95	22
109	126	97	22
109	127	96	22
109	130	100	22
109	133	99	22
109	138	93	22
109	139	94	22
109	143	95	22
109	144	98	22
109	148	96	22
109	149	9	22
110	112	98	22
110	113	90	22
110	114	93	22
110	115	94	22
110	117	98	22
110	119	99	22
110	120	0	22
110	128	100	22
110	130	89	22
110	131	100	22
110	135	100	22
110	137	97	22
110	138	0	22
110	139	90	22
110	146	100	22
110	149	100	22
111	102	94	22
111	103	99	22
111	104	100	22
111	106	99	22
111	107	11	22
111	108	97	22
111	113	89	22
111	116	94	22
111	117	98	22
111	118	93	22
111	121	95	22
111	122	16	22
111	123	98	22
111	124	100	22
111	125	100	22
111	126	100	22
111	130	100	22
111	133	96	22
111	138	96	22
111	146	8	22
112	102	75	22
112	109	92	22
112	110	94	22
112	113	94	22
112	114	95	22
112	115	100	22
112	117	100	22
112	119	100	22
112	125	98	22
112	126	95	22
112	130	55	22
112	131	99	22
112	133	94	22
112	135	89	22
112	137	99	22
112	138	98	22
112	139	100	22
112	144	94	22
112	146	99	22
112	148	94	22
112	149	91	22
113	102	97	22
113	103	86	22
113	104	3	22
113	105	69	22
113	109	95	22
113	110	94	22
113	111	77	22
113	112	95	22
113	115	53	22
113	117	100	22
113	119	96	22
113	121	9	22
113	122	5	22
113	125	91	22
113	126	97	22
113	130	100	22
113	131	86	22
113	133	33	22
113	135	100	22
113	138	97	22
113	139	19	22
113	143	100	22
113	144	98	22
113	146	96	22
113	149	100	22
114	110	100	22
114	112	95	22
114	115	100	22
114	117	99	22
114	119	91	22
114	120	97	22
114	128	98	22
114	129	99	22
114	130	6	22
114	131	53	22
114	135	100	22
114	136	100	22
114	137	94	22
114	142	0	22
115	102	22	22
115	110	100	22
115	112	100	22
115	113	89	22
115	114	99	22
115	117	97	22
115	119	100	22
115	125	85	22
115	130	76	22
115	131	100	22
115	135	100	22
115	137	100	22
115	138	83	22
115	139	89	22
115	146	85	22
115	149	100	22
116	100	80	22
116	101	96	22
116	102	100	22
116	103	97	22
116	106	91	22
116	107	100	22
116	108	90	22
116	109	100	22
116	111	98	22
116	117	100	22
116	118	96	22
116	121	100	22
116	122	84	22
116	124	92	22
116	125	100	22
116	126	100	22
116	130	98	22
116	133	93	22
116	138	94	22
116	144	96	22
116	146	93	22
116	148	95	22
117	102	86	22
117	108	76	22
117	109	69	22
117	110	98	22
117	111	85	22
117	112	100	22
117	113	100	22
117	114	89	22
117	115	96	22
117	116	80	22
117	118	67	22
117	119	88	22
117	125	96	22
117	126	92	22
117	130	95	22
117	131	99	22
117	133	89	22
117	135	27	22
117	137	54	22
117	138	97	22
117	144	87	22
117	146	95	22
117	148	92	22
117	149	95	22
118	100	3	22
118	101	97	22
118	102	92	22
118	103	92	22
118	106	3	22
118	107	95	22
118	108	92	22
118	109	92	22
118	111	86	22
118	116	89	22
118	117	77	22
118	121	92	22
118	122	87	22
118	123	86	22
118	124	91	22
118	125	92	22
118	133	100	22
118	138	94	22
118	139	0	22
118	144	22	22
118	146	17	22
119	110	90	22
119	112	98	22
119	113	95	22
119	114	95	22
119	115	100	22
119	117	92	22
119	120	92	22
119	128	100	22
119	129	94	22
119	130	90	22
119	131	96	22
119	135	100	22
119	136	39	22
119	137	99	22
119	144	55	22
119	146	57	22
119	149	99	22
120	110	98	22
120	114	61	22
120	119	100	22
120	128	93	22
120	129	96	22
120	135	93	22
120	136	99	22
120	142	98	22
121	100	68	22
121	101	90	22
121	102	93	22
121	103	93	22
121	104	94	22
121	106	31	22
121	107	100	22
121	108	99	22
121	109	88	22
121	111	97	22
121	113	68	22
121	116	96	22
121	118	98	22
121	122	93	22
121	123	94	22
121	124	99	22
121	125	91	22
121	126	99	22
121	130	93	22
121	133	100	22
121	138	100	22
121	148	94	22
122	100	100	22
122	101	96	22
122	102	91	22
122	103	98	22
122	105	98	22
122	106	28	22
122	107	100	22
122	108	100	22
122	109	98	22
122	111	18	22
122	113	82	22
122	116	98	22
122	118	83	22
122	121	91	22
122	123	65	22
122	124	86	22
122	125	91	22
122	127	100	22
122	130	95	22
122	133	97	22
122	143	96	22
122	144	97	22
122	148	4	22
123	101	39	22
123	102	1	22
123	103	91	22
123	104	92	22
123	106	95	22
123	111	94	22
123	118	42	22
123	121	86	22
123	122	15	22
123	124	81	22
123	126	80	22
123	133	53	22
124	101	92	22
124	102	93	22
124	103	92	22
124	104	61	22
124	106	99	22
124	107	75	22
124	108	87	22
124	111	91	22
124	116	80	22
124	118	83	22
124	121	91	22
124	122	95	22
124	123	91	22
124	126	87	22
124	133	93	22
125	102	96	22
125	103	91	22
125	104	98	22
125	105	5	22
125	106	88	22
125	108	81	22
125	109	89	22
125	111	96	22
125	112	100	22
125	113	100	22
125	114	18	22
125	115	100	22
125	116	96	22
125	117	98	22
125	118	98	22
125	121	55	22
125	122	79	22
125	126	89	22
125	130	99	22
125	131	40	22
125	133	90	22
125	138	96	22
125	139	88	22
125	141	77	22
125	144	100	22
125	146	1	22
125	148	96	22
125	149	98	22
126	102	52	22
126	103	94	22
126	106	95	22
126	109	13	22
126	111	99	22
126	112	54	22
126	113	98	22
126	116	97	22
126	117	91	22
126	121	93	22
126	123	97	22
126	124	90	22
126	125	94	22
126	130	94	22
126	133	95	22
126	138	95	22
126	148	50	22
127	100	91	22
127	101	99	22
127	102	91	22
127	103	89	22
127	105	94	22
127	107	91	22
127	108	92	22
127	109	100	22
127	118	0	22
127	122	94	22
127	130	74	22
127	133	96	22
127	139	80	22
127	143	96	22
127	144	99	22
127	146	99	22
128	110	95	22
128	114	94	22
128	119	95	22
128	120	97	22
128	129	99	22
128	135	99	22
128	142	98	22
129	114	100	22
129	119	98	22
129	120	97	22
129	128	97	22
129	136	97	22
129	140	97	22
129	141	5	22
129	142	99	22
129	143	55	22
129	147	86	22
129	149	5	22
130	102	96	22
130	109	93	22
130	110	91	22
130	111	100	22
130	113	100	22
130	114	6	22
130	115	7	22
130	116	92	22
130	117	100	22
130	119	93	22
130	122	74	22
130	125	100	22
130	126	99	22
130	131	100	22
130	138	99	22
130	139	90	22
130	141	8	22
130	144	98	22
130	146	100	22
130	148	99	22
130	149	99	22
131	103	86	22
131	110	91	22
131	112	98	22
131	113	98	22
131	114	97	22
131	115	99	22
131	117	97	22
131	119	99	22
131	126	19	22
131	130	92	22
131	139	94	22
131	140	98	22
131	141	100	22
131	143	100	22
131	144	100	22
131	146	100	22
131	147	99	22
131	148	5	22
131	149	100	22
132	110	1	22
132	114	100	22
132	119	100	22
132	120	93	22
132	128	97	22
132	129	100	22
132	135	98	22
132	136	94	22
132	137	39	22
133	101	10	22
133	102	90	22
133	103	97	22
133	105	22	22
133	106	96	22
133	108	96	22
133	109	94	22
133	111	92	22
133	112	88	22
133	116	100	22
133	117	98	22
133	118	100	22
133	121	98	22
133	122	97	22
133	123	77	22
133	124	97	22
133	125	88	22
133	126	95	22
133	127	81	22
133	138	20	22
133	139	29	22
133	144	0	22
133	146	91	22
135	110	85	22
135	112	92	22
135	113	92	22
135	114	74	22
135	115	100	22
135	119	97	22
135	120	100	22
135	128	97	22
135	136	97	22
135	137	98	22
136	114	100	22
136	119	47	22
136	120	99	22
136	128	47	22
136	129	99	22
136	135	93	22
136	142	43	22
137	110	97	22
137	112	95	22
137	113	5	22
137	114	97	22
137	115	100	22
137	117	42	22
137	119	96	22
137	135	100	22
138	102	98	22
138	103	88	22
138	104	98	22
138	106	100	22
138	109	90	22
138	111	95	22
138	112	97	22
138	113	97	22
138	115	84	22
138	116	97	22
138	117	100	22
138	118	92	22
138	121	96	22
138	125	100	22
138	126	99	22
138	130	100	22
138	144	93	22
138	146	18	22
138	148	94	22
139	102	10	22
139	105	7	22
139	109	18	22
139	110	93	22
139	112	93	22
139	113	91	22
139	115	87	22
139	125	91	22
139	127	25	22
139	130	94	22
139	131	89	22
139	140	100	22
139	141	96	22
139	142	40	22
139	143	100	22
139	144	95	22
139	146	100	22
139	147	100	22
139	148	100	22
139	149	89	22
140	129	4	22
140	131	100	22
140	139	94	22
140	141	100	22
140	142	100	22
140	143	98	22
140	147	92	22
141	102	5	22
141	105	0	22
141	125	84	22
141	128	1	22
141	129	14	22
141	130	76	22
141	131	100	22
141	139	100	22
141	140	93	22
141	142	97	22
141	143	100	22
141	144	96	22
141	146	97	22
141	147	99	22
141	148	70	22
142	114	45	22
142	120	97	22
142	128	98	22
142	129	96	22
142	131	16	22
142	136	10	22
142	139	17	22
142	140	81	22
142	141	92	22
142	143	93	22
142	147	91	22
143	105	0	22
143	109	92	22
143	113	96	22
143	122	66	22
143	127	96	22
143	129	3	22
143	131	93	22
143	139	100	22
143	140	96	22
143	141	98	22
143	142	96	22
143	144	95	22
143	147	96	22
143	148	97	22
144	101	80	22
144	105	99	22
144	108	100	22
144	109	92	22
144	111	46	22
144	112	100	22
144	113	97	22
144	116	94	22
144	117	97	22
144	118	7	22
144	119	96	22
144	122	94	22
144	125	87	22
144	126	32	22
144	127	95	22
144	130	96	22
144	131	97	22
144	133	87	22
144	138	96	22
144	139	99	22
144	141	98	22
144	143	99	22
144	146	100	22
144	148	96	22
146	102	92	22
146	103	29	22
146	105	9	22
146	110	100	22
146	111	10	22
146	112	93	22
146	113	96	22
146	114	0	22
146	115	96	22
146	116	90	22
146	117	93	22
146	118	5	22
146	119	89	22
146	125	9	22
146	126	42	22
146	127	83	22
146	130	99	22
146	131	89	22
146	133	32	22
146	138	91	22
146	139	100	22
146	141	94	22
146	144	100	22
146	148	99	22
146	149	97	22
147	129	41	22
147	131	93	22
147	139	91	22
147	140	97	22
147	141	95	22
147	142	100	22
147	143	94	22
148	102	93	22
148	103	87	22
148	105	88	22
148	108	85	22
148	109	90	22
148	111	24	22
148	112	93	22
148	113	92	22
148	115	28	22
148	116	92	22
148	117	99	22
148	121	93	22
148	122	28	22
148	125	99	22
148	126	93	22
148	130	99	22
148	131	5	22
148	138	100	22
148	139	94	22
148	141	35	22
148	143	90	22
148	144	100	22
148	146	96	22
148	149	55	22
149	109	13	22
149	110	93	22
149	112	93	22
149	113	88	22
149	115	97	22
149	117	100	22
149	119	100	22
149	125	98	22
149	129	73	22
149	130	100	22
149	131	98	22
149	135	100	22
149	139	87	22
149	143	11	22
149	146	96	22
149	148	74	22
100	101	98	21
100	105	93	21
100	106	26	21
100	108	98	21
100	116	86	21
100	118	91	21
100	121	90	21
100	122	96	21
100	127	92	21
100	133	72	21
100	144	76	21
101	100	100	21
101	102	92	21
101	105	93	21
101	106	86	21
101	107	92	21
101	108	98	21
101	109	95	21
101	116	49	21
101	118	82	21
101	121	96	21
101	122	99	21
101	127	97	21
101	133	19	21
102	101	95	21
102	103	94	21
102	105	92	21
102	107	96	21
102	108	100	21
102	109	100	21
102	111	90	21
102	113	100	21
102	116	100	21
102	117	41	21
102	118	99	21
102	121	84	21
102	122	89	21
102	125	94	21
102	126	45	21
102	127	92	21
102	130	40	21
102	133	95	21
102	138	97	21
102	144	99	21
102	146	100	21
103	102	47	21
103	106	61	21
103	107	64	21
103	109	94	21
103	111	98	21
103	116	97	21
103	118	98	21
103	121	100	21
103	122	88	21
103	123	100	21
103	124	88	21
103	126	100	21
103	131	36	21
103	133	100	21
103	138	99	21
103	144	25	21
104	106	67	21
104	111	100	21
104	116	68	21
104	121	85	21
104	123	96	21
104	125	93	21
104	126	91	21
104	138	96	21
105	100	87	21
105	101	85	21
105	102	89	21
105	107	83	21
105	108	90	21
105	109	99	21
105	113	100	21
105	116	47	21
105	118	55	21
105	122	89	21
105	125	11	21
105	127	100	21
105	133	88	21
105	139	96	21
105	143	97	21
105	144	100	21
105	146	99	21
105	148	95	21
106	101	63	21
106	103	51	21
106	104	60	21
106	107	10	21
106	108	79	21
106	111	87	21
106	116	62	21
106	118	91	21
106	121	96	21
106	123	94	21
106	124	92	21
106	126	100	21
106	133	9	21
106	138	68	21
107	100	0	21
107	101	86	21
107	102	99	21
107	103	84	21
107	105	49	21
107	108	96	21
107	109	70	21
107	116	90	21
107	118	100	21
107	121	94	21
107	122	31	21
107	124	75	21
107	127	2	21
107	133	48	21
107	144	40	21
108	100	87	21
108	101	100	21
108	102	100	21
108	103	64	21
108	105	97	21
108	106	100	21
108	107	97	21
108	109	99	21
108	116	100	21
108	118	96	21
108	121	100	21
108	122	94	21
108	124	8	21
108	127	96	21
108	133	100	21
108	138	97	21
108	144	92	21
108	146	99	21
109	101	95	21
109	102	98	21
109	103	95	21
109	105	100	21
109	107	82	21
109	108	97	21
109	111	0	21
109	112	100	21
109	113	81	21
109	116	100	21
109	117	4	21
109	118	91	21
109	122	94	21
109	125	98	21
109	126	100	21
109	127	99	21
109	130	79	21
109	133	88	21
109	138	100	21
109	139	100	21
109	141	18	21
109	143	91	21
109	144	100	21
109	146	3	21
109	148	100	21
110	112	94	21
110	113	11	21
110	114	89	21
110	115	96	21
110	117	98	21
110	119	100	21
110	125	40	21
110	128	55	21
110	130	85	21
110	131	100	21
110	135	97	21
110	137	99	21
110	139	41	21
110	146	80	21
110	149	100	21
111	102	15	21
111	103	100	21
111	104	96	21
111	106	92	21
111	113	13	21
111	116	98	21
111	117	96	21
111	118	26	21
111	121	95	21
111	123	100	21
111	124	43	21
111	125	87	21
111	126	100	21
111	133	99	21
111	138	100	21
111	144	0	21
112	109	96	21
112	110	98	21
112	113	93	21
112	114	95	21
112	115	96	21
112	116	78	21
112	117	99	21
112	119	100	21
112	126	93	21
112	130	99	21
112	131	98	21
112	133	96	21
112	135	97	21
112	138	99	21
112	139	94	21
112	144	99	21
112	146	94	21
112	148	0	21
112	149	94	21
113	102	64	21
113	105	91	21
113	109	92	21
113	110	90	21
113	111	53	21
113	112	66	21
113	116	49	21
113	117	97	21
113	119	97	21
113	125	94	21
113	126	93	21
113	127	33	21
113	130	99	21
113	131	97	21
113	135	85	21
113	138	100	21
113	139	95	21
113	144	92	21
113	146	95	21
113	148	57	21
113	149	100	21
114	110	95	21
114	112	100	21
114	115	99	21
114	117	90	21
114	119	95	21
114	128	97	21
114	129	95	21
114	131	16	21
114	135	100	21
114	136	98	21
114	137	95	21
115	110	96	21
115	112	100	21
115	114	100	21
115	117	96	21
115	119	100	21
115	125	97	21
115	131	97	21
115	135	95	21
115	137	100	21
115	138	92	21
115	139	89	21
115	146	55	21
115	149	100	21
116	100	10	21
116	101	76	21
116	102	92	21
116	103	94	21
116	105	9	21
116	106	52	21
116	107	95	21
116	108	96	21
116	109	100	21
116	111	99	21
116	117	69	21
116	118	96	21
116	121	94	21
116	122	90	21
116	125	100	21
116	126	56	21
116	133	96	21
116	138	100	21
116	144	94	21
116	146	99	21
116	148	97	21
117	110	97	21
117	111	86	21
117	112	100	21
117	113	91	21
117	114	98	21
117	115	95	21
117	116	91	21
117	118	87	21
117	119	53	21
117	125	100	21
117	126	97	21
117	130	92	21
117	131	100	21
117	133	4	21
117	135	2	21
117	138	97	21
117	144	91	21
117	146	90	21
117	149	96	21
118	100	88	21
118	101	10	21
118	102	98	21
118	103	100	21
118	105	22	21
118	106	98	21
118	107	100	21
118	108	98	21
118	109	96	21
118	111	96	21
118	116	100	21
118	117	100	21
118	121	97	21
118	122	93	21
118	123	100	21
118	124	91	21
118	125	8	21
118	126	41	21
118	127	94	21
118	131	32	21
118	133	94	21
118	138	99	21
118	144	83	21
118	146	33	21
119	110	99	21
119	112	78	21
119	113	100	21
119	114	95	21
119	115	100	21
119	117	70	21
119	120	93	21
119	128	95	21
119	129	36	21
119	131	100	21
119	135	98	21
119	136	97	21
119	149	100	21
120	110	97	21
120	114	99	21
120	119	90	21
120	128	100	21
120	129	96	21
120	136	97	21
121	101	100	21
121	102	87	21
121	103	100	21
121	104	95	21
121	106	100	21
121	107	91	21
121	108	95	21
121	111	93	21
121	116	97	21
121	118	87	21
121	122	93	21
121	123	88	21
121	124	98	21
121	125	5	21
121	126	98	21
121	133	97	21
121	138	100	21
122	100	100	21
122	101	96	21
122	102	89	21
122	103	83	21
122	105	98	21
122	106	0	21
122	107	73	21
122	108	100	21
122	109	96	21
122	116	93	21
122	118	100	21
122	121	98	21
122	123	92	21
122	127	93	21
122	131	9	21
122	133	59	21
122	143	87	21
122	144	99	21
122	146	72	21
123	101	0	21
123	103	92	21
123	104	98	21
123	106	100	21
123	111	100	21
123	118	100	21
123	121	94	21
123	122	64	21
123	124	91	21
123	126	91	21
123	138	52	21
124	101	79	21
124	103	93	21
124	106	99	21
124	111	94	21
124	118	93	21
124	121	96	21
124	123	100	21
124	126	93	21
124	133	97	21
125	102	88	21
125	103	26	21
125	104	91	21
125	105	38	21
125	109	96	21
125	110	98	21
125	111	90	21
125	113	100	21
125	115	98	21
125	116	91	21
125	117	94	21
125	118	81	21
125	121	67	21
125	126	88	21
125	130	100	21
125	133	96	21
125	138	96	21
125	139	75	21
125	144	92	21
125	146	75	21
125	148	100	21
126	103	91	21
126	104	95	21
126	106	94	21
126	109	41	21
126	111	97	21
126	112	100	21
126	113	97	21
126	116	93	21
126	117	100	21
126	118	0	21
126	121	100	21
126	123	99	21
126	124	96	21
126	125	97	21
126	138	100	21
126	146	76	21
127	100	98	21
127	101	95	21
127	102	100	21
127	105	98	21
127	107	13	21
127	108	88	21
127	109	95	21
127	113	5	21
127	116	15	21
127	118	33	21
127	122	97	21
127	139	81	21
127	143	92	21
127	144	98	21
128	110	90	21
128	114	100	21
128	119	100	21
128	120	90	21
128	129	95	21
128	131	16	21
128	135	19	21
128	149	86	21
129	110	9	21
129	114	97	21
129	120	100	21
129	128	95	21
129	131	70	21
129	136	94	21
129	140	96	21
129	142	90	21
129	143	4	21
130	102	85	21
130	105	7	21
130	109	97	21
130	110	100	21
130	111	100	21
130	112	96	21
130	113	95	21
130	114	90	21
130	115	99	21
130	116	80	21
130	117	93	21
130	122	0	21
130	125	97	21
130	126	87	21
130	131	100	21
130	133	91	21
130	135	13	21
130	138	98	21
130	139	97	21
130	144	100	21
130	146	100	21
130	148	100	21
130	149	98	21
131	103	49	21
131	110	100	21
131	112	96	21
131	113	90	21
131	114	32	21
131	115	98	21
131	117	100	21
131	119	94	21
131	129	0	21
131	130	100	21
131	135	55	21
131	139	96	21
131	140	100	21
131	141	98	21
131	142	90	21
131	144	92	21
131	147	96	21
131	149	99	21
132	114	90	21
132	119	96	21
132	120	96	21
132	128	100	21
132	129	98	21
132	135	96	21
132	136	100	21
132	142	78	21
133	101	82	21
133	102	89	21
133	103	95	21
133	105	82	21
133	106	47	21
133	107	32	21
133	108	100	21
133	109	100	21
133	111	89	21
133	112	91	21
133	116	100	21
133	118	97	21
133	121	91	21
133	122	66	21
133	124	90	21
133	125	93	21
133	130	100	21
133	131	0	21
133	138	95	21
133	144	100	21
133	146	66	21
135	110	97	21
135	112	88	21
135	114	98	21
135	115	97	21
135	119	100	21
135	131	65	21
135	136	93	21
135	137	100	21
136	114	94	21
136	119	83	21
136	120	100	21
136	129	100	21
136	135	100	21
137	110	99	21
137	112	28	21
137	114	100	21
137	115	100	21
137	117	85	21
137	135	93	21
138	102	88	21
138	103	93	21
138	104	100	21
138	106	10	21
138	109	79	21
138	111	90	21
138	112	56	21
138	113	96	21
138	116	95	21
138	117	94	21
138	121	91	21
138	123	72	21
138	125	95	21
138	126	100	21
138	130	100	21
138	133	79	21
138	144	94	21
138	148	42	21
139	105	93	21
139	109	86	21
139	110	95	21
139	112	100	21
139	113	1	21
139	115	0	21
139	125	10	21
139	127	8	21
139	130	59	21
139	131	100	21
139	140	99	21
139	141	100	21
139	143	93	21
139	144	100	21
139	146	96	21
139	147	16	21
139	148	93	21
140	129	54	21
140	131	100	21
140	139	99	21
140	141	97	21
140	142	100	21
140	143	100	21
140	147	46	21
141	105	2	21
141	109	92	21
141	129	96	21
141	131	93	21
141	139	100	21
141	140	99	21
141	142	99	21
141	143	96	21
141	144	95	21
141	146	100	21
141	147	97	21
142	114	31	21
142	129	93	21
142	131	95	21
142	139	4	21
142	140	98	21
142	141	65	21
142	143	99	21
142	147	100	21
143	105	90	21
143	109	89	21
143	122	12	21
143	127	51	21
143	129	9	21
143	131	8	21
143	139	100	21
143	140	98	21
143	141	99	21
143	142	98	21
143	144	100	21
143	146	93	21
143	147	93	21
143	148	10	21
144	102	6	21
144	103	79	21
144	105	92	21
144	107	4	21
144	108	4	21
144	109	91	21
144	112	82	21
144	113	100	21
144	116	93	21
144	117	96	21
144	118	24	21
144	122	80	21
144	125	97	21
144	127	93	21
144	130	97	21
144	131	94	21
144	133	89	21
144	138	92	21
144	139	94	21
144	141	95	21
144	143	100	21
144	146	97	21
144	148	100	21
146	102	69	21
146	105	87	21
146	108	88	21
146	109	5	21
146	110	100	21
146	112	99	21
146	113	100	21
146	116	85	21
146	117	96	21
146	118	12	21
146	122	17	21
146	125	31	21
146	126	87	21
146	127	2	21
146	130	94	21
146	131	47	21
146	133	27	21
146	139	96	21
146	141	96	21
146	143	95	21
146	144	95	21
146	148	95	21
146	149	93	21
147	131	90	21
147	139	96	21
147	140	31	21
147	141	100	21
147	142	100	21
147	143	98	21
148	102	2	21
148	103	86	21
148	105	95	21
148	109	81	21
148	110	3	21
148	112	79	21
148	113	27	21
148	116	99	21
148	117	93	21
148	121	86	21
148	123	75	21
148	125	96	21
148	126	100	21
148	130	97	21
148	138	100	21
148	139	99	21
148	143	92	21
148	144	100	21
148	146	100	21
148	149	92	21
149	110	100	21
149	112	84	21
149	113	96	21
149	114	91	21
149	115	97	21
149	117	92	21
149	119	99	21
149	128	92	21
149	129	13	21
149	130	90	21
149	131	98	21
149	135	99	21
149	138	11	21
149	140	10	21
149	146	100	21
149	148	81	21
100	101	100	20
100	102	100	20
100	106	55	20
100	107	96	20
100	108	100	20
100	109	13	20
100	116	93	20
100	118	94	20
100	121	5	20
100	122	97	20
100	124	8	20
100	127	100	20
100	133	85	20
100	144	98	20
101	100	97	20
101	102	97	20
101	105	39	20
101	106	100	20
101	107	100	20
101	108	100	20
101	109	100	20
101	116	97	20
101	118	99	20
101	121	100	20
101	122	99	20
101	123	93	20
101	127	100	20
101	144	37	20
101	146	35	20
102	100	100	20
102	101	94	20
102	103	100	20
102	105	97	20
102	107	96	20
102	108	99	20
102	109	100	20
102	111	100	20
102	113	97	20
102	116	95	20
102	118	98	20
102	121	99	20
102	122	100	20
102	124	99	20
102	125	100	20
102	126	96	20
102	127	100	20
102	130	99	20
102	133	100	20
102	138	99	20
102	139	84	20
102	146	28	20
102	148	99	20
103	101	1	20
103	102	100	20
103	104	94	20
103	106	92	20
103	108	95	20
103	109	95	20
103	111	97	20
103	113	99	20
103	116	93	20
103	117	67	20
103	118	100	20
103	121	100	20
103	122	85	20
103	123	97	20
103	124	91	20
103	130	100	20
103	131	100	20
103	133	96	20
103	138	100	20
103	148	91	20
104	103	98	20
104	106	96	20
104	108	20	20
104	111	100	20
104	112	74	20
104	113	43	20
104	116	100	20
104	121	100	20
104	123	100	20
104	124	100	20
104	125	100	20
104	126	96	20
104	138	32	20
105	100	42	20
105	101	84	20
105	102	96	20
105	107	99	20
105	108	91	20
105	109	99	20
105	113	99	20
105	118	97	20
105	122	100	20
105	125	97	20
105	127	100	20
105	130	100	20
105	131	61	20
105	133	3	20
105	139	84	20
105	141	100	20
105	143	100	20
105	144	100	20
105	146	94	20
105	148	100	20
106	100	92	20
106	101	100	20
106	102	2	20
106	103	100	20
106	104	100	20
106	108	99	20
106	111	97	20
106	116	98	20
106	118	96	20
106	121	100	20
106	123	96	20
106	124	100	20
106	125	74	20
106	126	98	20
106	130	77	20
106	133	98	20
107	100	96	20
107	101	100	20
107	102	97	20
107	105	100	20
107	106	14	20
107	108	95	20
107	109	100	20
107	111	58	20
107	116	81	20
107	118	99	20
107	121	99	20
107	122	99	20
107	123	98	20
107	124	96	20
107	125	9	20
107	127	2	20
107	130	6	20
107	133	95	20
107	148	11	20
108	100	91	20
108	101	97	20
108	102	100	20
108	103	97	20
108	104	5	20
108	105	36	20
108	106	100	20
108	107	100	20
108	109	100	20
108	112	41	20
108	116	100	20
108	117	12	20
108	118	95	20
108	121	100	20
108	122	100	20
108	123	61	20
108	124	100	20
108	125	94	20
108	126	97	20
108	127	100	20
108	130	100	20
108	133	98	20
108	138	92	20
108	139	100	20
108	144	96	20
108	146	93	20
108	148	89	20
109	100	81	20
109	101	100	20
109	102	100	20
109	103	99	20
109	105	100	20
109	107	92	20
109	108	93	20
109	111	81	20
109	112	95	20
109	113	8	20
109	115	91	20
109	116	100	20
109	117	97	20
109	118	92	20
109	122	100	20
109	125	99	20
109	127	96	20
109	131	68	20
109	133	92	20
109	138	97	20
109	139	97	20
109	141	100	20
109	143	93	20
109	144	100	20
109	146	81	20
109	148	99	20
110	112	100	20
110	113	100	20
110	114	100	20
110	115	95	20
110	117	96	20
110	119	100	20
110	120	99	20
110	125	100	20
110	128	100	20
110	130	100	20
110	131	100	20
110	135	100	20
110	137	100	20
110	138	94	20
110	146	98	20
110	149	99	20
111	102	97	20
111	103	100	20
111	104	100	20
111	106	99	20
111	107	85	20
111	109	4	20
111	113	97	20
111	116	100	20
111	117	20	20
111	118	47	20
111	121	100	20
111	123	96	20
111	124	76	20
111	125	2	20
111	126	100	20
111	130	96	20
111	133	100	20
111	138	98	20
111	144	100	20
111	148	9	20
112	104	99	20
112	108	32	20
112	109	99	20
112	110	100	20
112	113	93	20
112	114	100	20
112	115	100	20
112	116	99	20
112	117	96	20
112	118	43	20
112	119	99	20
112	125	98	20
112	126	99	20
112	130	96	20
112	131	94	20
112	135	100	20
112	137	100	20
112	138	100	20
112	139	100	20
112	143	89	20
112	144	1	20
112	146	97	20
112	148	86	20
112	149	100	20
113	102	98	20
113	103	97	20
113	104	30	20
113	105	91	20
113	110	98	20
113	111	74	20
113	112	96	20
113	114	44	20
113	115	96	20
113	116	91	20
113	117	99	20
113	118	23	20
113	119	100	20
113	121	10	20
113	125	100	20
113	126	93	20
113	127	67	20
113	130	100	20
113	131	94	20
113	133	99	20
113	137	6	20
113	138	98	20
113	139	96	20
113	143	88	20
113	144	99	20
113	146	95	20
113	148	95	20
113	149	96	20
114	110	100	20
114	112	100	20
114	113	80	20
114	115	98	20
114	117	96	20
114	119	100	20
114	120	100	20
114	125	8	20
114	128	100	20
114	130	100	20
114	131	82	20
114	135	97	20
114	136	96	20
114	137	95	20
115	110	100	20
115	112	100	20
115	113	97	20
115	114	100	20
115	117	96	20
115	119	100	20
115	125	100	20
115	130	100	20
115	131	93	20
115	135	100	20
115	136	21	20
115	137	96	20
115	138	54	20
115	139	30	20
115	144	0	20
115	149	100	20
116	100	96	20
116	101	96	20
116	102	96	20
116	103	95	20
116	104	100	20
116	106	91	20
116	107	67	20
116	108	100	20
116	109	100	20
116	111	96	20
116	112	99	20
116	113	99	20
116	117	95	20
116	118	98	20
116	121	97	20
116	122	100	20
116	123	28	20
116	124	65	20
116	125	100	20
116	126	89	20
116	130	100	20
116	133	100	20
116	138	97	20
116	144	97	20
116	146	21	20
116	148	94	20
117	103	92	20
117	108	3	20
117	109	32	20
117	110	96	20
117	111	4	20
117	112	100	20
117	113	100	20
117	114	96	20
117	115	92	20
117	116	97	20
117	118	84	20
117	119	100	20
117	120	2	20
117	125	100	20
117	126	97	20
117	130	100	20
117	131	96	20
117	133	100	20
117	137	62	20
117	138	100	20
117	143	0	20
117	144	97	20
117	146	97	20
117	148	100	20
117	149	97	20
118	100	99	20
118	101	100	20
118	102	97	20
118	103	97	20
118	104	0	20
118	105	93	20
118	106	95	20
118	107	100	20
118	108	100	20
118	111	12	20
118	112	2	20
118	116	99	20
118	117	100	20
118	121	97	20
118	122	64	20
118	123	97	20
118	124	100	20
118	125	96	20
118	126	4	20
118	127	99	20
118	130	87	20
118	131	89	20
118	133	98	20
118	144	96	20
118	148	98	20
119	110	98	20
119	112	100	20
119	113	99	20
119	114	98	20
119	115	97	20
119	117	97	20
119	120	98	20
119	125	87	20
119	128	100	20
119	131	100	20
119	135	100	20
119	136	97	20
119	137	93	20
119	144	96	20
119	148	96	20
119	149	100	20
120	110	97	20
120	114	100	20
120	117	18	20
120	119	100	20
120	128	100	20
120	129	95	20
120	135	61	20
120	136	98	20
120	142	56	20
121	100	85	20
121	101	100	20
121	102	95	20
121	103	100	20
121	104	100	20
121	106	93	20
121	107	100	20
121	108	100	20
121	111	100	20
121	113	39	20
121	116	100	20
121	118	100	20
121	122	100	20
121	123	100	20
121	124	98	20
121	126	100	20
121	127	0	20
121	130	100	20
121	133	99	20
121	138	100	20
122	100	94	20
122	101	97	20
122	102	100	20
122	103	96	20
122	105	97	20
122	107	96	20
122	108	97	20
122	109	92	20
122	116	93	20
122	117	66	20
122	118	94	20
122	121	91	20
122	123	40	20
122	125	100	20
122	127	100	20
122	131	7	20
122	133	51	20
122	139	39	20
122	143	100	20
122	144	100	20
122	146	99	20
123	101	92	20
123	103	100	20
123	104	100	20
123	106	100	20
123	107	97	20
123	108	98	20
123	111	98	20
123	116	49	20
123	118	96	20
123	121	98	20
123	124	96	20
123	125	98	20
123	126	99	20
123	130	76	20
123	138	100	20
123	148	96	20
124	102	97	20
124	103	97	20
124	104	39	20
124	106	100	20
124	107	94	20
124	108	91	20
124	111	96	20
124	116	98	20
124	118	96	20
124	121	100	20
124	123	96	20
124	125	11	20
124	126	99	20
124	133	94	20
124	138	86	20
125	102	100	20
125	104	98	20
125	105	74	20
125	106	24	20
125	108	63	20
125	109	98	20
125	110	100	20
125	112	97	20
125	113	96	20
125	114	20	20
125	115	99	20
125	116	98	20
125	117	97	20
125	118	90	20
125	119	20	20
125	123	100	20
125	124	9	20
125	126	95	20
125	130	100	20
125	131	97	20
125	133	97	20
125	138	99	20
125	139	98	20
125	144	99	20
125	146	97	20
125	148	99	20
126	102	96	20
126	104	99	20
126	106	95	20
126	108	99	20
126	111	100	20
126	112	100	20
126	113	96	20
126	116	100	20
126	117	96	20
126	121	100	20
126	123	100	20
126	124	96	20
126	125	96	20
126	130	100	20
126	138	98	20
126	146	100	20
126	148	92	20
127	100	100	20
127	101	100	20
127	102	100	20
127	105	96	20
127	107	99	20
127	108	98	20
127	109	98	20
127	112	5	20
127	113	96	20
127	116	0	20
127	118	96	20
127	121	9	20
127	122	94	20
127	125	76	20
127	133	98	20
127	138	24	20
127	139	100	20
127	143	50	20
127	144	98	20
128	110	100	20
128	114	99	20
128	119	99	20
128	120	96	20
128	129	96	20
128	131	95	20
128	135	12	20
128	136	24	20
128	142	95	20
128	149	100	20
129	114	96	20
129	120	97	20
129	128	95	20
129	131	1	20
129	136	92	20
129	139	57	20
129	140	98	20
129	141	99	20
129	142	98	20
129	143	30	20
129	147	56	20
130	102	100	20
130	103	95	20
130	105	45	20
130	106	39	20
130	107	7	20
130	108	99	20
130	110	100	20
130	111	96	20
130	112	93	20
130	113	93	20
130	114	82	20
130	115	100	20
130	116	100	20
130	117	96	20
130	118	49	20
130	121	93	20
130	123	33	20
130	125	98	20
130	126	100	20
130	131	98	20
130	133	97	20
130	135	30	20
130	138	100	20
130	139	97	20
130	144	98	20
130	146	99	20
130	148	96	20
130	149	94	20
131	103	90	20
131	110	100	20
131	112	96	20
131	113	100	20
131	114	99	20
131	115	93	20
131	117	96	20
131	118	73	20
131	119	96	20
131	125	100	20
131	128	100	20
131	130	98	20
131	133	64	20
131	135	94	20
131	138	24	20
131	139	100	20
131	140	100	20
131	141	95	20
131	143	9	20
131	144	6	20
131	146	3	20
131	147	100	20
131	149	100	20
132	114	100	20
132	115	92	20
132	119	100	20
132	120	98	20
132	128	99	20
132	129	100	20
132	135	99	20
132	136	97	20
132	137	97	20
132	142	9	20
132	149	95	20
133	100	96	20
133	101	42	20
133	102	100	20
133	103	96	20
133	104	7	20
133	106	98	20
133	107	73	20
133	108	99	20
133	109	92	20
133	111	100	20
133	113	94	20
133	116	100	20
133	117	100	20
133	118	100	20
133	121	97	20
133	124	100	20
133	125	97	20
133	127	100	20
133	130	94	20
133	131	98	20
133	138	98	20
133	144	100	20
133	146	88	20
133	148	97	20
135	110	97	20
135	112	96	20
135	114	100	20
135	115	99	20
135	119	92	20
135	120	15	20
135	130	80	20
135	131	92	20
135	136	95	20
135	137	93	20
135	149	13	20
136	114	100	20
136	115	1	20
136	119	94	20
136	120	100	20
136	128	14	20
136	129	100	20
136	135	98	20
136	137	95	20
137	110	98	20
137	112	94	20
137	113	79	20
137	114	97	20
137	115	99	20
137	117	36	20
137	119	100	20
137	135	100	20
137	136	100	20
138	102	95	20
138	103	95	20
138	105	0	20
138	106	7	20
138	108	92	20
138	109	93	20
138	110	93	20
138	111	100	20
138	112	100	20
138	113	88	20
138	115	23	20
138	116	96	20
138	117	99	20
138	121	98	20
138	123	100	20
138	124	68	20
138	125	100	20
138	126	100	20
138	130	100	20
138	131	0	20
138	133	100	20
138	144	95	20
138	146	7	20
138	148	98	20
138	149	86	20
139	102	66	20
139	105	8	20
139	108	89	20
139	109	97	20
139	112	100	20
139	113	96	20
139	114	8	20
139	115	86	20
139	116	50	20
139	125	99	20
139	127	91	20
139	129	46	20
139	130	99	20
139	131	100	20
139	140	100	20
139	141	92	20
139	142	97	20
139	143	98	20
139	144	100	20
139	146	98	20
139	147	99	20
139	148	97	20
139	149	97	20
140	129	97	20
140	131	100	20
140	139	97	20
140	141	96	20
140	142	100	20
140	143	93	20
140	147	100	20
140	149	100	20
141	105	79	20
141	109	100	20
141	113	21	20
141	119	3	20
141	129	92	20
141	131	100	20
141	139	100	20
141	140	100	20
141	142	96	20
141	143	97	20
141	144	100	20
141	146	100	20
141	147	98	20
141	148	100	20
141	149	100	20
142	114	3	20
142	120	70	20
142	128	100	20
142	129	92	20
142	139	99	20
142	140	97	20
142	141	100	20
142	143	100	20
142	146	31	20
142	147	96	20
143	105	97	20
143	109	95	20
143	112	86	20
143	113	100	20
143	117	5	20
143	122	83	20
143	129	99	20
143	130	18	20
143	131	49	20
143	139	96	20
143	140	100	20
143	141	100	20
143	142	99	20
143	144	94	20
143	146	100	20
143	147	100	20
143	148	97	20
144	100	100	20
144	101	42	20
144	102	19	20
144	105	97	20
144	108	97	20
144	109	98	20
144	111	87	20
144	113	94	20
144	116	96	20
144	117	97	20
144	118	97	20
144	119	8	20
144	122	100	20
144	125	100	20
144	126	2	20
144	127	99	20
144	130	97	20
144	133	95	20
144	138	100	20
144	139	97	20
144	141	100	20
144	143	92	20
144	146	95	20
144	148	94	20
144	149	67	20
146	101	66	20
146	102	89	20
146	105	97	20
146	108	100	20
146	109	72	20
146	110	96	20
146	112	100	20
146	113	94	20
146	116	41	20
146	117	93	20
146	122	48	20
146	125	100	20
146	126	100	20
146	130	96	20
146	138	55	20
146	139	93	20
146	141	96	20
146	142	35	20
146	143	100	20
146	144	99	20
146	148	99	20
146	149	100	20
147	131	99	20
147	139	94	20
147	140	98	20
147	141	97	20
147	142	100	20
147	143	97	20
148	102	99	20
148	103	95	20
148	105	95	20
148	107	2	20
148	108	84	20
148	109	100	20
148	112	46	20
148	113	97	20
148	116	99	20
148	117	96	20
148	118	93	20
148	119	94	20
148	123	94	20
148	125	100	20
148	126	100	20
148	130	95	20
148	133	95	20
148	138	97	20
148	139	99	20
148	140	2	20
148	141	30	20
148	143	98	20
148	144	99	20
148	146	100	20
148	149	95	20
149	110	97	20
149	112	98	20
149	113	99	20
149	115	97	20
149	117	100	20
149	119	99	20
149	128	99	20
149	130	97	20
149	131	92	20
149	135	70	20
149	138	97	20
149	139	100	20
149	140	97	20
149	141	99	20
149	144	63	20
149	146	97	20
149	148	97	20
100	101	98	15
100	102	12	15
100	105	63	15
100	107	95	15
100	109	72	15
100	118	89	15
100	121	80	15
100	122	100	15
100	124	3	15
100	127	94	15
100	133	5	15
101	100	100	15
101	102	85	15
101	103	86	15
101	105	97	15
101	106	71	15
101	107	90	15
101	108	83	15
101	109	93	15
101	116	92	15
101	118	79	15
101	121	60	15
101	122	99	15
101	123	86	15
101	124	54	15
101	127	100	15
101	133	8	15
101	144	72	15
102	100	0	15
102	101	82	15
102	103	75	15
102	105	94	15
102	107	95	15
102	108	100	15
102	109	93	15
102	112	100	15
102	113	87	15
102	116	85	15
102	117	96	15
102	118	90	15
102	122	79	15
102	125	88	15
102	127	89	15
102	130	97	15
102	131	9	15
102	133	85	15
102	138	94	15
102	139	87	15
102	144	99	15
102	146	100	15
102	148	33	15
103	100	5	15
103	101	72	15
103	102	14	15
103	104	73	15
103	106	74	15
103	108	90	15
103	109	80	15
103	111	94	15
103	113	37	15
103	116	88	15
103	118	80	15
103	121	86	15
103	123	83	15
103	124	80	15
103	125	96	15
103	126	100	15
103	127	66	15
103	130	100	15
103	131	100	15
103	133	85	15
103	138	94	15
103	144	79	15
103	148	89	15
104	103	88	15
104	106	85	15
104	111	97	15
104	116	55	15
104	118	80	15
104	121	90	15
104	123	95	15
104	125	91	15
104	126	95	15
104	138	100	15
105	100	71	15
105	101	91	15
105	102	100	15
105	107	28	15
105	108	72	15
105	109	98	15
105	113	93	15
105	116	75	15
105	118	64	15
105	121	5	15
105	122	99	15
105	126	36	15
105	127	99	15
105	133	72	15
105	138	14	15
105	139	12	15
105	141	4	15
105	143	75	15
105	144	100	15
105	146	96	15
105	148	58	15
106	101	95	15
106	103	82	15
106	104	99	15
106	107	17	15
106	108	81	15
106	111	97	15
106	116	82	15
106	117	22	15
106	118	83	15
106	121	100	15
106	123	98	15
106	124	86	15
106	126	91	15
106	133	27	15
106	138	98	15
107	100	92	15
107	101	93	15
107	102	97	15
107	105	4	15
107	108	92	15
107	109	93	15
107	111	6	15
107	116	4	15
107	118	83	15
107	121	92	15
107	122	90	15
107	124	89	15
107	127	89	15
107	133	82	15
107	144	91	15
108	100	0	15
108	101	100	15
108	102	98	15
108	103	97	15
108	105	100	15
108	106	91	15
108	107	79	15
108	109	94	15
108	111	73	15
108	112	68	15
108	113	54	15
108	116	100	15
108	117	19	15
108	118	98	15
108	121	93	15
108	122	100	15
108	124	6	15
108	125	82	15
108	126	63	15
108	127	87	15
108	130	61	15
108	133	87	15
108	138	32	15
108	139	3	15
108	144	100	15
108	146	96	15
108	148	96	15
109	100	89	15
109	101	83	15
109	102	95	15
109	103	74	15
109	105	99	15
109	107	78	15
109	108	96	15
109	113	99	15
109	116	94	15
109	117	76	15
109	118	15	15
109	122	93	15
109	125	80	15
109	127	100	15
109	130	84	15
109	133	86	15
109	138	74	15
109	139	86	15
109	143	87	15
109	144	100	15
109	146	95	15
109	147	7	15
109	148	2	15
110	112	98	15
110	113	97	15
110	114	100	15
110	115	96	15
110	117	99	15
110	119	96	15
110	125	100	15
110	128	94	15
110	130	85	15
110	131	93	15
110	135	97	15
110	137	99	15
110	146	45	15
110	149	100	15
111	103	94	15
111	104	97	15
111	106	92	15
111	107	61	15
111	108	53	15
111	113	89	15
111	116	86	15
111	118	72	15
111	121	95	15
111	123	95	15
111	124	94	15
111	125	89	15
111	126	92	15
111	130	65	15
111	138	94	15
111	144	31	15
111	148	94	15
112	102	75	15
112	108	78	15
112	109	21	15
112	110	100	15
112	113	100	15
112	114	12	15
112	115	100	15
112	116	83	15
112	117	100	15
112	125	89	15
112	126	62	15
112	130	100	15
112	131	94	15
112	133	44	15
112	135	97	15
112	138	95	15
112	139	30	15
112	143	85	15
112	144	89	15
112	146	0	15
112	148	100	15
113	102	77	15
113	105	88	15
113	108	48	15
113	109	88	15
113	110	95	15
113	111	45	15
113	112	97	15
113	116	58	15
113	117	96	15
113	118	61	15
113	121	18	15
113	125	100	15
113	126	65	15
113	127	71	15
113	130	95	15
113	131	95	15
113	133	9	15
113	138	93	15
113	139	91	15
113	143	66	15
113	144	53	15
113	146	97	15
113	148	90	15
113	149	92	15
114	110	99	15
114	113	19	15
114	115	95	15
114	117	96	15
114	119	96	15
114	120	98	15
114	128	97	15
114	130	91	15
114	131	95	15
114	135	100	15
114	136	100	15
114	137	98	15
114	139	15	15
114	148	3	15
114	149	100	15
115	110	90	15
115	112	100	15
115	114	99	15
115	117	100	15
115	119	98	15
115	125	93	15
115	130	90	15
115	131	87	15
115	135	100	15
115	144	81	15
115	146	86	15
115	149	97	15
116	101	74	15
116	102	90	15
116	103	100	15
116	104	63	15
116	105	89	15
116	106	54	15
116	107	72	15
116	108	88	15
116	109	90	15
116	111	55	15
116	112	97	15
116	113	95	15
116	117	97	15
116	118	85	15
116	121	59	15
116	122	91	15
116	123	83	15
116	124	80	15
116	125	94	15
116	126	86	15
116	127	48	15
116	130	100	15
116	131	91	15
116	133	100	15
116	138	100	15
116	139	92	15
116	144	91	15
116	146	89	15
116	148	95	15
117	102	80	15
117	108	44	15
117	109	82	15
117	110	100	15
117	112	100	15
117	113	97	15
117	114	93	15
117	115	94	15
117	116	87	15
117	119	100	15
117	121	56	15
117	122	18	15
117	125	94	15
117	126	14	15
117	128	2	15
117	130	98	15
117	131	86	15
117	133	76	15
117	138	100	15
117	139	17	15
117	144	49	15
117	146	98	15
117	148	91	15
117	149	93	15
118	100	85	15
118	101	86	15
118	102	88	15
118	103	84	15
118	104	72	15
118	106	78	15
118	107	89	15
118	108	96	15
118	109	4	15
118	111	67	15
118	113	70	15
118	116	78	15
118	121	98	15
118	122	100	15
118	123	8	15
118	124	83	15
118	125	98	15
118	126	68	15
118	127	97	15
118	131	14	15
118	133	89	15
118	146	12	15
118	148	90	15
119	110	97	15
119	114	100	15
119	115	96	15
119	117	88	15
119	120	56	15
119	125	94	15
119	128	99	15
119	129	68	15
119	130	90	15
119	135	98	15
119	136	94	15
119	137	97	15
119	139	26	15
119	144	4	15
119	148	12	15
119	149	100	15
120	114	32	15
120	119	81	15
120	128	0	15
120	129	61	15
120	135	7	15
120	136	96	15
120	142	0	15
121	100	82	15
121	101	22	15
121	103	99	15
121	104	100	15
121	106	88	15
121	107	83	15
121	108	100	15
121	111	93	15
121	113	19	15
121	116	71	15
121	117	27	15
121	118	86	15
121	122	94	15
121	123	96	15
121	124	93	15
121	125	60	15
121	126	98	15
121	133	87	15
121	138	93	15
122	100	100	15
122	101	97	15
122	102	99	15
122	105	96	15
122	107	91	15
122	108	98	15
122	109	97	15
122	113	0	15
122	116	80	15
122	117	44	15
122	118	85	15
122	121	86	15
122	127	96	15
122	130	8	15
122	133	89	15
122	138	20	15
122	139	4	15
122	143	81	15
122	144	98	15
122	148	7	15
123	101	80	15
123	103	90	15
123	104	99	15
123	106	98	15
123	107	11	15
123	111	100	15
123	116	85	15
123	118	35	15
123	121	85	15
123	124	79	15
123	125	13	15
123	126	92	15
123	138	92	15
123	148	70	15
124	100	5	15
124	101	80	15
124	103	78	15
124	106	92	15
124	107	71	15
124	111	87	15
124	116	9	15
124	118	79	15
124	121	100	15
124	123	100	15
124	126	39	15
124	133	63	15
125	102	74	15
125	103	89	15
125	104	97	15
125	108	77	15
125	109	58	15
125	110	100	15
125	111	84	15
125	112	54	15
125	113	98	15
125	115	95	15
125	116	99	15
125	117	100	15
125	118	87	15
125	119	100	15
125	123	9	15
125	126	91	15
125	127	34	15
125	130	97	15
125	131	92	15
125	133	83	15
125	138	100	15
125	144	94	15
125	146	100	15
125	148	91	15
125	149	71	15
126	103	91	15
126	104	97	15
126	106	87	15
126	111	99	15
126	112	13	15
126	113	90	15
126	116	94	15
126	118	36	15
126	121	92	15
126	123	86	15
126	125	100	15
126	130	70	15
126	138	100	15
126	144	90	15
126	146	85	15
127	100	94	15
127	101	99	15
127	102	91	15
127	103	90	15
127	105	95	15
127	107	94	15
127	109	97	15
127	113	82	15
127	116	8	15
127	118	87	15
127	122	96	15
127	125	79	15
127	133	86	15
127	143	53	15
127	144	100	15
127	148	100	15
128	110	97	15
128	113	9	15
128	114	95	15
128	117	5	15
128	119	98	15
128	129	94	15
128	131	92	15
128	135	90	15
128	136	99	15
128	141	5	15
128	142	92	15
128	149	98	15
129	119	96	15
129	120	15	15
129	128	98	15
129	131	26	15
129	136	100	15
129	140	23	15
129	141	87	15
129	142	99	15
129	143	0	15
129	147	12	15
129	149	99	15
130	102	89	15
130	103	93	15
130	105	30	15
130	108	30	15
130	109	95	15
130	110	100	15
130	111	59	15
130	112	96	15
130	113	100	15
130	114	92	15
130	115	98	15
130	116	86	15
130	117	98	15
130	119	100	15
130	125	100	15
130	126	83	15
130	131	100	15
130	133	88	15
130	138	98	15
130	139	95	15
130	141	19	15
130	146	93	15
130	148	100	15
130	149	93	15
131	103	82	15
131	110	97	15
131	112	100	15
131	113	97	15
131	114	93	15
131	115	99	15
131	116	69	15
131	117	100	15
131	125	96	15
131	128	89	15
131	129	23	15
131	130	98	15
131	139	85	15
131	140	89	15
131	141	92	15
131	142	93	15
131	143	97	15
131	147	96	15
131	149	98	15
132	110	85	15
132	114	97	15
132	115	0	15
132	119	100	15
132	120	98	15
132	128	97	15
132	135	100	15
132	136	93	15
132	142	14	15
132	149	67	15
133	100	78	15
133	101	79	15
133	102	97	15
133	103	96	15
133	105	91	15
133	106	0	15
133	107	79	15
133	108	94	15
133	109	94	15
133	111	23	15
133	112	0	15
133	113	34	15
133	116	98	15
133	117	100	15
133	118	100	15
133	121	93	15
133	122	100	15
133	123	23	15
133	124	71	15
133	125	93	15
133	127	84	15
133	130	100	15
133	138	1	15
133	139	70	15
133	144	98	15
133	146	26	15
133	148	95	15
135	110	99	15
135	112	100	15
135	114	100	15
135	115	100	15
135	119	98	15
135	128	95	15
135	136	86	15
135	137	98	15
136	114	96	15
136	119	95	15
136	120	98	15
136	128	100	15
136	129	93	15
136	135	100	15
136	142	7	15
137	110	99	15
137	112	36	15
137	114	91	15
137	115	45	15
137	117	88	15
137	119	100	15
137	120	22	15
137	135	99	15
137	136	95	15
137	149	50	15
138	102	84	15
138	103	89	15
138	104	84	15
138	105	3	15
138	106	81	15
138	109	16	15
138	111	91	15
138	112	96	15
138	113	96	15
138	116	89	15
138	117	97	15
138	121	82	15
138	123	77	15
138	125	100	15
138	126	95	15
138	130	98	15
138	133	21	15
138	139	19	15
138	144	68	15
138	146	8	15
138	148	88	15
138	149	93	15
139	102	87	15
139	109	88	15
139	112	87	15
139	113	94	15
139	114	7	15
139	116	78	15
139	117	57	15
139	119	15	15
139	122	4	15
139	130	94	15
139	131	93	15
139	133	43	15
139	138	71	15
139	140	81	15
139	141	91	15
139	142	87	15
139	143	100	15
139	144	99	15
139	146	100	15
139	147	71	15
139	148	92	15
139	149	93	15
140	129	3	15
140	131	99	15
140	139	87	15
140	141	94	15
140	142	99	15
140	143	96	15
140	147	78	15
140	149	3	15
141	109	31	15
141	112	87	15
141	128	62	15
141	129	88	15
141	130	88	15
141	131	90	15
141	139	100	15
141	140	91	15
141	142	93	15
141	143	80	15
141	144	100	15
141	146	100	15
141	147	85	15
141	148	100	15
141	149	58	15
142	128	99	15
142	129	50	15
142	131	98	15
142	136	14	15
142	139	100	15
142	140	91	15
142	141	91	15
142	143	84	15
142	147	100	15
143	105	98	15
143	109	97	15
143	112	89	15
143	113	80	15
143	122	92	15
143	125	33	15
143	127	52	15
143	129	19	15
143	131	96	15
143	139	98	15
143	140	98	15
143	141	30	15
143	142	87	15
143	144	90	15
143	146	71	15
143	147	99	15
143	149	86	15
144	101	81	15
144	102	75	15
144	103	50	15
144	105	96	15
144	107	78	15
144	108	80	15
144	109	98	15
144	110	4	15
144	112	96	15
144	113	96	15
144	115	84	15
144	116	80	15
144	117	13	15
144	118	0	15
144	122	100	15
144	125	99	15
144	126	73	15
144	127	93	15
144	131	50	15
144	133	64	15
144	138	76	15
144	139	95	15
144	141	90	15
144	143	79	15
144	146	100	15
144	148	94	15
144	149	87	15
146	101	8	15
146	102	98	15
146	103	6	15
146	105	79	15
146	107	42	15
146	108	95	15
146	109	95	15
146	110	99	15
146	111	45	15
146	113	94	15
146	115	100	15
146	116	81	15
146	117	99	15
146	118	78	15
146	121	10	15
146	125	94	15
146	126	84	15
146	130	94	15
146	131	94	15
146	133	68	15
146	138	94	15
146	139	95	15
146	141	99	15
146	142	6	15
146	143	95	15
146	144	97	15
146	147	10	15
146	148	98	15
146	149	95	15
147	128	41	15
147	129	17	15
147	131	67	15
147	139	89	15
147	140	61	15
147	141	70	15
147	142	90	15
147	143	95	15
148	103	91	15
148	105	52	15
148	108	92	15
148	109	27	15
148	111	94	15
148	112	97	15
148	113	100	15
148	114	25	15
148	115	10	15
148	116	85	15
148	117	99	15
148	118	82	15
148	119	9	15
148	123	77	15
148	125	94	15
148	127	94	15
148	130	100	15
148	131	10	15
148	133	89	15
148	138	95	15
148	139	100	15
148	141	88	15
148	143	5	15
148	144	94	15
148	146	100	15
148	149	91	15
149	110	100	15
149	113	91	15
149	114	98	15
149	115	91	15
149	117	92	15
149	119	99	15
149	125	44	15
149	128	93	15
149	129	34	15
149	130	94	15
149	131	99	15
149	138	86	15
149	139	81	15
149	144	84	15
149	146	88	15
149	147	2	15
149	148	95	15
