100	101	95	26
100	102	100	26
100	105	97	26
100	106	37	26
100	107	89	26
100	108	91	26
100	109	100	26
100	118	93	26
100	122	100	26
100	127	89	26
100	133	67	26
101	100	94	26
101	102	100	26
101	105	100	26
101	106	97	26
101	107	91	26
101	108	90	26
101	109	99	26
101	116	92	26
101	121	100	26
101	122	96	26
101	127	91	26
101	133	93	26
101	148	8	26
102	100	88	26
102	101	96	26
102	103	96	26
102	105	100	26
102	107	92	26
102	108	100	26
102	109	100	26
102	112	91	26
102	113	96	26
102	115	7	26
102	116	100	26
102	118	100	26
102	122	97	26
102	125	23	26
102	126	78	26
102	127	98	26
102	133	99	26
102	138	100	26
102	139	99	26
102	144	100	26
102	146	60	26
102	148	100	26
103	102	97	26
103	104	93	26
103	106	98	26
103	107	90	26
103	108	91	26
103	111	100	26
103	113	100	26
103	116	94	26
103	117	13	26
103	118	86	26
103	121	100	26
103	123	94	26
103	124	95	26
103	125	97	26
103	126	100	26
103	130	100	26
103	131	95	26
103	133	86	26
103	138	92	26
103	146	56	26
103	148	98	26
104	103	97	26
104	106	96	26
104	108	21	26
104	111	96	26
104	112	80	26
104	118	89	26
104	121	95	26
104	123	95	26
104	124	87	26
104	126	90	26
104	138	100	26
105	100	100	26
105	101	100	26
105	102	100	26
105	108	96	26
105	109	100	26
105	113	90	26
105	116	23	26
105	118	89	26
105	122	100	26
105	127	100	26
105	130	93	26
105	133	73	26
105	138	11	26
105	139	93	26
105	141	95	26
105	143	100	26
105	144	100	26
105	146	100	26
106	100	3	26
106	101	11	26
106	103	99	26
106	104	99	26
106	108	59	26
106	109	5	26
106	111	100	26
106	116	12	26
106	118	100	26
106	121	100	26
106	122	14	26
106	123	100	26
106	124	93	26
106	125	77	26
106	126	98	26
106	133	97	26
106	138	100	26
107	100	100	26
107	101	94	26
107	102	96	26
107	103	99	26
107	108	100	26
107	109	79	26
107	116	89	26
107	118	95	26
107	121	93	26
107	122	94	26
107	124	94	26
107	125	0	26
107	127	89	26
107	144	97	26
108	100	100	26
108	101	100	26
108	102	100	26
108	103	100	26
108	104	64	26
108	105	100	26
108	106	94	26
108	107	92	26
108	109	97	26
108	111	20	26
108	113	13	26
108	116	93	26
108	117	63	26
108	118	97	26
108	121	95	26
108	122	96	26
108	123	96	26
108	125	96	26
108	127	98	26
108	130	11	26
108	133	94	26
108	138	94	26
108	139	94	26
108	144	100	26
108	148	98	26
109	100	92	26
109	101	96	26
109	102	92	26
109	105	100	26
109	106	62	26
109	107	93	26
109	108	99	26
109	112	90	26
109	116	94	26
109	117	93	26
109	122	97	26
109	125	97	26
109	126	97	26
109	127	99	26
109	130	96	26
109	131	49	26
109	133	95	26
109	138	92	26
109	139	38	26
109	143	78	26
109	144	97	26
109	147	0	26
109	148	98	26
110	112	100	26
110	113	97	26
110	114	96	26
110	115	100	26
110	119	91	26
110	125	94	26
110	128	100	26
110	130	98	26
110	131	95	26
110	135	95	26
110	136	10	26
110	137	100	26
110	139	18	26
110	146	93	26
110	149	100	26
111	103	100	26
111	104	100	26
111	106	95	26
111	113	99	26
111	116	91	26
111	117	95	26
111	118	93	26
111	121	97	26
111	123	99	26
111	124	98	26
111	125	57	26
111	126	100	26
111	133	91	26
111	138	92	26
111	148	95	26
112	102	92	26
112	104	43	26
112	109	92	26
112	110	96	26
112	113	94	26
112	115	77	26
112	116	99	26
112	117	97	26
112	119	96	26
112	125	100	26
112	128	100	26
112	130	97	26
112	131	100	26
112	133	82	26
112	138	97	26
112	139	13	26
112	144	12	26
112	146	56	26
112	148	94	26
112	149	92	26
113	102	96	26
113	103	93	26
113	105	11	26
113	110	98	26
113	111	88	26
113	112	96	26
113	115	98	26
113	116	97	26
113	117	90	26
113	118	100	26
113	119	98	26
113	121	97	26
113	122	100	26
113	125	86	26
113	130	100	26
113	131	98	26
113	133	87	26
113	138	99	26
113	139	100	26
113	143	25	26
113	144	98	26
113	146	100	26
113	148	100	26
113	149	100	26
114	110	95	26
114	115	21	26
114	117	39	26
114	119	100	26
114	120	99	26
114	125	56	26
114	128	100	26
114	129	32	26
114	130	33	26
114	135	98	26
114	136	93	26
114	137	94	26
114	146	25	26
115	110	100	26
115	112	31	26
115	113	95	26
115	114	1	26
115	117	100	26
115	119	97	26
115	125	99	26
115	128	4	26
115	130	84	26
115	131	96	26
115	138	87	26
115	141	5	26
115	146	98	26
115	149	97	26
116	101	92	26
116	102	100	26
116	103	94	26
116	104	0	26
116	107	90	26
116	108	95	26
116	109	95	26
116	111	99	26
116	112	100	26
116	113	98	26
116	115	7	26
116	117	95	26
116	118	97	26
116	122	96	26
116	123	75	26
116	125	90	26
116	126	95	26
116	127	82	26
116	130	97	26
116	133	79	26
116	138	100	26
116	139	91	26
116	144	100	26
116	146	95	26
116	148	93	26
116	149	22	26
117	108	57	26
117	109	90	26
117	110	17	26
117	111	92	26
117	112	98	26
117	113	97	26
117	115	100	26
117	116	97	26
117	118	0	26
117	119	94	26
117	120	5	26
117	125	98	26
117	126	90	26
117	130	100	26
117	131	95	26
117	133	91	26
117	135	79	26
117	137	98	26
117	138	97	26
117	139	43	26
117	144	98	26
117	146	99	26
117	148	99	26
117	149	100	26
118	100	91	26
118	102	96	26
118	103	96	26
118	104	99	26
118	105	9	26
118	106	96	26
118	107	89	26
118	108	92	26
118	111	100	26
118	112	0	26
118	113	94	26
118	116	100	26
118	117	6	26
118	121	99	26
118	122	92	26
118	123	100	26
118	124	91	26
118	125	100	26
118	126	85	26
118	127	12	26
118	130	100	26
118	131	2	26
118	133	99	26
118	138	97	26
118	144	100	26
118	146	94	26
119	110	100	26
119	112	95	26
119	113	94	26
119	114	98	26
119	115	97	26
119	117	86	26
119	120	100	26
119	128	100	26
119	129	99	26
119	130	38	26
119	131	92	26
119	135	91	26
119	136	96	26
119	137	96	26
119	139	2	26
119	144	26	26
119	146	93	26
119	148	100	26
119	149	92	26
120	114	100	26
120	119	88	26
120	128	100	26
120	129	100	26
120	135	97	26
120	136	100	26
120	142	99	26
121	101	99	26
121	103	97	26
121	104	99	26
121	106	100	26
121	107	97	26
121	108	88	26
121	111	98	26
121	113	100	26
121	118	94	26
121	123	95	26
121	124	91	26
121	125	13	26
121	126	91	26
121	133	96	26
121	138	96	26
121	148	0	26
122	100	95	26
122	101	84	26
122	102	97	26
122	105	89	26
122	106	99	26
122	107	92	26
122	108	99	26
122	109	100	26
122	113	89	26
122	116	100	26
122	117	90	26
122	118	100	26
122	121	6	26
122	123	95	26
122	124	96	26
122	125	100	26
122	127	95	26
122	130	8	26
122	133	93	26
122	139	51	26
122	143	93	26
122	144	98	26
122	148	97	26
123	103	99	26
123	104	96	26
123	106	100	26
123	108	93	26
123	111	91	26
123	112	6	26
123	116	53	26
123	118	92	26
123	121	100	26
123	122	0	26
123	124	100	26
123	126	93	26
123	130	39	26
123	133	30	26
123	138	96	26
123	148	51	26
124	103	95	26
124	104	99	26
124	106	100	26
124	107	94	26
124	111	96	26
124	118	98	26
124	121	99	26
124	123	96	26
124	126	71	26
124	138	28	26
125	102	47	26
125	103	96	26
125	106	16	26
125	108	88	26
125	109	97	26
125	110	93	26
125	111	56	26
125	112	99	26
125	113	99	26
125	114	6	26
125	115	92	26
125	116	95	26
125	117	99	26
125	118	88	26
125	121	26	26
125	122	67	26
125	126	100	26
125	127	6	26
125	130	97	26
125	131	100	26
125	133	100	26
125	138	96	26
125	139	10	26
125	144	21	26
125	148	88	26
125	149	95	26
126	102	87	26
126	103	100	26
126	104	97	26
126	106	99	26
126	109	65	26
126	110	0	26
126	111	100	26
126	113	89	26
126	116	91	26
126	117	98	26
126	118	96	26
126	121	92	26
126	123	100	26
126	124	96	26
126	125	98	26
126	133	8	26
126	138	96	26
126	144	97	26
126	146	97	26
126	148	98	26
127	100	96	26
127	101	93	26
127	102	97	26
127	105	100	26
127	107	88	26
127	108	100	26
127	109	94	26
127	113	100	26
127	116	94	26
127	118	92	26
127	122	100	26
127	125	67	26
127	133	64	26
127	143	18	26
127	144	91	26
127	146	100	26
127	148	98	26
128	110	61	26
128	112	88	26
128	114	100	26
128	115	0	26
128	119	100	26
128	120	99	26
128	129	95	26
128	135	96	26
128	136	0	26
128	142	89	26
128	149	100	26
129	114	58	26
129	119	100	26
129	120	100	26
129	128	89	26
129	131	95	26
129	135	6	26
129	136	96	26
129	140	80	26
129	142	97	26
129	147	100	26
130	103	100	26
130	105	52	26
130	109	97	26
130	110	95	26
130	112	100	26
130	113	100	26
130	114	5	26
130	115	100	26
130	116	98	26
130	117	99	26
130	118	90	26
130	119	14	26
130	123	41	26
130	125	100	26
130	131	96	26
130	138	100	26
130	139	89	26
130	141	35	26
130	143	90	26
130	144	95	26
130	146	94	26
130	148	94	26
130	149	79	26
131	103	92	26
131	110	100	26
131	112	99	26
131	113	100	26
131	115	100	26
131	117	96	26
131	119	100	26
131	125	97	26
131	128	7	26
131	129	27	26
131	130	100	26
131	138	40	26
131	139	96	26
131	140	96	26
131	141	92	26
131	142	99	26
131	143	96	26
131	144	88	26
131	146	100	26
131	147	16	26
131	148	100	26
131	149	100	26
132	110	82	26
132	112	2	26
132	114	99	26
132	115	100	26
132	119	97	26
132	120	95	26
132	129	95	26
132	135	100	26
132	136	99	26
132	137	94	26
133	100	18	26
133	101	97	26
133	102	96	26
133	103	91	26
133	106	84	26
133	108	92	26
133	109	77	26
133	111	100	26
133	112	96	26
133	113	99	26
133	116	76	26
133	117	97	26
133	118	95	26
133	121	100	26
133	122	95	26
133	123	50	26
133	125	94	26
133	127	6	26
133	138	100	26
133	144	92	26
133	146	91	26
133	148	100	26
135	110	96	26
135	114	100	26
135	117	92	26
135	119	97	26
135	120	92	26
135	128	93	26
135	136	99	26
135	137	97	26
135	149	100	26
136	114	92	26
136	119	99	26
136	120	95	26
136	128	77	26
136	129	96	26
136	135	94	26
136	137	1	26
136	142	8	26
137	110	96	26
137	112	1	26
137	114	98	26
137	115	86	26
137	117	90	26
137	119	94	26
137	135	98	26
137	136	9	26
138	102	58	26
138	103	100	26
138	104	92	26
138	106	92	26
138	108	90	26
138	109	98	26
138	111	98	26
138	112	96	26
138	113	99	26
138	115	98	26
138	116	96	26
138	117	92	26
138	118	94	26
138	121	98	26
138	123	96	26
138	124	7	26
138	125	99	26
138	126	95	26
138	130	100	26
138	131	37	26
138	133	94	26
138	146	86	26
138	148	100	26
139	102	45	26
139	105	100	26
139	108	56	26
139	112	0	26
139	113	97	26
139	116	97	26
139	117	36	26
139	130	97	26
139	131	93	26
139	140	94	26
139	141	99	26
139	142	96	26
139	143	100	26
139	144	100	26
139	147	99	26
139	148	99	26
139	149	92	26
140	129	9	26
140	131	100	26
140	139	95	26
140	141	97	26
140	143	100	26
140	147	89	26
141	105	49	26
141	112	3	26
141	115	90	26
141	120	7	26
141	125	0	26
141	130	51	26
141	131	96	26
141	139	100	26
141	140	98	26
141	142	100	26
141	143	87	26
141	146	100	26
141	147	97	26
141	148	88	26
141	149	95	26
142	120	91	26
142	128	96	26
142	129	97	26
142	131	90	26
142	136	92	26
142	139	92	26
142	140	2	26
142	141	98	26
142	143	100	26
142	147	89	26
143	105	88	26
143	113	79	26
143	130	65	26
143	131	99	26
143	139	95	26
143	140	99	26
143	141	90	26
143	142	100	26
143	144	75	26
143	146	99	26
143	147	97	26
144	102	99	26
144	105	92	26
144	107	98	26
144	108	100	26
144	109	100	26
144	111	6	26
144	112	67	26
144	113	93	26
144	116	96	26
144	117	95	26
144	118	100	26
144	119	83	26
144	122	93	26
144	125	64	26
144	126	59	26
144	127	95	26
144	130	95	26
144	131	92	26
144	133	100	26
144	139	96	26
144	143	78	26
144	146	96	26
144	148	98	26
146	102	92	26
146	103	93	26
146	105	100	26
146	110	95	26
146	112	100	26
146	113	95	26
146	114	81	26
146	115	92	26
146	116	97	26
146	117	96	26
146	118	92	26
146	119	100	26
146	126	95	26
146	127	90	26
146	128	99	26
146	130	100	26
146	131	100	26
146	133	99	26
146	138	94	26
146	141	94	26
146	143	97	26
146	144	100	26
146	148	95	26
146	149	100	26
147	129	93	26
147	131	83	26
147	139	98	26
147	140	93	26
147	141	96	26
147	142	92	26
147	143	100	26
148	102	94	26
148	103	82	26
148	108	100	26
148	109	100	26
148	111	80	26
148	112	99	26
148	113	100	26
148	116	93	26
148	117	96	26
148	119	96	26
148	122	75	26
148	125	97	26
148	126	96	26
148	127	100	26
148	130	98	26
148	131	96	26
148	133	98	26
148	138	97	26
148	139	95	26
148	141	97	26
148	144	100	26
148	146	100	26
148	149	100	26
149	110	100	26
149	112	99	26
149	113	100	26
149	115	97	26
149	116	18	26
149	117	95	26
149	119	95	26
149	125	97	26
149	128	96	26
149	130	100	26
149	131	100	26
149	135	100	26
149	139	100	26
149	141	96	26
149	146	98	26
149	148	98	26
100	101	61	25
100	102	98	25
100	105	61	25
100	107	100	25
100	108	99	25
100	109	100	25
100	116	73	25
100	118	96	25
100	121	84	25
100	122	93	25
100	127	96	25
100	133	4	25
100	144	5	25
101	100	47	25
101	102	95	25
101	103	63	25
101	105	100	25
101	106	85	25
101	107	94	25
101	108	99	25
101	109	100	25
101	116	100	25
101	118	97	25
101	121	89	25
101	122	100	25
101	123	0	25
101	124	14	25
101	127	99	25
101	133	94	25
101	144	23	25
102	100	97	25
102	101	98	25
102	103	95	25
102	105	96	25
102	107	96	25
102	108	98	25
102	109	96	25
102	112	45	25
102	113	87	25
102	116	100	25
102	118	96	25
102	122	100	25
102	124	88	25
102	125	98	25
102	126	69	25
102	127	98	25
102	133	100	25
102	138	98	25
102	139	89	25
102	144	97	25
102	146	100	25
102	148	65	25
103	101	88	25
103	102	98	25
103	104	100	25
103	106	98	25
103	108	100	25
103	109	90	25
103	111	100	25
103	113	96	25
103	116	100	25
103	118	98	25
103	121	96	25
103	123	91	25
103	124	100	25
103	125	41	25
103	126	97	25
103	130	92	25
103	131	9	25
103	133	98	25
103	138	99	25
103	139	100	25
103	144	30	25
103	146	84	25
104	103	97	25
104	106	100	25
104	108	13	25
104	111	100	25
104	118	53	25
104	121	95	25
104	123	100	25
104	124	100	25
104	125	70	25
104	126	98	25
104	138	93	25
105	100	98	25
105	101	96	25
105	102	99	25
105	103	49	25
105	107	100	25
105	108	100	25
105	109	100	25
105	113	97	25
105	116	89	25
105	117	0	25
105	122	100	25
105	125	98	25
105	127	100	25
105	130	97	25
105	133	100	25
105	138	92	25
105	139	100	25
105	143	100	25
105	144	92	25
105	146	100	25
105	148	9	25
106	101	91	25
106	103	95	25
106	104	93	25
106	107	0	25
106	111	100	25
106	116	26	25
106	118	99	25
106	121	97	25
106	123	99	25
106	124	89	25
106	125	100	25
106	126	5	25
106	130	31	25
106	133	97	25
106	138	91	25
107	100	100	25
107	101	92	25
107	102	98	25
107	105	100	25
107	108	97	25
107	109	100	25
107	116	89	25
107	118	97	25
107	121	99	25
107	122	92	25
107	124	100	25
107	127	100	25
107	133	95	25
107	144	93	25
107	146	87	25
108	100	99	25
108	101	100	25
108	102	100	25
108	103	100	25
108	105	97	25
108	107	99	25
108	109	100	25
108	113	99	25
108	116	97	25
108	118	100	25
108	121	100	25
108	122	98	25
108	123	79	25
108	124	94	25
108	125	97	25
108	127	17	25
108	130	91	25
108	133	98	25
108	138	97	25
108	139	73	25
108	144	100	25
108	148	97	25
109	100	97	25
109	101	100	25
109	102	100	25
109	103	100	25
109	105	96	25
109	107	100	25
109	108	100	25
109	113	97	25
109	116	95	25
109	117	99	25
109	118	96	25
109	122	97	25
109	124	4	25
109	125	91	25
109	127	93	25
109	130	100	25
109	131	0	25
109	133	99	25
109	138	100	25
109	139	100	25
109	141	5	25
109	143	98	25
109	144	96	25
109	146	99	25
109	148	96	25
110	112	92	25
110	113	91	25
110	114	100	25
110	115	92	25
110	117	94	25
110	119	100	25
110	128	99	25
110	130	99	25
110	131	100	25
110	135	100	25
110	137	99	25
110	138	77	25
110	139	74	25
110	143	17	25
110	146	96	25
110	149	100	25
111	103	99	25
111	104	100	25
111	108	7	25
111	113	100	25
111	116	98	25
111	118	98	25
111	125	100	25
111	126	100	25
111	130	32	25
111	133	99	25
111	138	98	25
111	148	96	25
112	102	96	25
112	110	100	25
112	113	96	25
112	115	100	25
112	116	100	25
112	117	96	25
112	119	98	25
112	125	99	25
112	126	1	25
112	128	97	25
112	131	100	25
112	137	96	25
112	138	100	25
112	141	100	25
112	146	95	25
112	148	94	25
112	149	91	25
113	102	88	25
113	103	100	25
113	108	91	25
113	109	1	25
113	110	100	25
113	111	97	25
113	112	96	25
113	115	100	25
113	116	97	25
113	117	100	25
113	118	66	25
113	119	90	25
113	121	0	25
113	125	97	25
113	127	98	25
113	130	98	25
113	131	95	25
113	133	5	25
113	137	86	25
113	138	10	25
113	139	96	25
113	144	96	25
113	146	99	25
113	148	99	25
113	149	97	25
114	110	100	25
114	115	79	25
114	119	99	25
114	120	98	25
114	128	96	25
114	129	20	25
114	130	62	25
114	131	61	25
114	135	95	25
114	136	98	25
114	137	100	25
114	148	5	25
115	110	96	25
115	112	97	25
115	113	100	25
115	114	100	25
115	117	100	25
115	119	96	25
115	125	100	25
115	130	96	25
115	131	94	25
115	146	0	25
115	149	98	25
116	100	79	25
116	101	95	25
116	102	98	25
116	103	95	25
116	105	44	25
116	106	75	25
116	107	100	25
116	108	89	25
116	109	96	25
116	111	99	25
116	112	94	25
116	113	96	25
116	117	99	25
116	118	97	25
116	121	93	25
116	122	89	25
116	123	0	25
116	125	97	25
116	126	84	25
116	127	23	25
116	130	94	25
116	131	99	25
116	133	96	25
116	138	93	25
116	139	0	25
116	144	11	25
116	146	90	25
116	148	93	25
117	109	97	25
117	110	100	25
117	111	9	25
117	112	100	25
117	113	95	25
117	114	91	25
117	115	99	25
117	116	100	25
117	119	100	25
117	125	96	25
117	126	99	25
117	130	66	25
117	131	100	25
117	133	100	25
117	135	99	25
117	137	89	25
117	138	100	25
117	146	99	25
117	148	100	25
117	149	100	25
118	100	100	25
118	101	95	25
118	102	97	25
118	103	96	25
118	104	26	25
118	106	6	25
118	107	96	25
118	108	95	25
118	109	97	25
118	111	100	25
118	113	100	25
118	116	97	25
118	121	97	25
118	122	99	25
118	123	12	25
118	124	98	25
118	125	97	25
118	126	100	25
118	127	100	25
118	130	100	25
118	133	95	25
118	138	96	25
118	146	84	25
118	148	96	25
119	110	93	25
119	112	96	25
119	113	100	25
119	114	95	25
119	115	100	25
119	117	100	25
119	120	98	25
119	125	85	25
119	128	93	25
119	129	100	25
119	130	97	25
119	131	0	25
119	135	96	25
119	136	100	25
119	137	100	25
119	146	95	25
119	148	97	25
119	149	98	25
120	114	95	25
120	119	93	25
120	128	96	25
120	129	100	25
120	131	23	25
120	136	92	25
120	142	100	25
121	100	84	25
121	101	98	25
121	102	7	25
121	103	98	25
121	104	98	25
121	106	94	25
121	107	94	25
121	108	97	25
121	111	42	25
121	113	100	25
121	116	82	25
121	118	97	25
121	122	100	25
121	123	99	25
121	124	98	25
121	125	3	25
121	126	99	25
121	133	99	25
121	138	97	25
121	148	4	25
122	100	100	25
122	101	93	25
122	102	92	25
122	103	89	25
122	105	89	25
122	106	0	25
122	107	93	25
122	108	93	25
122	109	93	25
122	111	98	25
122	113	48	25
122	116	93	25
122	118	99	25
122	121	99	25
122	123	22	25
122	124	53	25
122	125	96	25
122	126	16	25
122	127	94	25
122	130	99	25
122	133	98	25
122	144	95	25
122	148	100	25
123	101	0	25
123	103	97	25
123	104	98	25
123	106	100	25
123	108	100	25
123	118	76	25
123	121	94	25
123	124	100	25
123	126	99	25
123	130	98	25
123	133	87	25
123	138	100	25
123	148	87	25
124	101	67	25
124	102	93	25
124	103	96	25
124	104	100	25
124	106	100	25
124	107	100	25
124	108	94	25
124	111	10	25
124	118	92	25
124	121	97	25
124	123	97	25
125	102	96	25
125	103	80	25
125	104	37	25
125	105	25	25
125	106	97	25
125	108	99	25
125	109	42	25
125	111	98	25
125	112	98	25
125	113	94	25
125	115	95	25
125	116	100	25
125	117	96	25
125	118	96	25
125	119	100	25
125	122	97	25
125	126	99	25
125	130	97	25
125	131	94	25
125	133	91	25
125	138	96	25
125	144	100	25
125	146	98	25
125	148	100	25
126	102	76	25
126	103	98	25
126	104	97	25
126	111	96	25
126	117	100	25
126	118	84	25
126	121	100	25
126	123	94	25
126	125	100	25
126	130	99	25
126	138	100	25
126	144	100	25
126	146	97	25
127	100	96	25
127	101	99	25
127	102	100	25
127	105	98	25
127	107	99	25
127	108	80	25
127	109	100	25
127	113	98	25
127	116	14	25
127	122	100	25
127	125	0	25
127	130	0	25
127	133	96	25
127	138	13	25
127	143	80	25
127	144	98	25
127	146	100	25
127	148	95	25
128	110	89	25
128	114	97	25
128	119	100	25
128	120	97	25
128	129	93	25
128	135	96	25
128	142	100	25
128	149	94	25
129	114	62	25
129	119	89	25
129	120	100	25
129	128	96	25
129	131	63	25
129	136	100	25
129	140	100	25
129	142	95	25
129	143	75	25
129	147	92	25
130	103	98	25
130	105	73	25
130	106	6	25
130	108	97	25
130	109	100	25
130	110	96	25
130	113	90	25
130	114	43	25
130	115	97	25
130	116	94	25
130	118	99	25
130	119	97	25
130	122	8	25
130	123	100	25
130	125	100	25
130	126	98	25
130	131	97	25
130	133	95	25
130	138	95	25
130	139	92	25
130	141	6	25
130	143	94	25
130	144	99	25
130	146	92	25
130	148	97	25
130	149	52	25
131	103	9	25
131	110	97	25
131	112	100	25
131	113	96	25
131	114	75	25
131	115	98	25
131	116	2	25
131	117	98	25
131	120	20	25
131	125	97	25
131	129	50	25
131	130	86	25
131	138	4	25
131	139	100	25
131	141	93	25
131	142	97	25
131	143	96	25
131	144	98	25
131	147	15	25
131	148	90	25
131	149	94	25
132	114	94	25
132	115	100	25
132	119	95	25
132	120	94	25
132	128	28	25
132	129	94	25
132	135	100	25
132	136	100	25
132	137	60	25
133	101	95	25
133	102	98	25
133	103	99	25
133	105	93	25
133	106	100	25
133	107	100	25
133	108	100	25
133	109	93	25
133	111	94	25
133	113	66	25
133	116	94	25
133	117	98	25
133	118	100	25
133	121	100	25
133	122	97	25
133	123	6	25
133	125	92	25
133	127	97	25
133	130	94	25
133	138	100	25
133	144	100	25
133	146	100	25
133	148	100	25
134	102	99	25
134	110	98	25
134	112	100	25
134	113	98	25
134	114	99	25
134	115	99	25
134	116	40	25
134	117	98	25
134	119	91	25
134	120	8	25
134	125	98	25
134	128	100	25
134	130	96	25
134	131	100	25
134	133	86	25
134	137	89	25
134	138	95	25
134	139	44	25
134	141	19	25
134	143	98	25
134	144	96	25
134	146	100	25
134	148	95	25
134	149	71	25
135	110	100	25
135	114	97	25
135	117	100	25
135	119	99	25
135	128	100	25
135	136	93	25
135	137	100	25
135	149	100	25
136	114	92	25
136	119	100	25
136	120	100	25
136	128	7	25
136	129	97	25
136	135	99	25
136	137	34	25
136	142	100	25
137	110	95	25
137	112	81	25
137	113	100	25
137	114	100	25
137	115	17	25
137	117	100	25
137	119	100	25
137	128	18	25
137	135	100	25
137	136	70	25
138	102	88	25
138	103	97	25
138	104	99	25
138	105	1	25
138	106	98	25
138	108	89	25
138	109	6	25
138	110	12	25
138	111	94	25
138	112	96	25
138	116	94	25
138	117	94	25
138	118	96	25
138	121	94	25
138	123	97	25
138	125	96	25
138	126	97	25
138	130	99	25
138	131	1	25
138	133	87	25
138	144	8	25
138	146	100	25
138	148	95	25
138	149	17	25
139	102	99	25
139	103	97	25
139	105	93	25
139	108	78	25
139	109	100	25
139	110	83	25
139	113	100	25
139	128	10	25
139	130	100	25
139	131	98	25
139	140	100	25
139	141	100	25
139	143	96	25
139	144	95	25
139	146	100	25
139	147	98	25
139	149	83	25
140	129	98	25
140	139	99	25
140	141	98	25
140	142	100	25
140	143	96	25
140	147	100	25
141	112	99	25
141	128	0	25
141	130	92	25
141	131	100	25
141	139	98	25
141	140	100	25
141	142	100	25
141	143	99	25
141	144	97	25
141	147	3	25
141	148	100	25
141	149	100	25
142	120	100	25
142	128	97	25
142	129	96	25
142	131	94	25
142	136	100	25
142	139	19	25
142	140	94	25
142	141	98	25
142	143	97	25
142	146	8	25
142	147	96	25
143	105	100	25
143	109	97	25
143	110	18	25
143	129	22	25
143	130	96	25
143	131	97	25
143	139	94	25
143	140	100	25
143	141	98	25
143	142	99	25
143	144	100	25
143	147	100	25
143	148	92	25
144	100	8	25
144	101	97	25
144	102	99	25
144	103	99	25
144	105	98	25
144	107	97	25
144	108	92	25
144	109	95	25
144	113	100	25
144	116	6	25
144	122	96	25
144	125	100	25
144	126	95	25
144	127	98	25
144	130	100	25
144	131	97	25
144	133	97	25
144	138	99	25
144	139	100	25
144	141	95	25
144	143	100	25
144	146	96	25
144	148	100	25
144	149	22	25
146	102	100	25
146	103	90	25
146	105	90	25
146	107	97	25
146	108	8	25
146	109	99	25
146	110	94	25
146	112	97	25
146	113	94	25
146	116	100	25
146	117	95	25
146	118	98	25
146	119	100	25
146	125	94	25
146	126	100	25
146	127	100	25
146	128	64	25
146	130	100	25
146	133	100	25
146	138	96	25
146	139	100	25
146	142	55	25
146	144	96	25
146	148	94	25
146	149	99	25
147	129	92	25
147	131	26	25
147	139	100	25
147	140	100	25
147	142	96	25
147	143	98	25
148	102	97	25
148	108	95	25
148	109	100	25
148	110	0	25
148	111	98	25
148	112	95	25
148	113	96	25
148	114	69	25
148	116	100	25
148	117	99	25
148	118	96	25
148	119	99	25
148	123	86	25
148	125	100	25
148	126	43	25
148	127	100	25
148	130	98	25
148	131	96	25
148	133	97	25
148	138	93	25
148	141	97	25
148	143	99	25
148	144	98	25
148	146	91	25
148	149	99	25
149	108	6	25
149	110	100	25
149	112	100	25
149	113	100	25
149	115	94	25
149	117	97	25
149	119	87	25
149	128	97	25
149	130	96	25
149	131	92	25
149	135	98	25
149	138	99	25
149	139	89	25
149	141	94	25
149	143	15	25
149	144	21	25
149	146	100	25
149	148	92	25
100	101	82	24
100	102	94	24
100	105	90	24
100	107	100	24
100	108	100	24
100	109	33	24
100	116	8	24
100	118	98	24
100	122	77	24
100	127	93	24
100	133	86	24
100	144	27	24
101	102	84	24
101	103	96	24
101	105	100	24
101	107	94	24
101	108	99	24
101	109	100	24
101	116	100	24
101	118	98	24
101	121	91	24
101	122	100	24
101	123	78	24
101	124	54	24
101	127	100	24
101	133	89	24
102	100	100	24
102	101	96	24
102	103	97	24
102	107	95	24
102	108	97	24
102	109	100	24
102	112	48	24
102	113	97	24
102	116	96	24
102	117	85	24
102	118	93	24
102	122	94	24
102	123	7	24
102	124	100	24
102	125	95	24
102	126	88	24
102	127	97	24
102	130	3	24
102	133	98	24
102	138	100	24
102	139	11	24
102	144	100	24
102	146	96	24
102	148	95	24
103	101	58	24
103	102	96	24
103	104	95	24
103	106	96	24
103	107	100	24
103	108	99	24
103	111	95	24
103	113	100	24
103	116	100	24
103	118	97	24
103	121	93	24
103	122	73	24
103	123	100	24
103	124	9	24
103	125	88	24
103	126	100	24
103	130	98	24
103	131	89	24
103	133	100	24
103	138	96	24
103	139	100	24
103	144	100	24
103	146	9	24
103	148	100	24
104	103	97	24
104	106	95	24
104	111	91	24
104	113	89	24
104	116	93	24
104	117	52	24
104	118	83	24
104	121	96	24
104	123	97	24
104	124	100	24
104	125	30	24
104	126	96	24
104	133	5	24
104	138	100	24
104	148	46	24
105	100	97	24
105	101	95	24
105	103	19	24
105	108	100	24
105	109	100	24
105	112	40	24
105	116	97	24
105	117	60	24
105	118	19	24
105	122	99	24
105	125	96	24
105	126	12	24
105	127	89	24
105	130	98	24
105	133	87	24
105	138	97	24
105	139	100	24
105	141	97	24
105	143	100	24
105	144	92	24
105	146	97	24
105	148	100	24
105	149	0	24
106	101	24	24
106	102	13	24
106	103	96	24
106	104	65	24
106	107	4	24
106	108	11	24
106	111	95	24
106	113	64	24
106	116	47	24
106	117	65	24
106	118	29	24
106	121	100	24
106	123	98	24
106	124	99	24
106	125	60	24
106	126	95	24
106	130	48	24
106	133	100	24
106	138	100	24
107	100	90	24
107	101	95	24
107	102	100	24
107	103	100	24
107	108	97	24
107	109	94	24
107	116	96	24
107	118	94	24
107	121	100	24
107	122	96	24
107	123	26	24
107	124	100	24
107	127	94	24
107	133	99	24
107	144	100	24
107	146	27	24
107	148	62	24
108	100	75	24
108	101	97	24
108	102	100	24
108	103	100	24
108	105	59	24
108	106	19	24
108	107	93	24
108	109	92	24
108	113	5	24
108	116	100	24
108	117	35	24
108	118	100	24
108	121	96	24
108	122	100	24
108	123	6	24
108	124	100	24
108	125	95	24
108	126	91	24
108	127	7	24
108	130	96	24
108	133	95	24
108	144	96	24
108	146	68	24
108	148	100	24
109	100	91	24
109	101	91	24
109	102	96	24
109	103	50	24
109	105	95	24
109	107	93	24
109	108	100	24
109	111	6	24
109	112	100	24
109	113	94	24
109	115	7	24
109	116	99	24
109	117	100	24
109	118	95	24
109	119	28	24
109	122	100	24
109	124	20	24
109	125	94	24
109	127	97	24
109	130	97	24
109	131	59	24
109	133	99	24
109	138	100	24
109	139	95	24
109	140	16	24
109	143	96	24
109	144	98	24
109	146	94	24
109	148	100	24
109	149	93	24
110	112	89	24
110	113	94	24
110	114	95	24
110	115	99	24
110	117	92	24
110	119	99	24
110	120	93	24
110	125	100	24
110	128	65	24
110	130	100	24
110	131	100	24
110	135	98	24
110	137	94	24
110	139	53	24
110	146	91	24
110	148	97	24
110	149	95	24
111	102	5	24
111	103	94	24
111	104	100	24
111	106	90	24
111	108	13	24
111	112	76	24
111	117	85	24
111	118	63	24
111	121	94	24
111	123	100	24
111	124	49	24
111	125	99	24
111	126	100	24
111	130	91	24
111	133	96	24
111	138	100	24
111	144	6	24
111	146	19	24
111	148	100	24
112	102	54	24
112	109	57	24
112	110	95	24
112	111	61	24
112	113	100	24
112	115	92	24
112	116	95	24
112	117	100	24
112	118	53	24
112	119	100	24
112	125	100	24
112	130	100	24
112	131	98	24
112	135	67	24
112	137	96	24
112	138	99	24
112	139	94	24
112	141	81	24
112	146	99	24
112	148	97	24
112	149	93	24
113	102	92	24
113	103	95	24
113	104	95	24
113	106	2	24
113	108	4	24
113	109	100	24
113	110	93	24
113	112	96	24
113	115	95	24
113	116	100	24
113	117	95	24
113	118	100	24
113	119	97	24
113	121	3	24
113	125	100	24
113	127	94	24
113	130	99	24
113	131	100	24
113	133	82	24
113	135	66	24
113	137	92	24
113	138	97	24
113	139	100	24
113	143	77	24
113	144	92	24
113	146	94	24
113	148	91	24
113	149	100	24
114	110	100	24
114	112	14	24
114	115	100	24
114	117	97	24
114	119	91	24
114	120	100	24
114	125	4	24
114	128	92	24
114	129	95	24
114	130	77	24
114	131	0	24
114	135	100	24
114	136	97	24
114	137	93	24
114	148	79	24
114	149	93	24
115	110	100	24
115	112	93	24
115	113	100	24
115	114	99	24
115	116	27	24
115	117	96	24
115	119	100	24
115	125	92	24
115	130	99	24
115	131	27	24
115	135	45	24
115	137	99	24
115	139	100	24
115	146	94	24
115	148	27	24
115	149	99	24
116	100	13	24
116	101	94	24
116	102	99	24
116	103	99	24
116	104	96	24
116	105	68	24
116	106	44	24
116	107	100	24
116	108	97	24
116	109	79	24
116	112	100	24
116	113	100	24
116	115	55	24
116	117	96	24
116	118	96	24
116	121	12	24
116	122	95	24
116	123	83	24
116	124	73	24
116	125	98	24
116	126	100	24
116	127	93	24
116	130	99	24
116	131	83	24
116	133	100	24
116	138	96	24
116	144	66	24
116	146	99	24
116	148	100	24
116	149	93	24
117	102	73	24
117	104	22	24
117	106	11	24
117	108	5	24
117	109	93	24
117	110	96	24
117	111	87	24
117	112	96	24
117	113	100	24
117	114	96	24
117	115	98	24
117	116	100	24
117	119	100	24
117	125	100	24
117	126	97	24
117	128	9	24
117	130	93	24
117	131	100	24
117	133	95	24
117	135	96	24
117	137	99	24
117	138	98	24
117	144	100	24
117	146	100	24
117	148	93	24
117	149	92	24
118	100	92	24
118	101	95	24
118	102	100	24
118	103	86	24
118	104	99	24
118	106	80	24
118	107	100	24
118	108	92	24
118	109	100	24
118	111	37	24
118	112	62	24
118	113	100	24
118	116	92	24
118	121	100	24
118	122	77	24
118	123	100	24
118	124	83	24
118	125	97	24
118	126	9	24
118	130	97	24
118	131	13	24
118	133	99	24
118	138	73	24
118	144	57	24
118	146	0	24
118	148	100	24
119	110	97	24
119	112	98	24
119	113	99	24
119	114	97	24
119	115	93	24
119	117	100	24
119	120	97	24
119	125	99	24
119	128	92	24
119	129	97	24
119	130	92	24
119	131	99	24
119	135	99	24
119	139	7	24
119	144	0	24
119	146	98	24
119	148	100	24
119	149	99	24
120	110	100	24
120	114	95	24
120	119	96	24
120	128	97	24
120	129	100	24
120	135	98	24
120	136	100	24
120	137	99	24
121	101	98	24
121	103	98	24
121	104	94	24
121	106	95	24
121	107	92	24
121	108	97	24
121	111	100	24
121	113	11	24
121	118	100	24
121	122	90	24
121	123	96	24
121	124	100	24
121	125	98	24
121	126	100	24
121	130	16	24
121	133	96	24
121	138	95	24
122	100	81	24
122	101	98	24
122	102	99	24
122	103	97	24
122	105	96	24
122	107	100	24
122	108	96	24
122	109	90	24
122	111	7	24
122	113	100	24
122	116	44	24
122	118	100	24
122	121	96	24
122	124	23	24
122	125	97	24
122	126	24	24
122	127	96	24
122	130	37	24
122	133	93	24
122	138	100	24
122	143	96	24
122	144	100	24
122	146	21	24
122	148	80	24
123	101	93	24
123	102	45	24
123	103	92	24
123	104	95	24
123	106	95	24
123	107	5	24
123	108	18	24
123	111	95	24
123	116	69	24
123	118	97	24
123	121	100	24
123	124	90	24
123	125	96	24
123	126	96	24
123	130	98	24
123	133	94	24
123	138	100	24
124	101	98	24
124	102	90	24
124	103	69	24
124	104	97	24
124	106	100	24
124	107	94	24
124	108	94	24
124	118	60	24
124	121	100	24
124	123	100	24
124	125	95	24
124	126	21	24
124	133	86	24
125	102	96	24
125	103	96	24
125	104	10	24
125	105	93	24
125	106	52	24
125	108	83	24
125	109	8	24
125	110	100	24
125	111	93	24
125	112	93	24
125	113	100	24
125	115	99	24
125	116	100	24
125	117	96	24
125	118	96	24
125	119	95	24
125	121	99	24
125	122	37	24
125	123	70	24
125	124	92	24
125	126	100	24
125	130	87	24
125	133	96	24
125	138	97	24
125	144	14	24
125	146	96	24
125	148	98	24
126	102	78	24
126	103	99	24
126	104	97	24
126	106	89	24
126	108	96	24
126	111	98	24
126	116	100	24
126	117	92	24
126	118	24	24
126	121	93	24
126	123	95	24
126	125	98	24
126	130	99	24
126	138	100	24
126	144	91	24
126	146	95	24
126	148	92	24
127	100	100	24
127	101	63	24
127	102	99	24
127	105	87	24
127	107	97	24
127	108	74	24
127	109	92	24
127	113	98	24
127	116	98	24
127	122	99	24
127	130	30	24
127	133	100	24
127	143	90	24
127	144	97	24
127	146	100	24
127	148	95	24
128	114	96	24
128	119	97	24
128	120	100	24
128	129	25	24
128	135	96	24
128	137	1	24
128	140	5	24
128	142	97	24
128	149	100	24
129	114	87	24
129	119	97	24
129	120	97	24
129	128	95	24
129	131	100	24
129	136	89	24
129	140	97	24
129	143	66	24
129	147	85	24
129	149	67	24
130	102	0	24
130	103	99	24
130	105	7	24
130	106	13	24
130	108	86	24
130	109	100	24
130	110	89	24
130	111	96	24
130	112	95	24
130	113	94	24
130	114	92	24
130	115	95	24
130	116	85	24
130	117	100	24
130	118	97	24
130	119	95	24
130	121	1	24
130	123	100	24
130	125	99	24
130	126	97	24
130	131	91	24
130	133	88	24
130	138	98	24
130	139	98	24
130	141	28	24
130	143	0	24
130	144	100	24
130	146	94	24
130	148	98	24
130	149	55	24
131	103	88	24
131	110	95	24
131	112	97	24
131	113	96	24
131	114	28	24
131	115	32	24
131	116	90	24
131	117	96	24
131	118	32	24
131	119	86	24
131	125	5	24
131	129	94	24
131	130	98	24
131	138	97	24
131	139	98	24
131	140	84	24
131	141	95	24
131	142	91	24
131	143	97	24
131	144	99	24
131	146	100	24
131	147	85	24
131	148	100	24
131	149	99	24
132	110	88	24
132	112	96	24
132	114	96	24
132	115	94	24
132	119	98	24
132	120	99	24
132	128	96	24
132	129	95	24
132	135	97	24
132	136	96	24
132	137	99	24
132	149	95	24
133	100	95	24
133	101	91	24
133	102	90	24
133	103	100	24
133	105	98	24
133	106	94	24
133	107	96	24
133	108	99	24
133	109	94	24
133	111	100	24
133	113	100	24
133	116	94	24
133	117	100	24
133	118	96	24
133	121	100	24
133	122	87	24
133	123	68	24
133	124	98	24
133	125	96	24
133	127	84	24
133	130	97	24
133	138	96	24
133	144	96	24
133	146	97	24
133	148	97	24
135	110	97	24
135	112	68	24
135	113	68	24
135	114	100	24
135	117	84	24
135	119	100	24
135	120	100	24
135	128	87	24
135	136	98	24
135	137	100	24
135	149	95	24
136	114	100	24
136	120	100	24
136	129	96	24
136	135	95	24
137	110	100	24
137	112	97	24
137	113	92	24
137	114	99	24
137	115	98	24
137	117	98	24
137	120	90	24
137	125	9	24
137	128	30	24
137	135	97	24
137	136	8	24
137	149	97	24
138	102	89	24
138	103	100	24
138	104	98	24
138	105	63	24
138	106	97	24
138	108	3	24
138	109	54	24
138	111	97	24
138	112	96	24
138	113	91	24
138	116	100	24
138	117	91	24
138	118	90	24
138	121	25	24
138	123	82	24
138	125	97	24
138	126	98	24
138	130	96	24
138	131	49	24
138	133	53	24
138	144	100	24
138	146	99	24
138	148	96	24
139	102	46	24
139	103	85	24
139	105	62	24
139	109	100	24
139	110	58	24
139	112	97	24
139	113	97	24
139	115	93	24
139	119	2	24
139	130	100	24
139	131	92	24
139	140	98	24
139	141	95	24
139	142	98	24
139	143	97	24
139	144	100	24
139	146	97	24
139	147	98	24
139	148	29	24
139	149	95	24
140	128	62	24
140	129	99	24
140	131	99	24
140	139	96	24
140	141	100	24
140	142	99	24
140	143	95	24
140	146	80	24
140	147	92	24
141	105	76	24
141	110	39	24
141	112	94	24
141	113	11	24
141	130	99	24
141	131	100	24
141	139	100	24
141	140	100	24
141	142	95	24
141	143	100	24
141	144	96	24
141	146	96	24
141	147	95	24
141	148	100	24
141	149	100	24
142	114	4	24
142	128	97	24
142	131	97	24
142	139	98	24
142	140	98	24
142	141	100	24
142	143	95	24
142	147	100	24
143	105	95	24
143	109	84	24
143	113	86	24
143	122	2	24
143	127	3	24
143	129	77	24
143	130	20	24
143	131	96	24
143	139	93	24
143	140	95	24
143	141	100	24
143	142	93	24
143	144	89	24
143	146	59	24
143	147	100	24
143	148	4	24
143	149	44	24
144	100	5	24
144	102	100	24
144	103	94	24
144	105	100	24
144	107	87	24
144	108	96	24
144	109	98	24
144	111	9	24
144	113	94	24
144	116	63	24
144	117	98	24
144	118	0	24
144	122	60	24
144	125	11	24
144	126	100	24
144	127	73	24
144	130	100	24
144	131	89	24
144	133	98	24
144	138	100	24
144	139	97	24
144	141	94	24
144	143	85	24
144	146	96	24
144	148	100	24
144	149	98	24
146	102	90	24
146	103	13	24
146	105	75	24
146	107	65	24
146	108	93	24
146	109	94	24
146	110	94	24
146	111	8	24
146	112	98	24
146	113	95	24
146	115	96	24
146	116	83	24
146	117	100	24
146	118	8	24
146	119	93	24
146	125	97	24
146	126	94	24
146	127	86	24
146	130	100	24
146	131	96	24
146	133	100	24
146	138	100	24
146	139	91	24
146	140	73	24
146	141	93	24
146	143	52	24
146	144	94	24
146	148	100	24
146	149	95	24
147	129	88	24
147	131	94	24
147	139	91	24
147	140	100	24
147	141	100	24
147	142	96	24
147	143	94	24
148	102	93	24
148	103	87	24
148	104	14	24
148	105	21	24
148	107	57	24
148	108	83	24
148	109	91	24
148	110	80	24
148	111	83	24
148	112	91	24
148	113	85	24
148	114	91	24
148	115	56	24
148	116	92	24
148	117	88	24
148	118	84	24
148	119	88	24
148	125	86	24
148	126	87	24
148	127	96	24
148	130	83	24
148	131	87	24
148	133	91	24
148	138	83	24
148	139	0	24
148	141	78	24
148	144	90	24
148	146	90	24
148	149	85	24
149	110	98	24
149	112	100	24
149	113	96	24
149	114	95	24
149	115	97	24
149	116	83	24
149	117	93	24
149	119	100	24
149	128	100	24
149	129	57	24
149	130	81	24
149	131	100	24
149	135	97	24
149	137	98	24
149	139	96	24
149	141	97	24
149	143	35	24
149	144	97	24
149	146	100	24
149	148	98	24
100	101	90	23
100	102	6	23
100	105	100	23
100	107	41	23
100	108	86	23
100	109	96	23
100	118	91	23
100	122	97	23
100	124	4	23
100	127	98	23
101	100	98	23
101	102	100	23
101	105	99	23
101	107	90	23
101	108	90	23
101	109	86	23
101	116	95	23
101	118	99	23
101	121	90	23
101	122	98	23
101	123	86	23
101	124	97	23
101	127	89	23
101	133	94	23
101	144	3	23
102	101	100	23
102	103	100	23
102	105	97	23
102	107	100	23
102	108	94	23
102	109	94	23
102	111	90	23
102	113	94	23
102	116	96	23
102	117	95	23
102	118	96	23
102	122	100	23
102	125	100	23
102	127	97	23
102	133	100	23
102	138	96	23
102	144	98	23
102	146	100	23
102	148	96	23
103	101	7	23
103	102	99	23
103	104	97	23
103	105	15	23
103	106	100	23
103	107	91	23
103	108	100	23
103	111	100	23
103	113	96	23
103	116	94	23
103	118	71	23
103	121	97	23
103	122	76	23
103	123	100	23
103	124	85	23
103	125	86	23
103	126	100	23
103	127	0	23
103	130	87	23
103	131	70	23
103	133	94	23
103	138	82	23
103	146	51	23
103	148	70	23
104	103	100	23
104	106	91	23
104	111	100	23
104	113	5	23
104	116	82	23
104	118	34	23
104	123	94	23
104	124	52	23
104	125	91	23
104	126	98	23
104	138	97	23
105	100	85	23
105	101	97	23
105	102	94	23
105	103	96	23
105	107	39	23
105	108	76	23
105	109	100	23
105	113	95	23
105	116	94	23
105	122	92	23
105	125	94	23
105	127	92	23
105	133	90	23
105	138	83	23
105	139	80	23
105	141	100	23
105	143	88	23
105	144	97	23
105	148	100	23
106	103	97	23
106	104	95	23
106	107	72	23
106	108	77	23
106	111	91	23
106	116	96	23
106	117	39	23
106	118	13	23
106	121	100	23
106	123	100	23
106	124	95	23
106	126	100	23
106	133	31	23
106	138	99	23
107	101	100	23
107	102	100	23
107	103	100	23
107	106	78	23
107	108	100	23
107	109	92	23
107	116	100	23
107	118	92	23
107	121	98	23
107	122	87	23
107	124	74	23
107	127	93	23
107	133	83	23
108	100	95	23
108	101	98	23
108	102	96	23
108	103	99	23
108	105	63	23
108	106	95	23
108	107	98	23
108	109	97	23
108	111	16	23
108	116	100	23
108	117	77	23
108	118	93	23
108	121	93	23
108	122	100	23
108	123	92	23
108	126	98	23
108	127	99	23
108	133	97	23
108	138	83	23
108	144	100	23
108	146	73	23
108	148	16	23
109	100	91	23
109	101	98	23
109	102	95	23
109	103	91	23
109	105	97	23
109	107	93	23
109	108	97	23
109	112	96	23
109	113	100	23
109	115	50	23
109	116	98	23
109	117	100	23
109	118	91	23
109	121	17	23
109	122	94	23
109	126	61	23
109	127	96	23
109	130	98	23
109	133	98	23
109	138	89	23
109	139	95	23
109	141	98	23
109	143	95	23
109	144	91	23
109	146	92	23
109	148	100	23
110	112	95	23
110	113	99	23
110	114	84	23
110	115	92	23
110	117	96	23
110	119	97	23
110	120	0	23
110	125	88	23
110	128	2	23
110	130	100	23
110	131	99	23
110	135	99	23
110	137	100	23
110	138	52	23
110	139	31	23
110	146	87	23
110	149	93	23
111	102	75	23
111	103	97	23
111	104	97	23
111	106	92	23
111	108	62	23
111	116	67	23
111	117	98	23
111	118	65	23
111	121	100	23
111	123	95	23
111	124	0	23
111	125	85	23
111	126	95	23
111	130	16	23
111	133	66	23
111	138	94	23
111	148	59	23
112	109	69	23
112	110	96	23
112	113	100	23
112	114	94	23
112	115	98	23
112	117	100	23
112	118	15	23
112	119	96	23
112	125	98	23
112	130	95	23
112	131	96	23
112	138	100	23
112	139	99	23
112	146	80	23
112	148	95	23
112	149	92	23
113	102	85	23
113	103	96	23
113	104	71	23
113	105	66	23
113	109	96	23
113	110	96	23
113	112	96	23
113	115	96	23
113	116	4	23
113	117	97	23
113	118	70	23
113	119	99	23
113	125	94	23
113	130	100	23
113	131	82	23
113	135	89	23
113	138	94	23
113	139	100	23
113	143	99	23
113	144	99	23
113	146	100	23
113	148	92	23
113	149	93	23
114	112	6	23
114	115	100	23
114	117	90	23
114	119	94	23
114	120	100	23
114	128	93	23
114	129	89	23
114	135	100	23
114	136	100	23
114	142	1	23
114	149	23	23
115	110	89	23
115	112	94	23
115	113	91	23
115	114	82	23
115	117	93	23
115	119	100	23
115	125	100	23
115	130	94	23
115	131	7	23
115	135	88	23
115	137	16	23
115	138	64	23
115	139	5	23
115	141	8	23
115	143	19	23
115	146	95	23
115	149	100	23
116	101	84	23
116	102	94	23
116	103	97	23
116	104	96	23
116	105	91	23
116	106	93	23
116	107	91	23
116	108	94	23
116	109	93	23
116	111	93	23
116	113	39	23
116	117	100	23
116	118	95	23
116	122	93	23
116	123	81	23
116	125	98	23
116	126	96	23
116	127	92	23
116	130	100	23
116	133	100	23
116	138	100	23
116	144	96	23
116	146	100	23
116	148	98	23
117	101	0	23
117	102	86	23
117	106	22	23
117	108	72	23
117	109	100	23
117	110	91	23
117	111	79	23
117	112	100	23
117	113	100	23
117	114	96	23
117	115	100	23
117	116	98	23
117	119	100	23
117	125	100	23
117	126	87	23
117	130	93	23
117	131	100	23
117	133	94	23
117	138	96	23
117	141	6	23
117	144	35	23
117	146	100	23
117	148	16	23
117	149	98	23
118	100	80	23
118	101	96	23
118	102	96	23
118	103	87	23
118	104	8	23
118	106	3	23
118	107	93	23
118	108	99	23
118	109	85	23
118	111	34	23
118	113	94	23
118	116	96	23
118	121	98	23
118	122	30	23
118	123	95	23
118	124	97	23
118	125	100	23
118	127	5	23
118	130	91	23
118	133	100	23
118	138	100	23
118	144	78	23
118	146	81	23
119	110	98	23
119	112	97	23
119	113	100	23
119	114	94	23
119	115	93	23
119	117	92	23
119	120	94	23
119	125	86	23
119	128	97	23
119	129	100	23
119	130	94	23
119	131	97	23
119	135	57	23
119	137	94	23
119	144	4	23
119	148	99	23
119	149	93	23
120	114	96	23
120	119	97	23
120	128	95	23
120	129	97	23
120	135	97	23
120	136	94	23
121	100	20	23
121	101	96	23
121	103	93	23
121	104	23	23
121	106	99	23
121	107	90	23
121	108	99	23
121	109	78	23
121	111	90	23
121	113	4	23
121	116	78	23
121	117	4	23
121	118	99	23
121	122	88	23
121	123	100	23
121	124	99	23
121	125	88	23
121	126	100	23
121	133	98	23
121	138	61	23
122	100	100	23
122	101	97	23
122	102	95	23
122	103	91	23
122	105	99	23
122	106	64	23
122	107	100	23
122	108	95	23
122	109	97	23
122	113	66	23
122	116	95	23
122	121	89	23
122	123	1	23
122	124	69	23
122	127	97	23
122	133	96	23
122	138	30	23
122	144	92	23
122	146	94	23
123	101	87	23
123	103	89	23
123	104	100	23
123	106	96	23
123	108	71	23
123	111	94	23
123	118	89	23
123	121	100	23
123	124	93	23
123	126	93	23
123	133	94	23
123	138	84	23
124	101	94	23
124	103	88	23
124	104	90	23
124	106	98	23
124	107	79	23
124	118	99	23
124	121	95	23
124	122	48	23
124	123	96	23
124	126	27	23
124	133	88	23
125	102	95	23
125	103	100	23
125	104	100	23
125	105	77	23
125	106	0	23
125	108	81	23
125	110	53	23
125	111	97	23
125	112	99	23
125	113	100	23
125	115	95	23
125	116	100	23
125	117	97	23
125	118	92	23
125	119	88	23
125	121	0	23
125	126	100	23
125	130	100	23
125	133	92	23
125	138	95	23
125	144	95	23
125	146	98	23
125	148	100	23
126	103	91	23
126	104	96	23
126	106	98	23
126	108	82	23
126	111	98	23
126	116	97	23
126	117	100	23
126	121	97	23
126	123	85	23
126	124	9	23
126	125	100	23
126	130	98	23
126	138	100	23
126	144	4	23
126	146	90	23
126	148	2	23
127	100	94	23
127	101	89	23
127	102	94	23
127	103	88	23
127	105	97	23
127	107	91	23
127	108	90	23
127	109	95	23
127	113	4	23
127	116	79	23
127	118	52	23
127	122	90	23
127	130	89	23
127	133	74	23
127	139	10	23
127	143	98	23
127	144	100	23
127	148	98	23
128	114	70	23
128	119	98	23
128	120	79	23
128	129	97	23
128	135	68	23
128	142	98	23
129	114	91	23
129	119	90	23
129	120	100	23
129	128	96	23
129	131	98	23
129	136	100	23
129	140	96	23
129	142	97	23
129	143	16	23
130	103	97	23
130	109	100	23
130	110	90	23
130	111	6	23
130	112	100	23
130	113	95	23
130	114	14	23
130	115	100	23
130	116	100	23
130	117	93	23
130	118	74	23
130	119	100	23
130	125	100	23
130	126	96	23
130	127	49	23
130	131	94	23
130	133	95	23
130	139	10	23
130	141	89	23
130	144	100	23
130	146	99	23
130	148	100	23
131	103	92	23
131	110	98	23
131	112	98	23
131	113	87	23
131	115	84	23
131	117	98	23
131	119	100	23
131	128	39	23
131	129	98	23
131	130	100	23
131	140	96	23
131	141	90	23
131	142	96	23
131	144	100	23
131	146	100	23
131	147	91	23
131	149	100	23
132	110	93	23
132	112	4	23
132	114	100	23
132	119	100	23
132	120	100	23
132	128	98	23
132	135	95	23
132	136	92	23
133	101	85	23
133	102	94	23
133	103	97	23
133	104	17	23
133	105	89	23
133	107	91	23
133	108	100	23
133	109	92	23
133	111	87	23
133	116	100	23
133	117	95	23
133	118	98	23
133	121	100	23
133	122	87	23
133	123	92	23
133	124	66	23
133	125	100	23
133	127	79	23
133	130	97	23
133	138	7	23
133	139	13	23
133	144	6	23
133	146	91	23
135	110	71	23
135	113	0	23
135	114	100	23
135	115	66	23
135	119	77	23
135	120	85	23
135	128	74	23
135	136	95	23
135	137	98	23
135	149	78	23
136	114	96	23
136	120	89	23
136	129	98	23
136	135	93	23
136	142	100	23
137	110	97	23
137	112	39	23
137	114	100	23
137	115	97	23
137	119	97	23
137	120	13	23
137	128	2	23
137	135	98	23
137	136	5	23
138	102	100	23
138	103	64	23
138	104	97	23
138	105	56	23
138	106	92	23
138	108	93	23
138	109	0	23
138	111	100	23
138	112	97	23
138	113	90	23
138	115	63	23
138	116	100	23
138	117	97	23
138	118	93	23
138	123	82	23
138	125	94	23
138	126	99	23
138	144	90	23
138	148	32	23
139	105	6	23
139	112	91	23
139	113	100	23
139	115	14	23
139	130	29	23
139	133	34	23
139	138	3	23
139	140	94	23
139	141	96	23
139	142	72	23
139	143	100	23
139	144	97	23
139	146	99	23
139	147	93	23
139	148	100	23
139	149	100	23
140	129	97	23
140	131	100	23
140	139	52	23
140	141	97	23
140	142	100	23
140	143	100	23
140	146	10	23
140	147	100	23
141	105	100	23
141	109	79	23
141	115	20	23
141	117	20	23
141	130	92	23
141	131	96	23
141	139	100	23
141	140	97	23
141	142	99	23
141	143	98	23
141	144	94	23
141	146	98	23
141	147	100	23
141	149	96	23
142	114	43	23
142	128	98	23
142	129	100	23
142	131	95	23
142	136	95	23
142	139	88	23
142	140	100	23
142	141	100	23
142	143	100	23
142	146	0	23
142	147	97	23
143	105	96	23
143	109	100	23
143	113	90	23
143	115	31	23
143	127	89	23
143	139	100	23
143	140	100	23
143	141	99	23
143	142	98	23
143	147	96	23
144	101	80	23
144	102	99	23
144	103	22	23
144	105	100	23
144	108	100	23
144	109	98	23
144	113	98	23
144	116	100	23
144	117	88	23
144	118	68	23
144	119	38	23
144	122	99	23
144	125	97	23
144	126	93	23
144	127	85	23
144	130	97	23
144	131	93	23
144	133	46	23
144	138	96	23
144	139	89	23
144	141	99	23
144	143	49	23
144	146	100	23
144	148	98	23
146	101	1	23
146	102	97	23
146	103	43	23
146	108	43	23
146	109	97	23
146	110	15	23
146	112	91	23
146	113	99	23
146	115	96	23
146	116	95	23
146	117	88	23
146	118	20	23
146	122	47	23
146	125	96	23
146	126	87	23
146	128	28	23
146	130	98	23
146	131	97	23
146	133	79	23
146	138	0	23
146	139	95	23
146	141	96	23
146	144	100	23
146	148	89	23
146	149	51	23
147	131	94	23
147	139	85	23
147	140	97	23
147	141	94	23
147	142	86	23
147	143	88	23
148	102	91	23
148	103	91	23
148	105	94	23
148	108	80	23
148	109	96	23
148	111	94	23
148	112	96	23
148	113	96	23
148	116	93	23
148	117	93	23
148	118	50	23
148	119	87	23
148	122	0	23
148	123	29	23
148	125	96	23
148	126	88	23
148	127	86	23
148	130	89	23
148	138	88	23
148	139	93	23
148	143	6	23
148	144	99	23
148	146	95	23
148	149	10	23
149	110	96	23
149	112	100	23
149	113	90	23
149	114	96	23
149	115	98	23
149	117	92	23
149	119	100	23
149	131	98	23
149	135	98	23
149	139	98	23
149	141	87	23
149	146	81	23
100	101	93	22
100	102	90	22
100	105	85	22
100	107	98	22
100	108	54	22
100	109	95	22
100	116	29	22
100	118	25	22
100	121	83	22
100	122	100	22
100	127	100	22
101	100	100	22
101	102	97	22
101	103	84	22
101	105	87	22
101	107	97	22
101	108	96	22
101	109	99	22
101	116	91	22
101	118	97	22
101	121	100	22
101	122	94	22
101	123	57	22
101	124	61	22
101	127	96	22
101	133	70	22
101	144	5	22
102	100	83	22
102	101	94	22
102	103	91	22
102	105	84	22
102	106	31	22
102	107	100	22
102	108	100	22
102	109	93	22
102	111	11	22
102	113	94	22
102	116	98	22
102	117	91	22
102	118	98	22
102	121	90	22
102	122	100	22
102	124	95	22
102	125	94	22
102	126	56	22
102	127	100	22
102	130	99	22
102	138	96	22
102	146	99	22
102	148	90	22
103	101	7	22
103	102	96	22
103	104	97	22
103	106	99	22
103	107	100	22
103	108	90	22
103	109	95	22
103	111	98	22
103	113	91	22
103	116	100	22
103	118	100	22
103	121	94	22
103	122	92	22
103	123	100	22
103	124	100	22
103	125	15	22
103	126	97	22
103	127	6	22
103	131	61	22
103	133	95	22
103	138	94	22
103	146	12	22
103	148	14	22
104	103	95	22
104	106	91	22
104	111	98	22
104	113	52	22
104	121	84	22
104	123	99	22
104	124	47	22
104	125	98	22
104	126	0	22
104	138	99	22
105	100	92	22
105	101	100	22
105	102	91	22
105	103	68	22
105	107	83	22
105	108	97	22
105	109	98	22
105	113	97	22
105	122	85	22
105	124	26	22
105	125	58	22
105	127	100	22
105	130	69	22
105	133	17	22
105	138	67	22
105	139	62	22
105	141	49	22
105	143	90	22
105	144	100	22
105	146	94	22
105	148	99	22
106	102	84	22
106	103	100	22
106	104	100	22
106	107	79	22
106	108	92	22
106	111	100	22
106	116	100	22
106	118	31	22
106	121	67	22
106	122	10	22
106	123	97	22
106	124	99	22
106	125	91	22
106	126	92	22
106	133	17	22
106	138	95	22
107	100	99	22
107	101	95	22
107	102	93	22
107	103	97	22
107	105	61	22
107	108	99	22
107	109	92	22
107	116	95	22
107	118	93	22
107	122	96	22
107	124	100	22
107	127	82	22
107	130	66	22
107	133	12	22
108	100	0	22
108	101	92	22
108	102	90	22
108	103	56	22
108	105	90	22
108	106	92	22
108	107	100	22
108	109	100	22
108	111	82	22
108	116	87	22
108	117	82	22
108	118	94	22
108	121	94	22
108	122	100	22
108	124	91	22
108	125	28	22
108	127	94	22
108	130	24	22
108	133	99	22
108	144	100	22
108	148	86	22
109	100	93	22
109	101	99	22
109	102	96	22
109	103	94	22
109	105	96	22
109	107	100	22
109	108	88	22
109	112	96	22
109	113	95	22
109	116	100	22
109	117	88	22
109	118	92	22
109	121	94	22
109	122	95	22
109	125	92	22
109	126	98	22
109	127	96	22
109	130	93	22
109	133	96	22
109	138	93	22
109	139	93	22
109	143	95	22
109	144	100	22
109	148	94	22
109	149	21	22
110	112	100	22
110	113	96	22
110	114	100	22
110	115	95	22
110	117	96	22
110	119	98	22
110	120	1	22
110	128	100	22
110	130	98	22
110	131	96	22
110	135	91	22
110	137	100	22
110	138	6	22
110	139	94	22
110	146	84	22
110	149	100	22
111	102	97	22
111	103	93	22
111	104	94	22
111	106	100	22
111	107	9	22
111	108	100	22
111	113	90	22
111	116	100	22
111	117	94	22
111	118	100	22
111	121	100	22
111	122	5	22
111	123	90	22
111	124	91	22
111	125	96	22
111	126	96	22
111	130	100	22
111	133	94	22
111	138	100	22
111	146	21	22
112	102	77	22
112	109	92	22
112	110	100	22
112	113	97	22
112	114	100	22
112	115	91	22
112	117	100	22
112	119	100	22
112	125	94	22
112	126	98	22
112	130	55	22
112	131	91	22
112	133	96	22
112	135	100	22
112	137	92	22
112	138	100	22
112	139	98	22
112	144	90	22
112	146	94	22
112	148	98	22
112	149	100	22
113	102	98	22
113	103	98	22
113	104	6	22
113	105	67	22
113	109	93	22
113	110	91	22
113	111	70	22
113	112	95	22
113	115	58	22
113	117	94	22
113	119	97	22
113	121	2	22
113	122	6	22
113	125	100	22
113	126	94	22
113	130	97	22
113	131	96	22
113	133	39	22
113	135	88	22
113	138	92	22
113	139	23	22
113	143	97	22
113	144	100	22
113	146	97	22
113	149	98	22
114	110	100	22
114	112	96	22
114	115	100	22
114	117	94	22
114	119	99	22
114	120	100	22
114	128	100	22
114	129	100	22
114	130	12	22
114	131	50	22
114	135	90	22
114	136	94	22
114	137	95	22
114	142	2	22
115	102	14	22
115	110	92	22
115	112	97	22
115	113	83	22
115	114	96	22
115	117	93	22
115	119	96	22
115	125	89	22
115	130	66	22
115	131	97	22
115	135	89	22
115	137	96	22
115	138	90	22
115	139	91	22
115	146	89	22
115	149	96	22
116	100	68	22
116	101	93	22
116	102	96	22
116	103	91	22
116	106	85	22
116	107	100	22
116	108	97	22
116	109	100	22
116	111	95	22
116	117	95	22
116	118	96	22
116	121	94	22
116	122	88	22
116	124	87	22
116	125	100	22
116	126	95	22
116	130	95	22
116	133	95	22
116	138	92	22
116	144	96	22
116	146	100	22
116	148	100	22
117	102	87	22
117	108	74	22
117	109	71	22
117	110	100	22
117	111	91	22
117	112	100	22
117	113	96	22
117	114	97	22
117	115	96	22
117	116	84	22
117	118	72	22
117	119	81	22
117	125	94	22
117	126	93	22
117	130	92	22
117	131	92	22
117	133	84	22
117	135	18	22
117	137	54	22
117	138	100	22
117	144	88	22
117	146	100	22
117	148	91	22
117	149	100	22
118	100	0	22
118	101	89	22
118	102	90	22
118	103	91	22
118	106	6	22
118	107	89	22
118	108	100	22
118	109	96	22
118	111	86	22
118	116	100	22
118	117	87	22
118	121	96	22
118	122	91	22
118	123	81	22
118	124	100	22
118	125	100	22
118	133	96	22
118	138	87	22
118	139	2	22
118	144	30	22
118	146	22	22
119	110	96	22
119	112	99	22
119	113	90	22
119	114	93	22
119	115	95	22
119	117	99	22
119	120	98	22
119	128	100	22
119	129	97	22
119	130	91	22
119	131	92	22
119	135	96	22
119	136	40	22
119	137	98	22
119	144	55	22
119	146	60	22
119	149	100	22
120	110	94	22
120	114	53	22
120	119	100	22
120	128	100	22
120	129	100	22
120	135	100	22
120	136	94	22
120	142	96	22
121	100	70	22
121	101	99	22
121	102	99	22
121	103	96	22
121	104	100	22
121	106	29	22
121	107	89	22
121	108	97	22
121	109	91	22
121	111	95	22
121	113	74	22
121	116	88	22
121	118	96	22
121	122	99	22
121	123	94	22
121	124	100	22
121	125	85	22
121	126	86	22
121	130	96	22
121	133	100	22
121	138	89	22
121	148	96	22
122	100	100	22
122	101	89	22
122	102	100	22
122	103	86	22
122	105	93	22
122	106	36	22
122	107	100	22
122	108	97	22
122	109	93	22
122	111	15	22
122	113	79	22
122	116	95	22
122	118	81	22
122	121	85	22
122	123	69	22
122	124	92	22
122	125	100	22
122	127	90	22
122	130	96	22
122	133	88	22
122	143	95	22
122	144	96	22
122	148	2	22
123	101	45	22
123	102	2	22
123	103	90	22
123	104	96	22
123	106	98	22
123	111	96	22
123	118	42	22
123	121	88	22
123	122	19	22
123	124	80	22
123	126	87	22
123	133	51	22
124	101	86	22
124	102	84	22
124	103	90	22
124	104	60	22
124	106	91	22
124	107	77	22
124	108	80	22
124	111	89	22
124	116	72	22
124	118	87	22
124	121	92	22
124	122	87	22
124	123	85	22
124	126	95	22
124	133	88	22
125	102	100	22
125	103	91	22
125	104	88	22
125	105	0	22
125	106	87	22
125	108	82	22
125	109	80	22
125	111	96	22
125	112	92	22
125	113	97	22
125	114	19	22
125	115	99	22
125	116	96	22
125	117	96	22
125	118	91	22
125	121	49	22
125	122	79	22
125	126	100	22
125	130	99	22
125	131	43	22
125	133	95	22
125	138	97	22
125	139	88	22
125	141	81	22
125	144	100	22
125	146	1	22
125	148	100	22
125	149	95	22
126	102	58	22
126	103	94	22
126	106	97	22
126	109	6	22
126	111	89	22
126	112	45	22
126	113	93	22
126	116	95	22
126	117	92	22
126	121	90	22
126	123	100	22
126	124	86	22
126	125	97	22
126	130	99	22
126	133	92	22
126	138	86	22
126	148	45	22
127	100	86	22
127	101	92	22
127	102	90	22
127	103	89	22
127	105	95	22
127	107	92	22
127	108	88	22
127	109	99	22
127	118	8	22
127	122	89	22
127	130	73	22
127	133	97	22
127	139	90	22
127	143	94	22
127	144	100	22
127	146	100	22
128	110	94	22
128	114	92	22
128	119	98	22
128	120	90	22
128	129	97	22
128	135	94	22
128	142	99	22
129	114	99	22
129	119	89	22
129	120	100	22
129	128	100	22
129	136	100	22
129	140	88	22
129	141	4	22
129	142	97	22
129	143	62	22
129	147	81	22
129	149	7	22
130	102	94	22
130	109	99	22
130	110	97	22
130	111	100	22
130	113	96	22
130	114	8	22
130	115	16	22
130	116	95	22
130	117	95	22
130	119	90	22
130	122	74	22
130	125	97	22
130	126	93	22
130	131	97	22
130	138	100	22
130	139	87	22
130	141	8	22
130	144	100	22
130	146	92	22
130	148	96	22
130	149	100	22
131	103	84	22
131	110	91	22
131	112	96	22
131	113	89	22
131	114	85	22
131	115	100	22
131	117	98	22
131	119	97	22
131	126	17	22
131	130	97	22
131	139	95	22
131	140	98	22
131	141	100	22
131	143	100	22
131	144	93	22
131	146	97	22
131	147	100	22
131	148	10	22
131	149	100	22
132	110	11	22
132	114	95	22
132	119	94	22
132	120	100	22
132	128	97	22
132	129	94	22
132	135	94	22
132	136	96	22
132	137	25	22
133	101	11	22
133	102	92	22
133	103	100	22
133	105	13	22
133	106	96	22
133	108	100	22
133	109	97	22
133	111	100	22
133	112	90	22
133	116	98	22
133	117	90	22
133	118	93	22
133	121	95	22
133	122	88	22
133	123	68	22
133	124	100	22
133	125	90	22
133	126	98	22
133	127	79	22
133	138	21	22
133	139	30	22
133	144	12	22
133	146	97	22
135	110	97	22
135	112	89	22
135	113	85	22
135	114	79	22
135	115	91	22
135	119	91	22
135	120	98	22
135	128	98	22
135	136	100	22
135	137	100	22
136	114	99	22
136	119	45	22
136	120	89	22
136	128	51	22
136	129	99	22
136	135	94	22
136	142	50	22
137	110	98	22
137	112	96	22
137	113	3	22
137	114	96	22
137	115	99	22
137	117	48	22
137	119	93	22
137	135	98	22
138	102	98	22
138	103	97	22
138	104	98	22
138	106	100	22
138	109	95	22
138	111	99	22
138	112	100	22
138	113	93	22
138	115	95	22
138	116	98	22
138	117	97	22
138	118	95	22
138	121	93	22
138	125	94	22
138	126	97	22
138	130	96	22
138	144	97	22
138	146	29	22
138	148	88	22
139	102	3	22
139	105	4	22
139	109	13	22
139	110	91	22
139	112	98	22
139	113	90	22
139	115	92	22
139	125	87	22
139	127	23	22
139	130	91	22
139	131	93	22
139	140	95	22
139	141	96	22
139	142	45	22
139	143	96	22
139	144	100	22
139	146	100	22
139	147	99	22
139	148	94	22
139	149	90	22
140	129	2	22
140	131	100	22
140	139	98	22
140	141	94	22
140	142	100	22
140	143	98	22
140	147	100	22
141	102	6	22
141	105	0	22
141	125	80	22
141	128	5	22
141	129	16	22
141	130	67	22
141	131	93	22
141	139	97	22
141	140	93	22
141	142	96	22
141	143	100	22
141	144	93	22
141	146	92	22
141	147	99	22
141	148	74	22
142	114	50	22
142	120	96	22
142	128	96	22
142	129	100	22
142	131	14	22
142	136	14	22
142	139	15	22
142	140	92	22
142	141	97	22
142	143	92	22
142	147	99	22
143	105	7	22
143	109	93	22
143	113	90	22
143	122	69	22
143	127	97	22
143	129	7	22
143	131	95	22
143	139	100	22
143	140	94	22
143	141	92	22
143	142	97	22
143	144	93	22
143	147	100	22
143	148	100	22
144	101	86	22
144	105	95	22
144	108	95	22
144	109	91	22
144	111	37	22
144	112	91	22
144	113	100	22
144	116	91	22
144	117	100	22
144	118	11	22
144	119	96	22
144	122	99	22
144	125	98	22
144	126	32	22
144	127	98	22
144	130	92	22
144	131	95	22
144	133	87	22
144	138	96	22
144	139	95	22
144	141	100	22
144	143	97	22
144	146	97	22
144	148	97	22
146	102	92	22
146	103	22	22
146	105	18	22
146	110	92	22
146	111	11	22
146	112	93	22
146	113	100	22
146	114	0	22
146	115	100	22
146	116	92	22
146	117	100	22
146	118	9	22
146	119	81	22
146	125	9	22
146	126	50	22
146	127	84	22
146	130	97	22
146	131	100	22
146	133	30	22
146	138	86	22
146	139	98	22
146	141	88	22
146	144	96	22
146	148	97	22
146	149	97	22
147	129	45	22
147	131	94	22
147	139	99	22
147	140	94	22
147	141	89	22
147	142	100	22
147	143	98	22
148	102	97	22
148	103	90	22
148	105	90	22
148	108	87	22
148	109	96	22
148	111	19	22
148	112	88	22
148	113	83	22
148	115	23	22
148	116	96	22
148	117	89	22
148	121	91	22
148	122	34	22
148	125	92	22
148	126	92	22
148	130	95	22
148	131	1	22
148	138	96	22
148	139	96	22
148	141	29	22
148	143	100	22
148	144	97	22
148	146	94	22
148	149	68	22
149	109	8	22
149	110	90	22
149	112	93	22
149	113	93	22
149	115	96	22
149	117	98	22
149	119	96	22
149	125	94	22
149	129	71	22
149	130	99	22
149	131	86	22
149	135	89	22
149	139	87	22
149	143	19	22
149	146	99	22
149	148	80	22
100	101	95	21
100	105	100	21
100	106	34	21
100	108	97	21
100	116	85	21
100	118	96	21
100	121	85	21
100	122	88	21
100	127	97	21
100	133	72	21
100	144	62	21
101	100	89	21
101	102	100	21
101	105	95	21
101	106	86	21
101	107	98	21
101	108	97	21
101	109	100	21
101	116	47	21
101	118	77	21
101	121	86	21
101	122	100	21
101	127	100	21
101	133	16	21
102	101	95	21
102	103	92	21
102	105	89	21
102	107	94	21
102	108	93	21
102	109	91	21
102	111	94	21
102	113	87	21
102	116	96	21
102	117	34	21
102	118	97	21
102	121	89	21
102	122	86	21
102	125	97	21
102	126	39	21
102	127	100	21
102	130	49	21
102	133	90	21
102	138	94	21
102	144	90	21
102	146	97	21
103	102	42	21
103	106	60	21
103	107	52	21
103	109	94	21
103	111	96	21
103	116	100	21
103	118	100	21
103	121	100	21
103	122	96	21
103	123	99	21
103	124	91	21
103	126	100	21
103	131	26	21
103	133	100	21
103	138	100	21
103	144	20	21
104	106	66	21
104	111	100	21
104	116	65	21
104	121	83	21
104	123	96	21
104	125	84	21
104	126	95	21
104	138	97	21
105	100	83	21
105	101	88	21
105	102	93	21
105	107	82	21
105	108	94	21
105	109	100	21
105	113	100	21
105	116	49	21
105	118	53	21
105	122	93	21
105	125	14	21
105	127	100	21
105	133	86	21
105	139	94	21
105	143	94	21
105	144	95	21
105	146	94	21
105	148	100	21
106	101	59	21
106	103	59	21
106	104	63	21
106	107	9	21
106	108	92	21
106	111	92	21
106	116	55	21
106	118	94	21
106	121	96	21
106	123	100	21
106	124	94	21
106	126	96	21
106	133	15	21
106	138	59	21
107	100	0	21
107	101	100	21
107	102	96	21
107	103	88	21
107	105	54	21
107	108	93	21
107	109	71	21
107	116	96	21
107	118	91	21
107	121	87	21
107	122	41	21
107	124	83	21
107	127	12	21
107	133	45	21
107	144	37	21
108	100	98	21
108	101	97	21
108	102	99	21
108	103	63	21
108	105	100	21
108	106	94	21
108	107	97	21
108	109	100	21
108	116	100	21
108	118	96	21
108	121	94	21
108	122	94	21
108	124	3	21
108	127	91	21
108	133	100	21
108	138	97	21
108	144	94	21
108	146	100	21
109	101	91	21
109	102	100	21
109	103	95	21
109	105	96	21
109	107	81	21
109	108	100	21
109	111	3	21
109	112	98	21
109	113	97	21
109	116	93	21
109	117	0	21
109	118	86	21
109	122	86	21
109	125	96	21
109	126	90	21
109	127	97	21
109	130	83	21
109	133	99	21
109	138	90	21
109	139	96	21
109	141	19	21
109	143	100	21
109	144	98	21
109	146	0	21
109	148	100	21
110	112	100	21
110	113	14	21
110	114	98	21
110	115	95	21
110	117	100	21
110	119	100	21
110	125	40	21
110	128	65	21
110	130	94	21
110	131	89	21
110	135	100	21
110	137	92	21
110	139	47	21
110	146	90	21
110	149	95	21
111	102	0	21
111	103	100	21
111	104	97	21
111	106	100	21
111	113	13	21
111	116	84	21
111	117	87	21
111	118	31	21
111	121	96	21
111	123	96	21
111	124	45	21
111	125	78	21
111	126	100	21
111	133	95	21
111	138	99	21
111	144	4	21
112	109	92	21
112	110	100	21
112	113	91	21
112	114	94	21
112	115	93	21
112	116	86	21
112	117	96	21
112	119	100	21
112	126	100	21
112	130	100	21
112	131	100	21
112	133	85	21
112	135	99	21
112	138	99	21
112	139	98	21
112	144	95	21
112	146	100	21
112	148	2	21
112	149	89	21
113	102	64	21
113	105	100	21
113	109	86	21
113	110	89	21
113	111	63	21
113	112	67	21
113	116	40	21
113	117	94	21
113	119	100	21
113	125	100	21
113	126	98	21
113	127	30	21
113	130	100	21
113	131	95	21
113	135	77	21
113	138	99	21
113	139	97	21
113	144	91	21
113	146	100	21
113	148	60	21
113	149	100	21
114	110	96	21
114	112	97	21
114	115	97	21
114	117	99	21
114	119	95	21
114	128	98	21
114	129	100	21
114	131	28	21
114	135	92	21
114	136	99	21
114	137	88	21
115	110	100	21
115	112	97	21
115	114	100	21
115	117	96	21
115	119	100	21
115	125	100	21
115	131	100	21
115	135	96	21
115	137	94	21
115	138	97	21
115	139	89	21
115	146	68	21
115	149	99	21
116	100	1	21
116	101	83	21
116	102	96	21
116	103	99	21
116	105	3	21
116	106	46	21
116	107	83	21
116	108	90	21
116	109	98	21
116	111	90	21
116	117	69	21
116	118	94	21
116	121	92	21
116	122	100	21
116	125	96	21
116	126	58	21
116	133	100	21
116	138	97	21
116	144	98	21
116	146	96	21
116	148	100	21
117	110	97	21
117	111	93	21
117	112	94	21
117	113	100	21
117	114	91	21
117	115	100	21
117	116	92	21
117	118	89	21
117	119	49	21
117	125	100	21
117	126	96	21
117	130	98	21
117	131	92	21
117	133	8	21
117	135	13	21
117	138	98	21
117	144	90	21
117	146	88	21
117	149	100	21
118	100	90	21
118	101	1	21
118	102	83	21
118	103	98	21
118	105	18	21
118	106	94	21
118	107	95	21
118	108	90	21
118	109	100	21
118	111	89	21
118	116	97	21
118	117	100	21
118	121	97	21
118	122	99	21
118	123	100	21
118	124	85	21
118	125	13	21
118	126	45	21
118	127	96	21
118	131	30	21
118	133	100	21
118	138	95	21
118	144	73	21
118	146	27	21
119	110	100	21
119	112	83	21
119	113	98	21
119	114	96	21
119	115	100	21
119	117	72	21
119	120	97	21
119	128	99	21
119	129	28	21
119	131	96	21
119	135	95	21
119	136	93	21
119	149	90	21
120	110	91	21
120	114	93	21
120	119	91	21
120	128	92	21
120	129	95	21
120	136	96	21
121	101	97	21
121	102	91	21
121	103	92	21
121	104	100	21
121	106	99	21
121	107	85	21
121	108	95	21
121	111	100	21
121	116	100	21
121	118	90	21
121	122	92	21
121	123	95	21
121	124	93	21
121	125	1	21
121	126	94	21
121	133	91	21
121	138	98	21
122	100	97	21
122	101	97	21
122	102	93	21
122	103	100	21
122	105	96	21
122	106	2	21
122	107	79	21
122	108	96	21
122	109	100	21
122	116	89	21
122	118	100	21
122	121	97	21
122	123	92	21
122	127	92	21
122	131	5	21
122	133	52	21
122	143	79	21
122	144	100	21
122	146	78	21
123	101	1	21
123	103	90	21
123	104	100	21
123	106	99	21
123	111	98	21
123	118	100	21
123	121	96	21
123	122	60	21
123	124	100	21
123	126	93	21
123	138	55	21
124	101	72	21
124	103	93	21
124	106	96	21
124	111	95	21
124	118	93	21
124	121	96	21
124	123	98	21
124	126	98	21
124	133	97	21
125	102	84	21
125	103	25	21
125	104	93	21
125	105	38	21
125	109	94	21
125	110	91	21
125	111	97	21
125	113	96	21
125	115	96	21
125	116	94	21
125	117	96	21
125	118	72	21
125	121	73	21
125	126	88	21
125	130	97	21
125	133	99	21
125	138	98	21
125	139	68	21
125	144	100	21
125	146	64	21
125	148	92	21
126	103	85	21
126	104	90	21
126	106	100	21
126	109	44	21
126	111	100	21
126	112	93	21
126	113	93	21
126	116	100	21
126	117	100	21
126	118	2	21
126	121	95	21
126	123	100	21
126	124	89	21
126	125	100	21
126	138	96	21
126	146	72	21
127	100	92	21
127	101	95	21
127	102	97	21
127	105	98	21
127	107	22	21
127	108	95	21
127	109	90	21
127	113	6	21
127	116	3	21
127	118	31	21
127	122	94	21
127	139	68	21
127	143	89	21
127	144	100	21
128	110	89	21
128	114	88	21
128	119	93	21
128	120	96	21
128	129	97	21
128	131	9	21
128	135	14	21
128	149	95	21
129	110	7	21
129	114	99	21
129	120	96	21
129	128	100	21
129	131	61	21
129	136	96	21
129	140	98	21
129	142	93	21
129	143	16	21
130	102	80	21
130	105	10	21
130	109	92	21
130	110	92	21
130	111	90	21
130	112	100	21
130	113	94	21
130	114	97	21
130	115	99	21
130	116	88	21
130	117	99	21
130	122	0	21
130	125	100	21
130	126	87	21
130	131	97	21
130	133	94	21
130	135	16	21
130	138	99	21
130	139	97	21
130	144	87	21
130	146	98	21
130	148	92	21
130	149	100	21
131	103	48	21
131	110	96	21
131	112	94	21
131	113	93	21
131	114	35	21
131	115	95	21
131	117	97	21
131	119	97	21
131	129	5	21
131	130	91	21
131	135	50	21
131	139	99	21
131	140	98	21
131	141	92	21
131	142	94	21
131	144	100	21
131	147	98	21
131	149	97	21
132	114	96	21
132	119	100	21
132	120	93	21
132	128	91	21
132	129	84	21
132	135	100	21
132	136	100	21
132	142	81	21
133	101	86	21
133	102	88	21
133	103	100	21
133	105	78	21
133	106	58	21
133	107	27	21
133	108	87	21
133	109	96	21
133	111	90	21
133	112	82	21
133	116	100	21
133	118	100	21
133	121	100	21
133	122	70	21
133	124	94	21
133	125	86	21
133	130	100	21
133	131	4	21
133	138	100	21
133	144	100	21
133	146	66	21
135	110	99	21
135	112	89	21
135	114	100	21
135	115	96	21
135	119	97	21
135	131	57	21
135	136	93	21
135	137	100	21
136	114	100	21
136	119	85	21
136	120	96	21
136	129	99	21
136	135	98	21
137	110	96	21
137	112	27	21
137	114	95	21
137	115	96	21
137	117	92	21
137	135	97	21
138	102	91	21
138	103	86	21
138	104	100	21
138	106	3	21
138	109	83	21
138	111	88	21
138	112	52	21
138	113	88	21
138	116	100	21
138	117	100	21
138	121	98	21
138	123	75	21
138	125	99	21
138	126	97	21
138	130	98	21
138	133	78	21
138	144	91	21
138	148	40	21
139	105	89	21
139	109	92	21
139	110	96	21
139	112	100	21
139	113	4	21
139	115	0	21
139	125	14	21
139	127	18	21
139	130	66	21
139	131	100	21
139	140	93	21
139	141	100	21
139	143	99	21
139	144	99	21
139	146	99	21
139	147	16	21
139	148	100	21
140	129	56	21
140	131	100	21
140	139	100	21
140	141	95	21
140	142	98	21
140	143	96	21
140	147	42	21
141	105	4	21
141	109	84	21
141	129	99	21
141	131	95	21
141	139	96	21
141	140	100	21
141	142	100	21
141	143	100	21
141	144	100	21
141	146	95	21
141	147	97	21
142	114	27	21
142	129	100	21
142	131	90	21
142	139	8	21
142	140	94	21
142	141	67	21
142	143	92	21
142	147	100	21
143	105	90	21
143	109	98	21
143	122	14	21
143	127	56	21
143	129	4	21
143	131	19	21
143	139	96	21
143	140	96	21
143	141	96	21
143	142	98	21
143	144	94	21
143	146	99	21
143	147	100	21
143	148	0	21
144	102	0	21
144	103	82	21
144	105	83	21
144	107	11	21
144	108	2	21
144	109	98	21
144	112	84	21
144	113	95	21
144	116	100	21
144	117	93	21
144	118	24	21
144	122	90	21
144	125	97	21
144	127	84	21
144	130	100	21
144	131	100	21
144	133	71	21
144	138	90	21
144	139	95	21
144	141	99	21
144	143	90	21
144	146	96	21
144	148	96	21
146	102	75	21
146	105	91	21
146	108	90	21
146	109	2	21
146	110	99	21
146	112	92	21
146	113	96	21
146	116	85	21
146	117	95	21
146	118	10	21
146	122	23	21
146	125	25	21
146	126	94	21
146	127	4	21
146	130	95	21
146	131	47	21
146	133	30	21
146	139	90	21
146	141	94	21
146	143	94	21
146	144	96	21
146	148	100	21
146	149	91	21
147	131	95	21
147	139	91	21
147	140	26	21
147	141	97	21
147	142	100	21
147	143	94	21
148	102	0	21
148	103	94	21
148	105	96	21
148	109	94	21
148	110	6	21
148	112	84	21
148	113	28	21
148	116	85	21
148	117	98	21
148	121	79	21
148	123	71	21
148	125	93	21
148	126	85	21
148	130	99	21
148	138	98	21
148	139	96	21
148	143	94	21
148	144	98	21
148	146	98	21
148	149	89	21
149	110	91	21
149	112	87	21
149	113	96	21
149	114	91	21
149	115	98	21
149	117	96	21
149	119	96	21
149	128	99	21
149	129	13	21
149	130	99	21
149	131	97	21
149	135	97	21
149	138	7	21
149	140	0	21
149	146	100	21
149	148	87	21
100	101	100	20
100	102	99	20
100	106	62	20
100	107	100	20
100	108	93	20
100	109	10	20
100	116	97	20
100	118	100	20
100	121	2	20
100	122	95	20
100	124	14	20
100	127	98	20
100	133	84	20
100	144	98	20
101	100	94	20
101	102	100	20
101	105	53	20
101	106	94	20
101	107	99	20
101	108	100	20
101	109	97	20
101	116	100	20
101	118	97	20
101	121	94	20
101	122	92	20
101	123	93	20
101	127	96	20
101	144	26	20
101	146	39	20
102	100	98	20
102	101	100	20
102	103	100	20
102	105	96	20
102	107	100	20
102	108	95	20
102	109	100	20
102	111	96	20
102	113	97	20
102	116	100	20
102	118	91	20
102	121	97	20
102	122	100	20
102	124	98	20
102	125	93	20
102	126	98	20
102	127	96	20
102	130	100	20
102	133	91	20
102	138	93	20
102	139	87	20
102	146	15	20
102	148	95	20
103	101	4	20
103	102	99	20
103	104	97	20
103	106	95	20
103	108	100	20
103	109	100	20
103	111	98	20
103	113	100	20
103	116	93	20
103	117	57	20
103	118	93	20
103	121	100	20
103	122	90	20
103	123	97	20
103	124	97	20
103	130	91	20
103	131	100	20
103	133	100	20
103	138	100	20
103	148	97	20
104	103	99	20
104	106	100	20
104	108	16	20
104	111	99	20
104	112	78	20
104	113	54	20
104	116	94	20
104	121	99	20
104	123	100	20
104	124	100	20
104	125	100	20
104	126	96	20
104	138	32	20
105	100	32	20
105	101	85	20
105	102	98	20
105	107	100	20
105	108	98	20
105	109	97	20
105	113	100	20
105	118	97	20
105	122	98	20
105	125	100	20
105	127	100	20
105	130	100	20
105	131	60	20
105	133	0	20
105	139	82	20
105	141	100	20
105	143	96	20
105	144	99	20
105	146	95	20
105	148	95	20
106	100	99	20
106	101	100	20
106	102	1	20
106	103	91	20
106	104	95	20
106	108	96	20
106	111	93	20
106	116	97	20
106	118	94	20
106	121	99	20
106	123	100	20
106	124	96	20
106	125	79	20
106	126	94	20
106	130	84	20
106	133	94	20
107	100	96	20
107	101	90	20
107	102	100	20
107	105	100	20
107	106	10	20
107	108	95	20
107	109	93	20
107	111	54	20
107	116	82	20
107	118	95	20
107	121	94	20
107	122	95	20
107	123	97	20
107	124	96	20
107	125	4	20
107	127	5	20
107	130	0	20
107	133	100	20
107	148	17	20
108	100	88	20
108	101	100	20
108	102	94	20
108	103	98	20
108	104	6	20
108	105	41	20
108	106	100	20
108	107	94	20
108	109	99	20
108	112	39	20
108	116	96	20
108	117	11	20
108	118	99	20
108	121	93	20
108	122	95	20
108	123	65	20
108	124	92	20
108	125	94	20
108	126	100	20
108	127	97	20
108	130	96	20
108	133	98	20
108	138	96	20
108	139	95	20
108	144	97	20
108	146	93	20
108	148	92	20
109	100	71	20
109	101	99	20
109	102	99	20
109	103	87	20
109	105	94	20
109	107	100	20
109	108	95	20
109	111	78	20
109	112	91	20
109	113	11	20
109	115	90	20
109	116	98	20
109	117	97	20
109	118	100	20
109	122	100	20
109	125	100	20
109	127	99	20
109	131	66	20
109	133	100	20
109	138	95	20
109	139	100	20
109	141	96	20
109	143	99	20
109	144	98	20
109	146	83	20
109	148	100	20
110	112	100	20
110	113	95	20
110	114	98	20
110	115	96	20
110	117	96	20
110	119	98	20
110	120	98	20
110	125	99	20
110	128	93	20
110	130	97	20
110	131	91	20
110	135	97	20
110	137	100	20
110	138	100	20
110	146	100	20
110	149	98	20
111	102	100	20
111	103	100	20
111	104	93	20
111	106	98	20
111	107	86	20
111	109	3	20
111	113	94	20
111	116	98	20
111	117	8	20
111	118	44	20
111	121	91	20
111	123	95	20
111	124	78	20
111	125	2	20
111	126	92	20
111	130	96	20
111	133	96	20
111	138	100	20
111	144	98	20
111	148	12	20
112	104	100	20
112	108	33	20
112	109	97	20
112	110	100	20
112	113	98	20
112	114	100	20
112	115	97	20
112	116	95	20
112	117	93	20
112	118	47	20
112	119	100	20
112	125	100	20
112	126	98	20
112	130	99	20
112	131	95	20
112	135	96	20
112	137	94	20
112	138	88	20
112	139	98	20
112	143	97	20
112	144	6	20
112	146	100	20
112	148	94	20
112	149	100	20
113	102	100	20
113	103	91	20
113	104	29	20
113	105	91	20
113	110	96	20
113	111	83	20
113	112	96	20
113	114	47	20
113	115	100	20
113	116	96	20
113	117	100	20
113	118	14	20
113	119	100	20
113	121	8	20
113	125	96	20
113	126	100	20
113	127	65	20
113	130	96	20
113	131	100	20
113	133	99	20
113	137	8	20
113	138	93	20
113	139	95	20
113	143	93	20
113	144	91	20
113	146	97	20
113	148	83	20
113	149	100	20
114	110	100	20
114	112	99	20
114	113	78	20
114	115	100	20
114	117	98	20
114	119	92	20
114	120	100	20
114	125	0	20
114	128	97	20
114	130	100	20
114	131	61	20
114	135	100	20
114	136	100	20
114	137	99	20
115	110	93	20
115	112	100	20
115	113	96	20
115	114	96	20
115	117	97	20
115	119	95	20
115	125	91	20
115	130	100	20
115	131	92	20
115	135	95	20
115	136	27	20
115	137	96	20
115	138	60	20
115	139	36	20
115	144	1	20
115	149	93	20
116	100	100	20
116	101	99	20
116	102	96	20
116	103	98	20
116	104	94	20
116	106	96	20
116	107	71	20
116	108	100	20
116	109	94	20
116	111	100	20
116	112	91	20
116	113	100	20
116	117	100	20
116	118	98	20
116	121	93	20
116	122	94	20
116	123	19	20
116	124	72	20
116	125	100	20
116	126	89	20
116	130	100	20
116	133	100	20
116	138	100	20
116	144	99	20
116	146	24	20
116	148	97	20
117	103	93	20
117	108	9	20
117	109	37	20
117	110	100	20
117	111	5	20
117	112	98	20
117	113	95	20
117	114	99	20
117	115	100	20
117	116	98	20
117	118	98	20
117	119	92	20
117	120	0	20
117	125	89	20
117	126	91	20
117	130	96	20
117	131	96	20
117	133	96	20
117	137	64	20
117	138	98	20
117	143	7	20
117	144	97	20
117	146	96	20
117	148	96	20
117	149	97	20
118	100	95	20
118	101	100	20
118	102	96	20
118	103	92	20
118	104	1	20
118	105	92	20
118	106	97	20
118	107	94	20
118	108	100	20
118	111	12	20
118	112	4	20
118	116	100	20
118	117	100	20
118	121	94	20
118	122	67	20
118	123	100	20
118	124	100	20
118	125	97	20
118	126	0	20
118	127	100	20
118	130	87	20
118	131	87	20
118	133	100	20
118	144	100	20
118	148	100	20
119	110	100	20
119	112	100	20
119	113	98	20
119	114	100	20
119	115	91	20
119	117	100	20
119	120	100	20
119	125	96	20
119	128	100	20
119	131	93	20
119	135	100	20
119	136	97	20
119	137	93	20
119	144	96	20
119	148	94	20
119	149	96	20
120	110	100	20
120	114	91	20
120	117	12	20
120	119	96	20
120	128	100	20
120	129	97	20
120	135	67	20
120	136	95	20
120	142	62	20
121	100	83	20
121	101	96	20
121	102	100	20
121	103	96	20
121	104	99	20
121	106	98	20
121	107	97	20
121	108	99	20
121	111	96	20
121	113	37	20
121	116	100	20
121	118	99	20
121	122	97	20
121	123	97	20
121	124	95	20
121	126	99	20
121	127	3	20
121	130	99	20
121	133	88	20
121	138	100	20
122	100	97	20
122	101	98	20
122	102	91	20
122	103	92	20
122	105	92	20
122	107	98	20
122	108	99	20
122	109	93	20
122	116	98	20
122	117	80	20
122	118	100	20
122	121	93	20
122	123	38	20
122	125	99	20
122	127	100	20
122	131	0	20
122	133	52	20
122	139	46	20
122	143	90	20
122	144	96	20
122	146	94	20
123	101	100	20
123	103	92	20
123	104	98	20
123	106	97	20
123	107	95	20
123	108	92	20
123	111	100	20
123	116	38	20
123	118	100	20
123	121	100	20
123	124	100	20
123	125	100	20
123	126	95	20
123	130	67	20
123	138	99	20
123	148	97	20
124	102	96	20
124	103	100	20
124	104	32	20
124	106	99	20
124	107	93	20
124	108	95	20
124	111	95	20
124	116	94	20
124	118	98	20
124	121	94	20
124	123	94	20
124	125	12	20
124	126	95	20
124	133	100	20
124	138	74	20
125	102	94	20
125	104	95	20
125	105	75	20
125	106	22	20
125	108	65	20
125	109	97	20
125	110	95	20
125	112	98	20
125	113	86	20
125	114	15	20
125	115	96	20
125	116	98	20
125	117	96	20
125	118	90	20
125	119	15	20
125	123	97	20
125	124	10	20
125	126	93	20
125	130	91	20
125	131	96	20
125	133	100	20
125	138	100	20
125	139	100	20
125	144	100	20
125	146	100	20
125	148	99	20
126	102	100	20
126	104	95	20
126	106	96	20
126	108	97	20
126	111	96	20
126	112	98	20
126	113	100	20
126	116	100	20
126	117	100	20
126	121	95	20
126	123	97	20
126	124	95	20
126	125	94	20
126	130	100	20
126	138	96	20
126	146	100	20
126	148	100	20
127	100	93	20
127	101	99	20
127	102	100	20
127	105	91	20
127	107	100	20
127	108	100	20
127	109	97	20
127	112	0	20
127	113	92	20
127	116	0	20
127	118	92	20
127	121	15	20
127	122	97	20
127	125	78	20
127	133	97	20
127	138	34	20
127	139	100	20
127	143	59	20
127	144	96	20
128	110	88	20
128	114	100	20
128	119	100	20
128	120	100	20
128	129	100	20
128	131	100	20
128	135	17	20
128	136	34	20
128	142	100	20
128	149	100	20
129	114	93	20
129	120	99	20
129	128	99	20
129	131	6	20
129	136	100	20
129	139	58	20
129	140	88	20
129	141	99	20
129	142	98	20
129	143	24	20
129	147	63	20
130	102	96	20
130	103	89	20
130	105	45	20
130	106	30	20
130	107	14	20
130	108	98	20
130	110	100	20
130	111	91	20
130	112	100	20
130	113	95	20
130	114	83	20
130	115	100	20
130	116	100	20
130	117	96	20
130	118	47	20
130	121	93	20
130	123	27	20
130	125	97	20
130	126	92	20
130	131	96	20
130	133	100	20
130	135	37	20
130	138	99	20
130	139	97	20
130	144	100	20
130	146	100	20
130	148	100	20
130	149	100	20
131	103	82	20
131	110	95	20
131	112	100	20
131	113	100	20
131	114	98	20
131	115	100	20
131	117	100	20
131	118	77	20
131	119	100	20
131	125	93	20
131	128	98	20
131	130	100	20
131	133	58	20
131	135	98	20
131	138	17	20
131	139	93	20
131	140	100	20
131	141	100	20
131	143	12	20
131	144	11	20
131	146	0	20
131	147	100	20
131	149	95	20
132	114	100	20
132	115	95	20
132	119	96	20
132	120	99	20
132	128	100	20
132	129	100	20
132	135	91	20
132	136	100	20
132	137	96	20
132	142	10	20
132	149	92	20
133	100	95	20
133	101	35	20
133	102	100	20
133	103	98	20
133	104	10	20
133	106	100	20
133	107	82	20
133	108	93	20
133	109	93	20
133	111	95	20
133	113	93	20
133	116	96	20
133	117	100	20
133	118	100	20
133	121	100	20
133	124	96	20
133	125	98	20
133	127	99	20
133	130	97	20
133	131	93	20
133	138	100	20
133	144	96	20
133	146	96	20
133	148	93	20
135	110	98	20
135	112	99	20
135	114	96	20
135	115	100	20
135	119	97	20
135	120	10	20
135	130	84	20
135	131	96	20
135	136	100	20
135	137	98	20
135	149	8	20
136	114	96	20
136	115	8	20
136	119	100	20
136	120	89	20
136	128	11	20
136	129	100	20
136	135	97	20
136	137	97	20
137	110	97	20
137	112	98	20
137	113	84	20
137	114	96	20
137	115	98	20
137	117	44	20
137	119	95	20
137	135	97	20
137	136	100	20
138	102	98	20
138	103	100	20
138	105	3	20
138	106	10	20
138	108	99	20
138	109	92	20
138	110	90	20
138	111	94	20
138	112	100	20
138	113	96	20
138	115	25	20
138	116	94	20
138	117	100	20
138	121	96	20
138	123	100	20
138	124	64	20
138	125	91	20
138	126	99	20
138	130	100	20
138	131	1	20
138	133	91	20
138	144	97	20
138	146	0	20
138	148	97	20
138	149	89	20
139	102	64	20
139	105	13	20
139	108	99	20
139	109	99	20
139	112	98	20
139	113	96	20
139	114	0	20
139	115	86	20
139	116	54	20
139	125	99	20
139	127	97	20
139	129	38	20
139	130	100	20
139	131	96	20
139	140	96	20
139	141	100	20
139	142	100	20
139	143	97	20
139	144	92	20
139	146	100	20
139	147	96	20
139	148	96	20
139	149	100	20
140	129	89	20
140	131	91	20
140	139	99	20
140	141	87	20
140	142	100	20
140	143	100	20
140	147	88	20
140	149	94	20
141	105	84	20
141	109	96	20
141	113	20	20
141	119	4	20
141	129	91	20
141	131	100	20
141	139	94	20
141	140	98	20
141	142	92	20
141	143	96	20
141	144	98	20
141	146	100	20
141	147	100	20
141	148	89	20
141	149	96	20
142	114	0	20
142	120	69	20
142	128	97	20
142	129	98	20
142	139	95	20
142	140	100	20
142	141	95	20
142	143	100	20
142	146	26	20
142	147	93	20
143	105	100	20
143	109	90	20
143	112	91	20
143	113	100	20
143	117	3	20
143	122	92	20
143	129	97	20
143	130	15	20
143	131	50	20
143	139	96	20
143	140	97	20
143	141	97	20
143	142	97	20
143	144	94	20
143	146	99	20
143	147	100	20
143	148	98	20
144	100	93	20
144	101	39	20
144	102	19	20
144	105	99	20
144	108	91	20
144	109	94	20
144	111	86	20
144	113	97	20
144	116	98	20
144	117	94	20
144	118	100	20
144	119	5	20
144	122	98	20
144	125	100	20
144	126	0	20
144	127	95	20
144	130	95	20
144	133	95	20
144	138	100	20
144	139	100	20
144	141	96	20
144	143	94	20
144	146	91	20
144	148	100	20
144	149	53	20
146	101	67	20
146	102	88	20
146	105	97	20
146	108	94	20
146	109	59	20
146	110	95	20
146	112	95	20
146	113	100	20
146	116	37	20
146	117	91	20
146	122	45	20
146	125	95	20
146	126	97	20
146	130	91	20
146	138	55	20
146	139	89	20
146	141	97	20
146	142	23	20
146	143	93	20
146	144	100	20
146	148	97	20
146	149	93	20
147	131	97	20
147	139	92	20
147	140	94	20
147	141	94	20
147	142	96	20
147	143	96	20
148	102	98	20
148	103	100	20
148	105	100	20
148	107	0	20
148	108	80	20
148	109	100	20
148	112	51	20
148	113	100	20
148	116	100	20
148	117	100	20
148	118	100	20
148	119	87	20
148	123	96	20
148	125	100	20
148	126	100	20
148	130	100	20
148	133	88	20
148	138	93	20
148	139	100	20
148	140	10	20
148	141	34	20
148	143	94	20
148	144	92	20
148	146	98	20
148	149	98	20
149	110	96	20
149	112	100	20
149	113	91	20
149	115	94	20
149	117	100	20
149	119	98	20
149	128	100	20
149	130	96	20
149	131	100	20
149	135	69	20
149	138	98	20
149	139	100	20
149	140	99	20
149	141	100	20
149	144	58	20
149	146	98	20
149	148	100	20
100	101	92	15
100	102	8	15
100	105	57	15
100	107	87	15
100	109	68	15
100	118	76	15
100	121	84	15
100	122	100	15
100	124	8	15
100	127	93	15
100	133	2	15
101	100	100	15
101	102	89	15
101	103	97	15
101	105	94	15
101	106	74	15
101	107	93	15
101	108	88	15
101	109	97	15
101	116	85	15
101	118	77	15
101	121	50	15
101	122	97	15
101	123	86	15
101	124	52	15
101	127	100	15
101	133	10	15
101	144	75	15
102	100	0	15
102	101	78	15
102	103	84	15
102	105	83	15
102	107	95	15
102	108	99	15
102	109	77	15
102	112	89	15
102	113	96	15
102	116	87	15
102	117	94	15
102	118	94	15
102	122	80	15
102	125	83	15
102	127	84	15
102	130	100	15
102	131	4	15
102	133	96	15
102	138	90	15
102	139	93	15
102	144	100	15
102	146	96	15
102	148	20	15
103	100	4	15
103	101	75	15
103	102	9	15
103	104	80	15
103	106	81	15
103	108	93	15
103	109	88	15
103	111	94	15
103	113	34	15
103	116	89	15
103	118	82	15
103	121	83	15
103	123	79	15
103	124	85	15
103	125	100	15
103	126	97	15
103	127	66	15
103	130	85	15
103	131	89	15
103	133	89	15
103	138	93	15
103	144	80	15
103	148	87	15
104	103	80	15
104	106	83	15
104	111	100	15
104	116	61	15
104	118	81	15
104	121	96	15
104	123	97	15
104	125	100	15
104	126	87	15
104	138	97	15
105	100	69	15
105	101	88	15
105	102	94	15
105	107	20	15
105	108	73	15
105	109	98	15
105	113	99	15
105	116	80	15
105	118	65	15
105	121	5	15
105	122	100	15
105	126	32	15
105	127	97	15
105	133	78	15
105	138	15	15
105	139	13	15
105	141	7	15
105	143	72	15
105	144	92	15
105	146	88	15
105	148	65	15
106	101	84	15
106	103	84	15
106	104	98	15
106	107	16	15
106	108	91	15
106	111	96	15
106	116	78	15
106	117	20	15
106	118	94	15
106	121	91	15
106	123	97	15
106	124	90	15
106	126	79	15
106	133	32	15
106	138	89	15
107	100	91	15
107	101	99	15
107	102	94	15
107	105	0	15
107	108	85	15
107	109	95	15
107	111	17	15
107	116	6	15
107	118	86	15
107	121	92	15
107	122	99	15
107	124	81	15
107	127	100	15
107	133	94	15
107	144	98	15
108	100	0	15
108	101	97	15
108	102	89	15
108	103	94	15
108	105	94	15
108	106	91	15
108	107	88	15
108	109	92	15
108	111	80	15
108	112	61	15
108	113	49	15
108	116	98	15
108	117	19	15
108	118	96	15
108	121	83	15
108	122	100	15
108	124	0	15
108	125	74	15
108	126	54	15
108	127	80	15
108	130	54	15
108	133	80	15
108	138	35	15
108	139	10	15
108	144	100	15
108	146	93	15
108	148	96	15
109	100	90	15
109	101	83	15
109	102	97	15
109	103	67	15
109	105	97	15
109	107	84	15
109	108	88	15
109	113	94	15
109	116	100	15
109	117	66	15
109	118	13	15
109	122	96	15
109	125	83	15
109	127	94	15
109	130	85	15
109	133	75	15
109	138	80	15
109	139	85	15
109	143	100	15
109	144	94	15
109	146	99	15
109	147	0	15
109	148	10	15
110	112	95	15
110	113	100	15
110	114	92	15
110	115	96	15
110	117	94	15
110	119	97	15
110	125	99	15
110	128	95	15
110	130	85	15
110	131	87	15
110	135	100	15
110	137	96	15
110	146	38	15
110	149	96	15
111	103	80	15
111	104	96	15
111	106	97	15
111	107	62	15
111	108	60	15
111	113	79	15
111	116	92	15
111	118	73	15
111	121	92	15
111	123	96	15
111	124	93	15
111	125	87	15
111	126	97	15
111	130	58	15
111	138	96	15
111	144	40	15
111	148	92	15
112	102	75	15
112	108	72	15
112	109	14	15
112	110	100	15
112	113	100	15
112	114	11	15
112	115	100	15
112	116	85	15
112	117	100	15
112	125	84	15
112	126	65	15
112	130	92	15
112	131	98	15
112	133	54	15
112	135	100	15
112	138	88	15
112	139	24	15
112	143	81	15
112	144	98	15
112	146	10	15
112	148	93	15
113	102	79	15
113	105	92	15
113	108	46	15
113	109	92	15
113	110	94	15
113	111	39	15
113	112	100	15
113	116	63	15
113	117	97	15
113	118	67	15
113	121	23	15
113	125	98	15
113	126	77	15
113	127	71	15
113	130	100	15
113	131	93	15
113	133	7	15
113	138	83	15
113	139	86	15
113	143	68	15
113	144	57	15
113	146	100	15
113	148	94	15
113	149	81	15
114	110	100	15
114	113	15	15
114	115	98	15
114	117	95	15
114	119	98	15
114	120	100	15
114	128	100	15
114	130	100	15
114	131	100	15
114	135	99	15
114	136	99	15
114	137	99	15
114	139	13	15
114	148	0	15
114	149	100	15
115	110	88	15
115	112	95	15
115	114	96	15
115	117	99	15
115	119	98	15
115	125	96	15
115	130	96	15
115	131	90	15
115	135	98	15
115	144	78	15
115	146	90	15
115	149	94	15
116	101	78	15
116	102	83	15
116	103	97	15
116	104	57	15
116	105	91	15
116	106	49	15
116	107	77	15
116	108	83	15
116	109	90	15
116	111	46	15
116	112	99	15
116	113	97	15
116	117	97	15
116	118	73	15
116	121	55	15
116	122	93	15
116	123	78	15
116	124	91	15
116	125	96	15
116	126	97	15
116	127	54	15
116	130	97	15
116	131	90	15
116	133	100	15
116	138	100	15
116	139	87	15
116	144	83	15
116	146	91	15
116	148	99	15
117	102	89	15
117	108	41	15
117	109	91	15
117	110	90	15
117	112	96	15
117	113	100	15
117	114	89	15
117	115	100	15
117	116	83	15
117	119	100	15
117	121	67	15
117	122	16	15
117	125	100	15
117	126	11	15
117	128	7	15
117	130	97	15
117	131	95	15
117	133	81	15
117	138	100	15
117	139	24	15
117	144	46	15
117	146	100	15
117	148	87	15
117	149	100	15
118	100	87	15
118	101	86	15
118	102	81	15
118	103	81	15
118	104	70	15
118	106	79	15
118	107	100	15
118	108	89	15
118	109	2	15
118	111	66	15
118	113	78	15
118	116	90	15
118	121	92	15
118	122	99	15
118	123	15	15
118	124	74	15
118	125	100	15
118	126	67	15
118	127	90	15
118	131	11	15
118	133	100	15
118	146	21	15
118	148	81	15
119	110	98	15
119	114	97	15
119	115	97	15
119	117	100	15
119	120	54	15
119	125	99	15
119	128	96	15
119	129	62	15
119	130	83	15
119	135	100	15
119	136	100	15
119	137	97	15
119	139	29	15
119	144	3	15
119	148	4	15
119	149	94	15
120	114	36	15
120	119	87	15
120	128	1	15
120	129	54	15
120	135	9	15
120	136	98	15
120	142	5	15
121	100	88	15
121	101	18	15
121	103	96	15
121	104	94	15
121	106	90	15
121	107	93	15
121	108	99	15
121	111	86	15
121	113	14	15
121	116	71	15
121	117	29	15
121	118	86	15
121	122	87	15
121	123	95	15
121	124	94	15
121	125	58	15
121	126	99	15
121	133	80	15
121	138	87	15
122	100	96	15
122	101	96	15
122	102	86	15
122	105	89	15
122	107	96	15
122	108	97	15
122	109	100	15
122	113	0	15
122	116	92	15
122	117	48	15
122	118	86	15
122	121	84	15
122	127	93	15
122	130	14	15
122	133	86	15
122	138	21	15
122	139	5	15
122	143	92	15
122	144	97	15
122	148	12	15
123	101	83	15
123	103	85	15
123	104	100	15
123	106	86	15
123	107	9	15
123	111	97	15
123	116	89	15
123	118	32	15
123	121	86	15
123	124	91	15
123	125	13	15
123	126	96	15
123	138	89	15
123	148	82	15
124	100	4	15
124	101	84	15
124	103	72	15
124	106	100	15
124	107	66	15
124	111	91	15
124	116	1	15
124	118	83	15
124	121	100	15
124	123	93	15
124	126	42	15
124	133	62	15
125	102	80	15
125	103	92	15
125	104	91	15
125	108	78	15
125	109	59	15
125	110	95	15
125	111	84	15
125	112	42	15
125	113	88	15
125	115	99	15
125	116	85	15
125	117	99	15
125	118	86	15
125	119	97	15
125	123	7	15
125	126	95	15
125	127	30	15
125	130	100	15
125	131	90	15
125	133	87	15
125	138	100	15
125	144	94	15
125	146	96	15
125	148	100	15
125	149	62	15
126	103	95	15
126	104	95	15
126	106	88	15
126	111	96	15
126	112	13	15
126	113	92	15
126	116	90	15
126	118	31	15
126	121	85	15
126	123	95	15
126	125	99	15
126	130	77	15
126	138	100	15
126	144	94	15
126	146	96	15
127	100	100	15
127	101	100	15
127	102	100	15
127	103	88	15
127	105	98	15
127	107	94	15
127	109	100	15
127	113	86	15
127	116	3	15
127	118	82	15
127	122	100	15
127	125	87	15
127	133	93	15
127	143	58	15
127	144	97	15
127	148	98	15
128	110	95	15
128	113	0	15
128	114	100	15
128	117	2	15
128	119	92	15
128	129	100	15
128	131	92	15
128	135	100	15
128	136	83	15
128	141	3	15
128	142	100	15
128	149	94	15
129	119	88	15
129	120	10	15
129	128	100	15
129	131	25	15
129	136	90	15
129	140	17	15
129	141	83	15
129	142	87	15
129	143	0	15
129	147	7	15
129	149	89	15
130	102	85	15
130	103	89	15
130	105	23	15
130	108	40	15
130	109	98	15
130	110	96	15
130	111	62	15
130	112	93	15
130	113	100	15
130	114	100	15
130	115	100	15
130	116	88	15
130	117	96	15
130	119	100	15
130	125	87	15
130	126	86	15
130	131	95	15
130	133	87	15
130	138	97	15
130	139	100	15
130	141	11	15
130	146	100	15
130	148	100	15
130	149	95	15
131	103	82	15
131	110	88	15
131	112	98	15
131	113	94	15
131	114	94	15
131	115	97	15
131	116	78	15
131	117	92	15
131	125	92	15
131	128	91	15
131	129	27	15
131	130	100	15
131	139	89	15
131	140	85	15
131	141	100	15
131	142	85	15
131	143	81	15
131	147	94	15
131	149	99	15
132	110	78	15
132	114	94	15
132	115	10	15
132	119	100	15
132	120	100	15
132	128	89	15
132	135	98	15
132	136	98	15
132	142	14	15
132	149	67	15
133	100	85	15
133	101	75	15
133	102	93	15
133	103	90	15
133	105	99	15
133	106	1	15
133	107	75	15
133	108	96	15
133	109	94	15
133	111	22	15
133	112	1	15
133	113	31	15
133	116	94	15
133	117	100	15
133	118	97	15
133	121	99	15
133	122	95	15
133	123	32	15
133	124	80	15
133	125	82	15
133	127	88	15
133	130	93	15
133	138	5	15
133	139	69	15
133	144	94	15
133	146	21	15
133	148	89	15
135	110	99	15
135	112	93	15
135	114	100	15
135	115	100	15
135	119	92	15
135	128	94	15
135	136	97	15
135	137	99	15
136	114	98	15
136	119	100	15
136	120	98	15
136	128	99	15
136	129	93	15
136	135	100	15
136	142	19	15
137	110	97	15
137	112	38	15
137	114	95	15
137	115	35	15
137	117	85	15
137	119	97	15
137	120	31	15
137	135	97	15
137	136	88	15
137	149	52	15
138	102	78	15
138	103	85	15
138	104	79	15
138	105	4	15
138	106	90	15
138	109	12	15
138	111	94	15
138	112	96	15
138	113	100	15
138	116	89	15
138	117	95	15
138	121	88	15
138	123	76	15
138	125	100	15
138	126	91	15
138	130	90	15
138	133	21	15
138	139	21	15
138	144	66	15
138	146	7	15
138	148	84	15
138	149	98	15
139	102	82	15
139	109	77	15
139	112	85	15
139	113	96	15
139	114	0	15
139	116	91	15
139	117	59	15
139	119	16	15
139	122	6	15
139	130	86	15
139	131	93	15
139	133	43	15
139	138	77	15
139	140	74	15
139	141	96	15
139	142	78	15
139	143	98	15
139	144	96	15
139	146	100	15
139	147	66	15
139	148	98	15
139	149	91	15
140	129	2	15
140	131	96	15
140	139	83	15
140	141	88	15
140	142	97	15
140	143	85	15
140	147	66	15
140	149	0	15
141	109	28	15
141	112	89	15
141	128	62	15
141	129	79	15
141	130	76	15
141	131	100	15
141	139	100	15
141	140	98	15
141	142	96	15
141	143	79	15
141	144	100	15
141	146	99	15
141	147	93	15
141	148	95	15
141	149	60	15
142	128	99	15
142	129	48	15
142	131	87	15
142	136	17	15
142	139	98	15
142	140	95	15
142	141	98	15
142	143	80	15
142	147	92	15
143	105	91	15
143	109	100	15
143	112	97	15
143	113	82	15
143	122	85	15
143	125	20	15
143	127	49	15
143	129	9	15
143	131	96	15
143	139	99	15
143	140	96	15
143	141	27	15
143	142	93	15
143	144	91	15
143	146	67	15
143	147	98	15
143	149	98	15
144	101	76	15
144	102	88	15
144	103	67	15
144	105	96	15
144	107	85	15
144	108	83	15
144	109	90	15
144	110	0	15
144	112	83	15
144	113	90	15
144	115	74	15
144	116	68	15
144	117	13	15
144	118	4	15
144	122	93	15
144	125	100	15
144	126	90	15
144	127	92	15
144	131	53	15
144	133	60	15
144	138	81	15
144	139	85	15
144	141	83	15
144	143	90	15
144	146	100	15
144	148	100	15
144	149	95	15
146	101	10	15
146	102	87	15
146	103	4	15
146	105	70	15
146	107	44	15
146	108	100	15
146	109	99	15
146	110	96	15
146	111	45	15
146	113	100	15
146	115	89	15
146	116	73	15
146	117	94	15
146	118	79	15
146	121	10	15
146	125	94	15
146	126	95	15
146	130	94	15
146	131	100	15
146	133	67	15
146	138	90	15
146	139	94	15
146	141	87	15
146	142	2	15
146	143	91	15
146	144	97	15
146	147	1	15
146	148	95	15
146	149	94	15
147	128	40	15
147	129	16	15
147	131	67	15
147	139	86	15
147	140	71	15
147	141	64	15
147	142	100	15
147	143	92	15
148	103	94	15
148	105	38	15
148	108	91	15
148	109	29	15
148	111	91	15
148	112	96	15
148	113	96	15
148	114	29	15
148	115	2	15
148	116	83	15
148	117	94	15
148	118	93	15
148	119	16	15
148	123	86	15
148	125	95	15
148	127	83	15
148	130	97	15
148	131	6	15
148	133	100	15
148	138	100	15
148	139	97	15
148	141	93	15
148	143	7	15
148	144	98	15
148	146	98	15
148	149	98	15
149	110	100	15
149	113	81	15
149	114	100	15
149	115	91	15
149	117	91	15
149	119	96	15
149	125	54	15
149	128	100	15
149	129	24	15
149	130	96	15
149	131	97	15
149	138	80	15
149	139	87	15
149	144	86	15
149	146	91	15
149	147	5	15
149	148	90	15
