100	101	99	26
100	102	94	26
100	105	96	26
100	106	51	26
100	107	95	26
100	108	97	26
100	109	94	26
100	118	94	26
100	122	96	26
100	127	95	26
100	133	73	26
101	100	97	26
101	102	94	26
101	105	100	26
101	106	97	26
101	107	95	26
101	108	94	26
101	109	95	26
101	116	100	26
101	121	94	26
101	122	97	26
101	127	98	26
101	133	97	26
101	148	14	26
102	100	98	26
102	101	93	26
102	103	98	26
102	105	97	26
102	107	95	26
102	108	99	26
102	109	100	26
102	112	98	26
102	113	100	26
102	115	2	26
102	116	97	26
102	118	90	26
102	122	99	26
102	125	19	26
102	126	84	26
102	127	99	26
102	133	100	26
102	138	98	26
102	139	93	26
102	144	100	26
102	146	59	26
102	148	100	26
103	102	100	26
103	104	96	26
103	106	96	26
103	107	94	26
103	108	91	26
103	111	100	26
103	113	100	26
103	116	94	26
103	117	9	26
103	118	95	26
103	121	100	26
103	123	100	26
103	124	91	26
103	125	97	26
103	126	100	26
103	130	96	26
103	131	100	26
103	133	88	26
103	138	100	26
103	146	49	26
103	148	96	26
104	103	95	26
104	106	93	26
104	108	14	26
104	111	95	26
104	112	78	26
104	118	87	26
104	121	92	26
104	123	100	26
104	124	90	26
104	126	99	26
104	138	97	26
105	100	98	26
105	101	99	26
105	102	96	26
105	108	95	26
105	109	98	26
105	113	100	26
105	116	21	26
105	118	94	26
105	122	100	26
105	127	97	26
105	130	100	26
105	133	75	26
105	138	13	26
105	139	96	26
105	141	95	26
105	143	94	26
105	144	98	26
105	146	100	26
106	100	3	26
106	101	13	26
106	103	92	26
106	104	100	26
106	108	57	26
106	109	3	26
106	111	99	26
106	116	8	26
106	118	95	26
106	121	100	26
106	122	14	26
106	123	100	26
106	124	100	26
106	125	88	26
106	126	100	26
106	133	97	26
106	138	100	26
107	100	97	26
107	101	99	26
107	102	96	26
107	103	99	26
107	108	100	26
107	109	87	26
107	116	89	26
107	118	96	26
107	121	94	26
107	122	97	26
107	124	94	26
107	125	5	26
107	127	95	26
107	144	92	26
108	100	97	26
108	101	97	26
108	102	100	26
108	103	100	26
108	104	67	26
108	105	100	26
108	106	90	26
108	107	100	26
108	109	100	26
108	111	25	26
108	113	9	26
108	116	100	26
108	117	65	26
108	118	100	26
108	121	97	26
108	122	100	26
108	123	98	26
108	125	93	26
108	127	98	26
108	130	3	26
108	133	100	26
108	138	99	26
108	139	88	26
108	144	94	26
108	148	95	26
109	100	94	26
109	101	96	26
109	102	100	26
109	105	97	26
109	106	66	26
109	107	92	26
109	108	98	26
109	112	99	26
109	116	100	26
109	117	99	26
109	122	100	26
109	125	99	26
109	126	92	26
109	127	99	26
109	130	99	26
109	131	46	26
109	133	92	26
109	138	98	26
109	139	38	26
109	143	71	26
109	144	100	26
109	147	3	26
109	148	99	26
110	112	99	26
110	113	100	26
110	114	99	26
110	115	100	26
110	119	100	26
110	125	100	26
110	128	100	26
110	130	99	26
110	131	100	26
110	135	100	26
110	136	0	26
110	137	99	26
110	139	19	26
110	146	100	26
110	149	100	26
111	103	99	26
111	104	100	26
111	106	97	26
111	113	94	26
111	116	95	26
111	117	97	26
111	118	91	26
111	121	96	26
111	123	96	26
111	124	91	26
111	125	59	26
111	126	100	26
111	133	91	26
111	138	100	26
111	148	93	26
112	102	93	26
112	104	45	26
112	109	86	26
112	110	96	26
112	113	100	26
112	115	88	26
112	116	100	26
112	117	97	26
112	119	100	26
112	125	100	26
112	128	100	26
112	130	100	26
112	131	100	26
112	133	96	26
112	138	100	26
112	139	7	26
112	144	3	26
112	146	54	26
112	148	98	26
112	149	97	26
113	102	96	26
113	103	96	26
113	105	18	26
113	110	100	26
113	111	83	26
113	112	100	26
113	115	96	26
113	116	94	26
113	117	99	26
113	118	99	26
113	119	96	26
113	121	92	26
113	122	97	26
113	125	98	26
113	130	100	26
113	131	97	26
113	133	94	26
113	138	97	26
113	139	99	26
113	143	12	26
113	144	100	26
113	146	99	26
113	148	100	26
113	149	97	26
114	110	100	26
114	115	27	26
114	117	34	26
114	119	100	26
114	120	100	26
114	125	58	26
114	128	100	26
114	129	32	26
114	130	37	26
114	135	100	26
114	136	98	26
114	137	98	26
114	146	18	26
115	110	96	26
115	112	33	26
115	113	100	26
115	114	7	26
115	117	96	26
115	119	96	26
115	125	97	26
115	128	1	26
115	130	94	26
115	131	100	26
115	138	91	26
115	141	4	26
115	146	97	26
115	149	100	26
116	101	96	26
116	102	97	26
116	103	95	26
116	104	5	26
116	107	84	26
116	108	91	26
116	109	93	26
116	111	99	26
116	112	100	26
116	113	94	26
116	115	7	26
116	117	96	26
116	118	100	26
116	122	91	26
116	123	74	26
116	125	98	26
116	126	100	26
116	127	92	26
116	130	98	26
116	133	80	26
116	138	95	26
116	139	91	26
116	144	94	26
116	146	96	26
116	148	98	26
116	149	25	26
117	108	49	26
117	109	96	26
117	110	17	26
117	111	96	26
117	112	100	26
117	113	100	26
117	115	96	26
117	116	98	26
117	118	6	26
117	119	100	26
117	120	2	26
117	125	100	26
117	126	94	26
117	130	100	26
117	131	100	26
117	133	94	26
117	135	74	26
117	137	98	26
117	138	100	26
117	139	29	26
117	144	97	26
117	146	100	26
117	148	98	26
117	149	100	26
118	100	98	26
118	102	97	26
118	103	99	26
118	104	98	26
118	105	6	26
118	106	97	26
118	107	97	26
118	108	95	26
118	111	100	26
118	112	5	26
118	113	100	26
118	116	100	26
118	117	11	26
118	121	94	26
118	122	97	26
118	123	95	26
118	124	90	26
118	125	98	26
118	126	83	26
118	127	10	26
118	130	97	26
118	131	0	26
118	133	100	26
118	138	100	26
118	144	99	26
118	146	96	26
119	110	97	26
119	112	98	26
119	113	100	26
119	114	100	26
119	115	98	26
119	117	94	26
119	120	96	26
119	128	100	26
119	129	97	26
119	130	52	26
119	131	100	26
119	135	99	26
119	136	96	26
119	137	100	26
119	139	0	26
119	144	25	26
119	146	98	26
119	148	98	26
119	149	99	26
120	114	100	26
120	119	90	26
120	128	99	26
120	129	94	26
120	135	98	26
120	136	100	26
120	142	99	26
121	101	96	26
121	103	100	26
121	104	96	26
121	106	99	26
121	107	94	26
121	108	90	26
121	111	99	26
121	113	99	26
121	118	97	26
121	123	97	26
121	124	92	26
121	125	14	26
121	126	96	26
121	133	90	26
121	138	95	26
121	148	1	26
122	100	98	26
122	101	100	26
122	102	100	26
122	105	97	26
122	106	96	26
122	107	91	26
122	108	100	26
122	109	100	26
122	113	99	26
122	116	96	26
122	117	86	26
122	118	100	26
122	121	2	26
122	123	86	26
122	124	94	26
122	125	96	26
122	127	97	26
122	130	7	26
122	133	100	26
122	139	54	26
122	143	90	26
122	144	94	26
122	148	93	26
123	103	95	26
123	104	98	26
123	106	100	26
123	108	94	26
123	111	100	26
123	112	0	26
123	116	53	26
123	118	91	26
123	121	100	26
123	122	2	26
123	124	99	26
123	126	97	26
123	130	47	26
123	133	31	26
123	138	100	26
123	148	54	26
124	103	94	26
124	104	94	26
124	106	100	26
124	107	98	26
124	111	95	26
124	118	94	26
124	121	94	26
124	123	100	26
124	126	77	26
124	138	33	26
125	102	54	26
125	103	98	26
125	106	17	26
125	108	84	26
125	109	94	26
125	110	100	26
125	111	55	26
125	112	100	26
125	113	100	26
125	114	1	26
125	115	100	26
125	116	95	26
125	117	97	26
125	118	94	26
125	121	19	26
125	122	69	26
125	126	100	26
125	127	1	26
125	130	98	26
125	131	100	26
125	133	100	26
125	138	100	26
125	139	3	26
125	144	16	26
125	148	91	26
125	149	100	26
126	102	97	26
126	103	100	26
126	104	96	26
126	106	98	26
126	109	55	26
126	110	2	26
126	111	100	26
126	113	83	26
126	116	93	26
126	117	99	26
126	118	95	26
126	121	95	26
126	123	99	26
126	124	99	26
126	125	98	26
126	133	4	26
126	138	100	26
126	144	93	26
126	146	99	26
126	148	99	26
127	100	97	26
127	101	96	26
127	102	100	26
127	105	100	26
127	107	100	26
127	108	100	26
127	109	96	26
127	113	92	26
127	116	98	26
127	118	87	26
127	122	99	26
127	125	72	26
127	133	61	26
127	143	14	26
127	144	100	26
127	146	87	26
127	148	100	26
128	110	61	26
128	112	89	26
128	114	100	26
128	115	4	26
128	119	100	26
128	120	100	26
128	129	97	26
128	135	98	26
128	136	5	26
128	142	100	26
128	149	98	26
129	114	52	26
129	119	96	26
129	120	100	26
129	128	98	26
129	131	100	26
129	135	1	26
129	136	100	26
129	140	85	26
129	142	100	26
129	147	100	26
130	103	96	26
130	105	53	26
130	109	97	26
130	110	97	26
130	112	100	26
130	113	96	26
130	114	9	26
130	115	100	26
130	116	91	26
130	117	100	26
130	118	93	26
130	119	28	26
130	123	39	26
130	125	100	26
130	131	100	26
130	138	95	26
130	139	100	26
130	141	39	26
130	143	86	26
130	144	98	26
130	146	98	26
130	148	100	26
130	149	72	26
131	103	92	26
131	110	100	26
131	112	100	26
131	113	100	26
131	115	97	26
131	117	100	26
131	119	98	26
131	125	97	26
131	128	7	26
131	129	30	26
131	130	96	26
131	138	30	26
131	139	97	26
131	140	100	26
131	141	97	26
131	142	98	26
131	143	94	26
131	144	89	26
131	146	100	26
131	147	11	26
131	148	94	26
131	149	100	26
132	110	78	26
132	112	7	26
132	114	100	26
132	115	97	26
132	119	100	26
132	120	100	26
132	129	96	26
132	135	100	26
132	136	100	26
132	137	100	26
133	100	14	26
133	101	97	26
133	102	100	26
133	103	90	26
133	106	100	26
133	108	94	26
133	109	70	26
133	111	100	26
133	112	100	26
133	113	100	26
133	116	64	26
133	117	96	26
133	118	100	26
133	121	100	26
133	122	99	26
133	123	61	26
133	125	97	26
133	127	3	26
133	138	100	26
133	144	97	26
133	146	99	26
133	148	100	26
135	110	100	26
135	114	96	26
135	117	97	26
135	119	100	26
135	120	96	26
135	128	100	26
135	136	100	26
135	137	97	26
135	149	97	26
136	114	100	26
136	119	100	26
136	120	100	26
136	128	84	26
136	129	100	26
136	135	96	26
136	137	0	26
136	142	5	26
137	110	96	26
137	112	3	26
137	114	99	26
137	115	78	26
137	117	100	26
137	119	100	26
137	135	100	26
137	136	6	26
138	102	52	26
138	103	98	26
138	104	100	26
138	106	95	26
138	108	98	26
138	109	100	26
138	111	99	26
138	112	100	26
138	113	97	26
138	115	100	26
138	116	95	26
138	117	100	26
138	118	93	26
138	121	93	26
138	123	95	26
138	124	8	26
138	125	100	26
138	126	96	26
138	130	100	26
138	131	27	26
138	133	92	26
138	146	84	26
138	148	94	26
139	102	56	26
139	105	97	26
139	108	56	26
139	112	7	26
139	113	99	26
139	116	87	26
139	117	31	26
139	130	98	26
139	131	97	26
139	140	96	26
139	141	100	26
139	142	98	26
139	143	100	26
139	144	94	26
139	147	100	26
139	148	95	26
139	149	77	26
140	129	4	26
140	131	99	26
140	139	100	26
140	141	97	26
140	143	100	26
140	147	99	26
141	105	41	26
141	112	3	26
141	115	81	26
141	120	12	26
141	125	0	26
141	130	46	26
141	131	99	26
141	139	100	26
141	140	100	26
141	142	100	26
141	143	98	26
141	146	96	26
141	147	86	26
141	148	98	26
141	149	100	26
142	120	98	26
142	128	97	26
142	129	99	26
142	131	92	26
142	136	93	26
142	139	95	26
142	140	0	26
142	141	96	26
142	143	91	26
142	147	97	26
143	105	95	26
143	113	81	26
143	130	70	26
143	131	100	26
143	139	97	26
143	140	100	26
143	141	100	26
143	142	100	26
143	144	79	26
143	146	97	26
143	147	94	26
144	102	100	26
144	105	99	26
144	107	100	26
144	108	94	26
144	109	95	26
144	111	1	26
144	112	71	26
144	113	96	26
144	116	100	26
144	117	99	26
144	118	91	26
144	119	82	26
144	122	100	26
144	125	58	26
144	126	69	26
144	127	94	26
144	130	99	26
144	131	99	26
144	133	100	26
144	139	95	26
144	143	81	26
144	146	100	26
144	148	100	26
146	102	97	26
146	103	91	26
146	105	99	26
146	110	99	26
146	112	98	26
146	113	97	26
146	114	84	26
146	115	100	26
146	116	97	26
146	117	100	26
146	118	94	26
146	119	96	26
146	126	99	26
146	127	96	26
146	128	100	26
146	130	98	26
146	131	97	26
146	133	94	26
146	138	99	26
146	141	100	26
146	143	96	26
146	144	95	26
146	148	100	26
146	149	96	26
147	129	100	26
147	131	87	26
147	139	96	26
147	140	100	26
147	141	96	26
147	142	100	26
147	143	97	26
148	102	95	26
148	103	81	26
148	108	100	26
148	109	100	26
148	111	79	26
148	112	100	26
148	113	100	26
148	116	98	26
148	117	99	26
148	119	100	26
148	122	66	26
148	125	100	26
148	126	99	26
148	127	100	26
148	130	100	26
148	131	92	26
148	133	94	26
148	138	96	26
148	139	98	26
148	141	98	26
148	144	100	26
148	146	96	26
148	149	99	26
149	110	100	26
149	112	98	26
149	113	100	26
149	115	98	26
149	116	16	26
149	117	100	26
149	119	97	26
149	125	100	26
149	128	100	26
149	130	95	26
149	131	98	26
149	135	100	26
149	139	100	26
149	141	100	26
149	146	99	26
149	148	95	26
100	101	61	25
100	102	100	25
100	105	59	25
100	107	99	25
100	108	97	25
100	109	100	25
100	116	69	25
100	118	97	25
100	121	93	25
100	122	98	25
100	127	100	25
100	133	0	25
100	144	15	25
101	100	38	25
101	102	100	25
101	103	63	25
101	105	96	25
101	106	90	25
101	107	98	25
101	108	100	25
101	109	98	25
101	116	100	25
101	118	96	25
101	121	100	25
101	122	100	25
101	123	2	25
101	124	13	25
101	127	100	25
101	133	100	25
101	144	20	25
102	100	97	25
102	101	100	25
102	103	100	25
102	105	100	25
102	107	96	25
102	108	100	25
102	109	98	25
102	112	51	25
102	113	91	25
102	116	99	25
102	118	100	25
102	122	99	25
102	124	97	25
102	125	99	25
102	126	76	25
102	127	100	25
102	133	97	25
102	138	99	25
102	139	100	25
102	144	100	25
102	146	100	25
102	148	65	25
103	101	84	25
103	102	100	25
103	104	98	25
103	106	100	25
103	108	95	25
103	109	100	25
103	111	99	25
103	113	100	25
103	116	100	25
103	118	100	25
103	121	100	25
103	123	100	25
103	124	100	25
103	125	34	25
103	126	100	25
103	130	96	25
103	131	6	25
103	133	99	25
103	138	100	25
103	139	99	25
103	144	34	25
103	146	89	25
104	103	100	25
104	106	94	25
104	108	8	25
104	111	99	25
104	118	48	25
104	121	100	25
104	123	100	25
104	124	98	25
104	125	71	25
104	126	100	25
104	138	100	25
105	100	99	25
105	101	96	25
105	102	100	25
105	103	43	25
105	107	100	25
105	108	99	25
105	109	100	25
105	113	91	25
105	116	94	25
105	117	4	25
105	122	97	25
105	125	97	25
105	127	99	25
105	130	100	25
105	133	100	25
105	138	90	25
105	139	99	25
105	143	99	25
105	144	100	25
105	146	98	25
105	148	14	25
106	101	100	25
106	103	100	25
106	104	98	25
106	107	9	25
106	111	100	25
106	116	16	25
106	118	100	25
106	121	100	25
106	123	98	25
106	124	99	25
106	125	99	25
106	126	12	25
106	130	34	25
106	133	96	25
106	138	98	25
107	100	100	25
107	101	96	25
107	102	100	25
107	105	97	25
107	108	100	25
107	109	100	25
107	116	100	25
107	118	100	25
107	121	100	25
107	122	100	25
107	124	100	25
107	127	99	25
107	133	98	25
107	144	97	25
107	146	90	25
108	100	96	25
108	101	100	25
108	102	100	25
108	103	98	25
108	105	100	25
108	107	100	25
108	109	100	25
108	113	100	25
108	116	100	25
108	118	100	25
108	121	96	25
108	122	99	25
108	123	81	25
108	124	96	25
108	125	100	25
108	127	17	25
108	130	100	25
108	133	99	25
108	138	100	25
108	139	65	25
108	144	100	25
108	148	99	25
109	100	100	25
109	101	97	25
109	102	100	25
109	103	100	25
109	105	97	25
109	107	100	25
109	108	100	25
109	113	100	25
109	116	100	25
109	117	99	25
109	118	100	25
109	122	96	25
109	124	5	25
109	125	94	25
109	127	100	25
109	130	100	25
109	131	0	25
109	133	100	25
109	138	100	25
109	139	100	25
109	141	0	25
109	143	97	25
109	144	99	25
109	146	100	25
109	148	98	25
110	112	100	25
110	113	100	25
110	114	97	25
110	115	100	25
110	117	100	25
110	119	98	25
110	128	98	25
110	130	100	25
110	131	100	25
110	135	97	25
110	137	100	25
110	138	82	25
110	139	71	25
110	143	17	25
110	146	97	25
110	149	96	25
111	103	97	25
111	104	100	25
111	108	7	25
111	113	100	25
111	116	99	25
111	118	99	25
111	125	95	25
111	126	100	25
111	130	16	25
111	133	98	25
111	138	100	25
111	148	100	25
112	102	89	25
112	110	100	25
112	113	98	25
112	115	100	25
112	116	96	25
112	117	100	25
112	119	99	25
112	125	96	25
112	126	3	25
112	128	96	25
112	131	100	25
112	137	100	25
112	138	96	25
112	141	100	25
112	146	99	25
112	148	100	25
112	149	100	25
113	102	91	25
113	103	100	25
113	108	97	25
113	109	5	25
113	110	98	25
113	111	99	25
113	112	100	25
113	115	99	25
113	116	97	25
113	117	99	25
113	118	62	25
113	119	97	25
113	121	6	25
113	125	100	25
113	127	99	25
113	130	100	25
113	131	98	25
113	133	14	25
113	137	83	25
113	138	21	25
113	139	100	25
113	144	100	25
113	146	100	25
113	148	100	25
113	149	100	25
114	110	100	25
114	115	83	25
114	119	100	25
114	120	97	25
114	128	96	25
114	129	15	25
114	130	57	25
114	131	61	25
114	135	100	25
114	136	98	25
114	137	96	25
114	148	1	25
115	110	100	25
115	112	98	25
115	113	98	25
115	114	99	25
115	117	97	25
115	119	100	25
115	125	100	25
115	130	100	25
115	131	100	25
115	146	0	25
115	149	100	25
116	100	80	25
116	101	100	25
116	102	96	25
116	103	100	25
116	105	44	25
116	106	81	25
116	107	99	25
116	108	100	25
116	109	100	25
116	111	100	25
116	112	97	25
116	113	100	25
116	117	100	25
116	118	96	25
116	121	99	25
116	122	95	25
116	123	1	25
116	125	100	25
116	126	83	25
116	127	16	25
116	130	96	25
116	131	97	25
116	133	96	25
116	138	98	25
116	139	3	25
116	144	1	25
116	146	100	25
116	148	97	25
117	109	100	25
117	110	100	25
117	111	4	25
117	112	99	25
117	113	100	25
117	114	91	25
117	115	99	25
117	116	94	25
117	119	100	25
117	125	100	25
117	126	98	25
117	130	67	25
117	131	100	25
117	133	97	25
117	135	100	25
117	137	95	25
117	138	98	25
117	146	100	25
117	148	99	25
117	149	100	25
118	100	100	25
118	101	100	25
118	102	96	25
118	103	100	25
118	104	34	25
118	106	3	25
118	107	100	25
118	108	100	25
118	109	100	25
118	111	100	25
118	113	97	25
118	116	100	25
118	121	100	25
118	122	100	25
118	123	9	25
118	124	100	25
118	125	95	25
118	126	93	25
118	127	88	25
118	130	100	25
118	133	100	25
118	138	100	25
118	146	88	25
118	148	96	25
119	110	99	25
119	112	93	25
119	113	100	25
119	114	100	25
119	115	100	25
119	117	98	25
119	120	100	25
119	125	96	25
119	128	100	25
119	129	100	25
119	130	100	25
119	131	2	25
119	135	100	25
119	136	96	25
119	137	100	25
119	146	100	25
119	148	100	25
119	149	100	25
120	114	100	25
120	119	100	25
120	128	100	25
120	129	96	25
120	131	29	25
120	136	98	25
120	142	100	25
121	100	90	25
121	101	96	25
121	102	5	25
121	103	100	25
121	104	96	25
121	106	96	25
121	107	98	25
121	108	100	25
121	111	36	25
121	113	95	25
121	116	87	25
121	118	97	25
121	122	100	25
121	123	100	25
121	124	98	25
121	125	0	25
121	126	100	25
121	133	100	25
121	138	100	25
121	148	5	25
122	100	100	25
122	101	100	25
122	102	98	25
122	103	87	25
122	105	100	25
122	106	4	25
122	107	100	25
122	108	100	25
122	109	100	25
122	111	100	25
122	113	53	25
122	116	100	25
122	118	100	25
122	121	100	25
122	123	17	25
122	124	49	25
122	125	97	25
122	126	3	25
122	127	100	25
122	130	100	25
122	133	100	25
122	144	99	25
122	148	97	25
123	101	14	25
123	103	100	25
123	104	100	25
123	106	100	25
123	108	99	25
123	118	81	25
123	121	96	25
123	124	100	25
123	126	98	25
123	130	98	25
123	133	90	25
123	138	100	25
123	148	88	25
124	101	66	25
124	102	98	25
124	103	97	25
124	104	100	25
124	106	100	25
124	107	100	25
124	108	100	25
124	111	15	25
124	118	100	25
124	121	100	25
124	123	100	25
125	102	99	25
125	103	90	25
125	104	41	25
125	105	28	25
125	106	100	25
125	108	96	25
125	109	38	25
125	111	99	25
125	112	97	25
125	113	100	25
125	115	100	25
125	116	100	25
125	117	100	25
125	118	100	25
125	119	100	25
125	122	97	25
125	126	98	25
125	130	99	25
125	131	100	25
125	133	100	25
125	138	99	25
125	144	95	25
125	146	96	25
125	148	97	25
126	102	75	25
126	103	100	25
126	104	97	25
126	111	100	25
126	117	100	25
126	118	86	25
126	121	99	25
126	123	100	25
126	125	100	25
126	130	100	25
126	138	100	25
126	144	100	25
126	146	100	25
127	100	98	25
127	101	100	25
127	102	97	25
127	105	100	25
127	107	100	25
127	108	87	25
127	109	98	25
127	113	98	25
127	116	14	25
127	122	98	25
127	125	3	25
127	130	1	25
127	133	99	25
127	138	15	25
127	143	91	25
127	144	100	25
127	146	100	25
127	148	96	25
128	110	98	25
128	114	96	25
128	119	100	25
128	120	96	25
128	129	100	25
128	135	100	25
128	142	100	25
128	149	100	25
129	114	51	25
129	119	100	25
129	120	100	25
129	128	96	25
129	131	64	25
129	136	99	25
129	140	97	25
129	142	96	25
129	143	75	25
129	147	100	25
130	103	100	25
130	105	71	25
130	106	0	25
130	108	100	25
130	109	100	25
130	110	100	25
130	113	99	25
130	114	38	25
130	115	99	25
130	116	100	25
130	118	100	25
130	119	96	25
130	122	15	25
130	123	99	25
130	125	100	25
130	126	100	25
130	131	100	25
130	133	98	25
130	138	98	25
130	139	100	25
130	141	2	25
130	143	98	25
130	144	100	25
130	146	100	25
130	148	96	25
130	149	53	25
131	103	12	25
131	110	99	25
131	112	100	25
131	113	100	25
131	114	78	25
131	115	98	25
131	116	5	25
131	117	99	25
131	120	17	25
131	125	100	25
131	129	45	25
131	130	98	25
131	138	14	25
131	139	100	25
131	141	100	25
131	142	96	25
131	143	99	25
131	144	96	25
131	147	16	25
131	148	100	25
131	149	100	25
132	114	100	25
132	115	99	25
132	119	100	25
132	120	97	25
132	128	32	25
132	129	100	25
132	135	100	25
132	136	100	25
132	137	62	25
133	101	100	25
133	102	99	25
133	103	96	25
133	105	100	25
133	106	94	25
133	107	100	25
133	108	100	25
133	109	99	25
133	111	100	25
133	113	70	25
133	116	97	25
133	117	97	25
133	118	100	25
133	121	96	25
133	122	97	25
133	123	6	25
133	125	100	25
133	127	100	25
133	130	100	25
133	138	97	25
133	144	98	25
133	146	96	25
133	148	100	25
134	102	100	25
134	110	100	25
134	112	96	25
134	113	100	25
134	114	100	25
134	115	97	25
134	116	41	25
134	117	100	25
134	119	99	25
134	120	17	25
134	125	98	25
134	128	96	25
134	130	100	25
134	131	100	25
134	133	84	25
134	137	100	25
134	138	100	25
134	139	45	25
134	141	14	25
134	143	92	25
134	144	100	25
134	146	100	25
134	148	98	25
134	149	67	25
135	110	100	25
135	114	100	25
135	117	100	25
135	119	98	25
135	128	100	25
135	136	100	25
135	137	100	25
135	149	100	25
136	114	100	25
136	119	100	25
136	120	100	25
136	128	14	25
136	129	97	25
136	135	98	25
136	137	30	25
136	142	96	25
137	110	97	25
137	112	96	25
137	113	97	25
137	114	98	25
137	115	18	25
137	117	99	25
137	119	99	25
137	128	7	25
137	135	100	25
137	136	66	25
138	102	99	25
138	103	100	25
138	104	96	25
138	105	1	25
138	106	100	25
138	108	99	25
138	109	4	25
138	110	12	25
138	111	98	25
138	112	100	25
138	116	91	25
138	117	99	25
138	118	93	25
138	121	96	25
138	123	100	25
138	125	100	25
138	126	100	25
138	130	100	25
138	131	0	25
138	133	76	25
138	144	10	25
138	146	100	25
138	148	97	25
138	149	27	25
139	102	99	25
139	103	95	25
139	105	99	25
139	108	77	25
139	109	97	25
139	110	76	25
139	113	100	25
139	128	11	25
139	130	100	25
139	131	99	25
139	140	100	25
139	141	100	25
139	143	100	25
139	144	100	25
139	146	98	25
139	147	98	25
139	149	73	25
140	129	100	25
140	139	98	25
140	141	99	25
140	142	97	25
140	143	96	25
140	147	96	25
141	112	100	25
141	128	2	25
141	130	91	25
141	131	97	25
141	139	100	25
141	140	99	25
141	142	100	25
141	143	97	25
141	144	100	25
141	147	5	25
141	148	100	25
141	149	100	25
142	120	100	25
142	128	100	25
142	129	100	25
142	131	98	25
142	136	98	25
142	139	25	25
142	140	97	25
142	141	96	25
142	143	100	25
142	146	16	25
142	147	98	25
143	105	97	25
143	109	100	25
143	110	26	25
143	129	20	25
143	130	96	25
143	131	100	25
143	139	99	25
143	140	96	25
143	141	97	25
143	142	100	25
143	144	99	25
143	147	100	25
143	148	100	25
144	100	13	25
144	101	92	25
144	102	95	25
144	103	97	25
144	105	100	25
144	107	100	25
144	108	95	25
144	109	100	25
144	113	97	25
144	116	4	25
144	122	100	25
144	125	96	25
144	126	100	25
144	127	100	25
144	130	100	25
144	131	97	25
144	133	99	25
144	138	95	25
144	139	99	25
144	141	100	25
144	143	100	25
144	146	96	25
144	148	98	25
144	149	24	25
146	102	98	25
146	103	99	25
146	105	100	25
146	107	97	25
146	108	4	25
146	109	95	25
146	110	100	25
146	112	100	25
146	113	99	25
146	116	99	25
146	117	100	25
146	118	98	25
146	119	96	25
146	125	100	25
146	126	99	25
146	127	95	25
146	128	64	25
146	130	100	25
146	133	100	25
146	138	100	25
146	139	99	25
146	142	39	25
146	144	100	25
146	148	100	25
146	149	99	25
147	129	99	25
147	131	35	25
147	139	97	25
147	140	100	25
147	142	100	25
147	143	97	25
148	102	96	25
148	108	98	25
148	109	100	25
148	110	3	25
148	111	97	25
148	112	100	25
148	113	98	25
148	114	75	25
148	116	97	25
148	117	96	25
148	118	100	25
148	119	97	25
148	123	94	25
148	125	100	25
148	126	49	25
148	127	100	25
148	130	100	25
148	131	100	25
148	133	100	25
148	138	100	25
148	141	100	25
148	143	99	25
148	144	100	25
148	146	100	25
148	149	97	25
149	108	3	25
149	110	100	25
149	112	99	25
149	113	100	25
149	115	100	25
149	117	99	25
149	119	100	25
149	128	96	25
149	130	98	25
149	131	100	25
149	135	100	25
149	138	100	25
149	139	96	25
149	141	100	25
149	143	3	25
149	144	22	25
149	146	100	25
149	148	97	25
100	101	76	24
100	102	100	24
100	105	94	24
100	107	99	24
100	108	98	24
100	109	34	24
100	116	6	24
100	118	100	24
100	122	77	24
100	127	100	24
100	133	92	24
100	144	27	24
101	102	100	24
101	103	100	24
101	105	100	24
101	107	100	24
101	108	100	24
101	109	95	24
101	116	100	24
101	118	96	24
101	121	98	24
101	122	98	24
101	123	73	24
101	124	55	24
101	127	94	24
101	133	98	24
102	100	95	24
102	101	97	24
102	103	100	24
102	107	98	24
102	108	100	24
102	109	99	24
102	112	55	24
102	113	99	24
102	116	99	24
102	117	84	24
102	118	96	24
102	122	100	24
102	123	4	24
102	124	100	24
102	125	100	24
102	126	83	24
102	127	98	24
102	130	2	24
102	133	99	24
102	138	98	24
102	139	3	24
102	144	100	24
102	146	96	24
102	148	97	24
103	101	64	24
103	102	99	24
103	104	100	24
103	106	99	24
103	107	100	24
103	108	98	24
103	111	100	24
103	113	98	24
103	116	96	24
103	118	99	24
103	121	99	24
103	122	74	24
103	123	99	24
103	124	5	24
103	125	96	24
103	126	100	24
103	130	98	24
103	131	89	24
103	133	98	24
103	138	100	24
103	139	97	24
103	144	100	24
103	146	3	24
103	148	99	24
104	103	100	24
104	106	95	24
104	111	95	24
104	113	88	24
104	116	97	24
104	117	53	24
104	118	87	24
104	121	99	24
104	123	96	24
104	124	100	24
104	125	37	24
104	126	100	24
104	133	11	24
104	138	99	24
104	148	38	24
105	100	98	24
105	101	99	24
105	103	25	24
105	108	94	24
105	109	94	24
105	112	40	24
105	116	98	24
105	117	58	24
105	118	8	24
105	122	98	24
105	125	100	24
105	126	2	24
105	127	98	24
105	130	97	24
105	133	97	24
105	138	99	24
105	139	99	24
105	141	94	24
105	143	100	24
105	144	96	24
105	146	98	24
105	148	100	24
105	149	8	24
106	101	23	24
106	102	13	24
106	103	100	24
106	104	59	24
106	107	11	24
106	108	5	24
106	111	100	24
106	113	67	24
106	116	45	24
106	117	73	24
106	118	25	24
106	121	99	24
106	123	97	24
106	124	100	24
106	125	62	24
106	126	93	24
106	130	46	24
106	133	95	24
106	138	100	24
107	100	97	24
107	101	93	24
107	102	100	24
107	103	94	24
107	108	97	24
107	109	95	24
107	116	100	24
107	118	100	24
107	121	100	24
107	122	95	24
107	123	24	24
107	124	98	24
107	127	94	24
107	133	95	24
107	144	94	24
107	146	21	24
107	148	63	24
108	100	68	24
108	101	97	24
108	102	100	24
108	103	98	24
108	105	60	24
108	106	8	24
108	107	96	24
108	109	95	24
108	113	13	24
108	116	100	24
108	117	30	24
108	118	100	24
108	121	97	24
108	122	95	24
108	123	9	24
108	124	100	24
108	125	97	24
108	126	100	24
108	127	5	24
108	130	100	24
108	133	100	24
108	144	100	24
108	146	70	24
108	148	94	24
109	100	90	24
109	101	97	24
109	102	100	24
109	103	48	24
109	105	100	24
109	107	96	24
109	108	98	24
109	111	8	24
109	112	98	24
109	113	99	24
109	115	2	24
109	116	98	24
109	117	100	24
109	118	100	24
109	119	34	24
109	122	98	24
109	124	18	24
109	125	94	24
109	127	100	24
109	130	100	24
109	131	55	24
109	133	99	24
109	138	97	24
109	139	93	24
109	140	16	24
109	143	94	24
109	144	100	24
109	146	100	24
109	148	100	24
109	149	90	24
110	112	100	24
110	113	100	24
110	114	97	24
110	115	100	24
110	117	100	24
110	119	100	24
110	120	98	24
110	125	95	24
110	128	62	24
110	130	98	24
110	131	100	24
110	135	95	24
110	137	100	24
110	139	46	24
110	146	92	24
110	148	93	24
110	149	100	24
111	102	0	24
111	103	98	24
111	104	100	24
111	106	93	24
111	108	5	24
111	112	82	24
111	117	83	24
111	118	61	24
111	121	99	24
111	123	89	24
111	124	45	24
111	125	99	24
111	126	100	24
111	130	99	24
111	133	93	24
111	138	100	24
111	144	9	24
111	146	25	24
111	148	99	24
112	102	50	24
112	109	55	24
112	110	99	24
112	111	60	24
112	113	98	24
112	115	100	24
112	116	94	24
112	117	96	24
112	118	58	24
112	119	99	24
112	125	100	24
112	130	100	24
112	131	100	24
112	135	68	24
112	137	95	24
112	138	100	24
112	139	100	24
112	141	77	24
112	146	100	24
112	148	100	24
112	149	100	24
113	102	95	24
113	103	92	24
113	104	91	24
113	106	3	24
113	108	11	24
113	109	97	24
113	110	95	24
113	112	100	24
113	115	100	24
113	116	100	24
113	117	100	24
113	118	100	24
113	119	92	24
113	121	5	24
113	125	100	24
113	127	100	24
113	130	99	24
113	131	97	24
113	133	88	24
113	135	65	24
113	137	92	24
113	138	99	24
113	139	100	24
113	143	70	24
113	144	100	24
113	146	100	24
113	148	97	24
113	149	96	24
114	110	100	24
114	112	14	24
114	115	100	24
114	117	100	24
114	119	99	24
114	120	98	24
114	125	0	24
114	128	97	24
114	129	98	24
114	130	69	24
114	131	9	24
114	135	100	24
114	136	95	24
114	137	100	24
114	148	83	24
114	149	100	24
115	110	100	24
115	112	97	24
115	113	100	24
115	114	97	24
115	116	25	24
115	117	100	24
115	119	100	24
115	125	100	24
115	130	98	24
115	131	15	24
115	135	41	24
115	137	97	24
115	139	96	24
115	146	99	24
115	148	28	24
115	149	100	24
116	100	16	24
116	101	97	24
116	102	100	24
116	103	100	24
116	104	99	24
116	105	64	24
116	106	52	24
116	107	100	24
116	108	97	24
116	109	91	24
116	112	100	24
116	113	100	24
116	115	51	24
116	117	100	24
116	118	100	24
116	121	21	24
116	122	98	24
116	123	73	24
116	124	73	24
116	125	99	24
116	126	98	24
116	127	87	24
116	130	100	24
116	131	92	24
116	133	98	24
116	138	100	24
116	144	59	24
116	146	99	24
116	148	100	24
116	149	99	24
117	102	75	24
117	104	26	24
117	106	14	24
117	108	9	24
117	109	96	24
117	110	95	24
117	111	82	24
117	112	97	24
117	113	98	24
117	114	97	24
117	115	97	24
117	116	99	24
117	119	99	24
117	125	100	24
117	126	100	24
117	128	0	24
117	130	100	24
117	131	100	24
117	133	100	24
117	135	97	24
117	137	100	24
117	138	100	24
117	144	100	24
117	146	97	24
117	148	99	24
117	149	100	24
118	100	94	24
118	101	99	24
118	102	100	24
118	103	93	24
118	104	100	24
118	106	89	24
118	107	98	24
118	108	99	24
118	109	97	24
118	111	37	24
118	112	67	24
118	113	100	24
118	116	100	24
118	121	100	24
118	122	74	24
118	123	100	24
118	124	70	24
118	125	100	24
118	126	7	24
118	130	100	24
118	131	14	24
118	133	97	24
118	138	89	24
118	144	61	24
118	146	2	24
118	148	96	24
119	110	100	24
119	112	100	24
119	113	100	24
119	114	95	24
119	115	100	24
119	117	100	24
119	120	96	24
119	125	100	24
119	128	98	24
119	129	100	24
119	130	99	24
119	131	100	24
119	135	99	24
119	139	4	24
119	144	8	24
119	146	98	24
119	148	100	24
119	149	100	24
120	110	96	24
120	114	100	24
120	119	99	24
120	128	100	24
120	129	98	24
120	135	100	24
120	136	100	24
120	137	92	24
121	101	100	24
121	103	100	24
121	104	96	24
121	106	97	24
121	107	100	24
121	108	95	24
121	111	100	24
121	113	13	24
121	118	100	24
121	122	100	24
121	123	99	24
121	124	100	24
121	125	99	24
121	126	98	24
121	130	14	24
121	133	100	24
121	138	100	24
122	100	88	24
122	101	97	24
122	102	97	24
122	103	100	24
122	105	100	24
122	107	100	24
122	108	99	24
122	109	100	24
122	111	5	24
122	113	97	24
122	116	47	24
122	118	98	24
122	121	100	24
122	124	12	24
122	125	96	24
122	126	18	24
122	127	100	24
122	130	35	24
122	133	96	24
122	138	100	24
122	143	100	24
122	144	97	24
122	146	26	24
122	148	88	24
123	101	91	24
123	102	47	24
123	103	100	24
123	104	100	24
123	106	99	24
123	107	10	24
123	108	19	24
123	111	100	24
123	116	60	24
123	118	100	24
123	121	100	24
123	124	93	24
123	125	100	24
123	126	100	24
123	130	100	24
123	133	96	24
123	138	100	24
124	101	93	24
124	102	94	24
124	103	59	24
124	104	98	24
124	106	100	24
124	107	100	24
124	108	90	24
124	118	65	24
124	121	100	24
124	123	96	24
124	125	91	24
124	126	16	24
124	133	88	24
125	102	98	24
125	103	97	24
125	104	5	24
125	105	87	24
125	106	51	24
125	108	84	24
125	109	6	24
125	110	95	24
125	111	100	24
125	112	100	24
125	113	100	24
125	115	100	24
125	116	97	24
125	117	100	24
125	118	100	24
125	119	99	24
125	121	100	24
125	122	31	24
125	123	69	24
125	124	92	24
125	126	99	24
125	130	97	24
125	133	99	24
125	138	97	24
125	144	16	24
125	146	97	24
125	148	100	24
126	102	73	24
126	103	99	24
126	104	96	24
126	106	90	24
126	108	95	24
126	111	98	24
126	116	100	24
126	117	100	24
126	118	27	24
126	121	100	24
126	123	99	24
126	125	100	24
126	130	100	24
126	138	100	24
126	144	95	24
126	146	100	24
126	148	96	24
127	100	99	24
127	101	71	24
127	102	96	24
127	105	91	24
127	107	100	24
127	108	76	24
127	109	96	24
127	113	99	24
127	116	95	24
127	122	99	24
127	130	35	24
127	133	100	24
127	143	97	24
127	144	100	24
127	146	97	24
127	148	96	24
128	114	97	24
128	119	100	24
128	120	100	24
128	129	29	24
128	135	100	24
128	137	0	24
128	140	3	24
128	142	99	24
128	149	100	24
129	114	97	24
129	119	96	24
129	120	100	24
129	128	98	24
129	131	99	24
129	136	98	24
129	140	98	24
129	143	68	24
129	147	81	24
129	149	71	24
130	102	4	24
130	103	98	24
130	105	9	24
130	106	12	24
130	108	94	24
130	109	97	24
130	110	96	24
130	111	94	24
130	112	100	24
130	113	100	24
130	114	93	24
130	115	100	24
130	116	97	24
130	117	100	24
130	118	100	24
130	119	95	24
130	121	0	24
130	123	96	24
130	125	100	24
130	126	97	24
130	131	100	24
130	133	97	24
130	138	100	24
130	139	98	24
130	141	29	24
130	143	6	24
130	144	99	24
130	146	100	24
130	148	98	24
130	149	58	24
131	103	89	24
131	110	99	24
131	112	96	24
131	113	100	24
131	114	26	24
131	115	38	24
131	116	91	24
131	117	100	24
131	118	31	24
131	119	90	24
131	125	5	24
131	129	97	24
131	130	99	24
131	138	90	24
131	139	92	24
131	140	97	24
131	141	97	24
131	142	93	24
131	143	96	24
131	144	100	24
131	146	100	24
131	147	83	24
131	148	100	24
131	149	98	24
132	110	84	24
132	112	96	24
132	114	100	24
132	115	96	24
132	119	99	24
132	120	98	24
132	128	100	24
132	129	99	24
132	135	100	24
132	136	100	24
132	137	100	24
132	149	99	24
133	100	92	24
133	101	100	24
133	102	100	24
133	103	95	24
133	105	100	24
133	106	100	24
133	107	98	24
133	108	100	24
133	109	100	24
133	111	99	24
133	113	96	24
133	116	98	24
133	117	100	24
133	118	100	24
133	121	100	24
133	122	100	24
133	123	60	24
133	124	92	24
133	125	100	24
133	127	94	24
133	130	100	24
133	138	100	24
133	144	97	24
133	146	100	24
133	148	100	24
135	110	96	24
135	112	75	24
135	113	68	24
135	114	100	24
135	117	81	24
135	119	96	24
135	120	97	24
135	128	99	24
135	136	95	24
135	137	99	24
135	149	100	24
136	114	100	24
136	120	99	24
136	129	97	24
136	135	96	24
137	110	100	24
137	112	100	24
137	113	93	24
137	114	98	24
137	115	100	24
137	117	96	24
137	120	93	24
137	125	6	24
137	128	28	24
137	135	98	24
137	136	7	24
137	149	100	24
138	102	84	24
138	103	92	24
138	104	100	24
138	105	66	24
138	106	100	24
138	108	2	24
138	109	53	24
138	111	98	24
138	112	100	24
138	113	100	24
138	116	97	24
138	117	100	24
138	118	94	24
138	121	23	24
138	123	85	24
138	125	97	24
138	126	97	24
138	130	99	24
138	131	54	24
138	133	46	24
138	144	100	24
138	146	96	24
138	148	100	24
139	102	40	24
139	103	95	24
139	105	61	24
139	109	91	24
139	110	66	24
139	112	100	24
139	113	96	24
139	115	100	24
139	119	5	24
139	130	100	24
139	131	100	24
139	140	96	24
139	141	96	24
139	142	99	24
139	143	100	24
139	144	100	24
139	146	98	24
139	147	98	24
139	148	32	24
139	149	98	24
140	128	54	24
140	129	98	24
140	131	97	24
140	139	100	24
140	141	100	24
140	142	97	24
140	143	100	24
140	146	75	24
140	147	97	24
141	105	70	24
141	110	38	24
141	112	100	24
141	113	2	24
141	130	100	24
141	131	100	24
141	139	98	24
141	140	100	24
141	142	97	24
141	143	100	24
141	144	100	24
141	146	98	24
141	147	100	24
141	148	100	24
141	149	100	24
142	114	0	24
142	128	99	24
142	131	99	24
142	139	100	24
142	140	100	24
142	141	100	24
142	143	100	24
142	147	97	24
143	105	86	24
143	109	95	24
143	113	89	24
143	122	1	24
143	127	5	24
143	129	78	24
143	130	22	24
143	131	96	24
143	139	96	24
143	140	100	24
143	141	96	24
143	142	100	24
143	144	91	24
143	146	55	24
143	147	96	24
143	148	5	24
143	149	48	24
144	100	3	24
144	102	100	24
144	103	92	24
144	105	96	24
144	107	91	24
144	108	100	24
144	109	100	24
144	111	5	24
144	113	96	24
144	116	64	24
144	117	96	24
144	118	0	24
144	122	66	24
144	125	16	24
144	126	100	24
144	127	78	24
144	130	100	24
144	131	98	24
144	133	100	24
144	138	100	24
144	139	94	24
144	141	100	24
144	143	95	24
144	146	100	24
144	148	100	24
144	149	97	24
146	102	95	24
146	103	11	24
146	105	80	24
146	107	63	24
146	108	92	24
146	109	96	24
146	110	99	24
146	111	2	24
146	112	99	24
146	113	96	24
146	115	100	24
146	116	97	24
146	117	100	24
146	118	7	24
146	119	98	24
146	125	100	24
146	126	100	24
146	127	88	24
146	130	100	24
146	131	96	24
146	133	95	24
146	138	100	24
146	139	94	24
146	140	76	24
146	141	96	24
146	143	59	24
146	144	99	24
146	148	100	24
146	149	99	24
147	129	82	24
147	131	97	24
147	139	92	24
147	140	100	24
147	141	100	24
147	142	97	24
147	143	93	24
148	102	91	24
148	103	88	24
148	104	20	24
148	105	24	24
148	107	58	24
148	108	88	24
148	109	84	24
148	110	90	24
148	111	84	24
148	112	91	24
148	113	84	24
148	114	96	24
148	115	51	24
148	116	89	24
148	117	87	24
148	118	88	24
148	119	85	24
148	125	84	24
148	126	81	24
148	127	88	24
148	130	84	24
148	131	83	24
148	133	84	24
148	138	90	24
148	139	5	24
148	141	86	24
148	144	89	24
148	146	87	24
148	149	90	24
149	110	94	24
149	112	98	24
149	113	100	24
149	114	100	24
149	115	98	24
149	116	84	24
149	117	99	24
149	119	100	24
149	128	98	24
149	129	53	24
149	130	73	24
149	131	98	24
149	135	97	24
149	137	100	24
149	139	98	24
149	141	93	24
149	143	37	24
149	144	100	24
149	146	100	24
149	148	100	24
100	101	93	23
100	102	15	23
100	105	95	23
100	107	35	23
100	108	94	23
100	109	93	23
100	118	90	23
100	122	99	23
100	124	0	23
100	127	99	23
101	100	99	23
101	102	96	23
101	105	96	23
101	107	94	23
101	108	98	23
101	109	92	23
101	116	94	23
101	118	99	23
101	121	98	23
101	122	93	23
101	123	94	23
101	124	94	23
101	127	96	23
101	133	90	23
101	144	5	23
102	101	93	23
102	103	100	23
102	105	100	23
102	107	100	23
102	108	100	23
102	109	96	23
102	111	89	23
102	113	97	23
102	116	100	23
102	117	98	23
102	118	95	23
102	122	96	23
102	125	99	23
102	127	98	23
102	133	100	23
102	138	100	23
102	144	94	23
102	146	98	23
102	148	100	23
103	101	9	23
103	102	98	23
103	104	99	23
103	105	11	23
103	106	100	23
103	107	88	23
103	108	93	23
103	111	100	23
103	113	98	23
103	116	100	23
103	118	72	23
103	121	94	23
103	122	82	23
103	123	100	23
103	124	80	23
103	125	100	23
103	126	100	23
103	127	3	23
103	130	99	23
103	131	60	23
103	133	100	23
103	138	80	23
103	146	46	23
103	148	71	23
104	103	95	23
104	106	95	23
104	111	100	23
104	113	6	23
104	116	89	23
104	118	27	23
104	123	100	23
104	124	60	23
104	125	91	23
104	126	98	23
104	138	100	23
105	100	93	23
105	101	88	23
105	102	93	23
105	103	92	23
105	107	45	23
105	108	73	23
105	109	100	23
105	113	91	23
105	116	90	23
105	122	94	23
105	125	87	23
105	127	99	23
105	133	89	23
105	138	94	23
105	139	78	23
105	141	98	23
105	143	91	23
105	144	100	23
105	148	100	23
106	103	93	23
106	104	100	23
106	107	81	23
106	108	82	23
106	111	95	23
106	116	93	23
106	117	35	23
106	118	6	23
106	121	98	23
106	123	96	23
106	124	99	23
106	126	98	23
106	133	28	23
106	138	93	23
107	101	93	23
107	102	98	23
107	103	100	23
107	106	82	23
107	108	100	23
107	109	96	23
107	116	94	23
107	118	100	23
107	121	96	23
107	122	88	23
107	124	70	23
107	127	89	23
107	133	81	23
108	100	95	23
108	101	100	23
108	102	100	23
108	103	99	23
108	105	71	23
108	106	86	23
108	107	98	23
108	109	100	23
108	111	12	23
108	116	97	23
108	117	73	23
108	118	100	23
108	121	92	23
108	122	96	23
108	123	95	23
108	126	98	23
108	127	94	23
108	133	98	23
108	138	98	23
108	144	100	23
108	146	76	23
108	148	13	23
109	100	98	23
109	101	91	23
109	102	96	23
109	103	97	23
109	105	100	23
109	107	99	23
109	108	99	23
109	112	97	23
109	113	96	23
109	115	43	23
109	116	100	23
109	117	99	23
109	118	83	23
109	121	23	23
109	122	96	23
109	126	60	23
109	127	98	23
109	130	96	23
109	133	100	23
109	138	90	23
109	139	81	23
109	141	91	23
109	143	97	23
109	144	100	23
109	146	97	23
109	148	99	23
110	112	100	23
110	113	98	23
110	114	80	23
110	115	100	23
110	117	100	23
110	119	99	23
110	120	8	23
110	125	87	23
110	128	2	23
110	130	100	23
110	131	99	23
110	135	86	23
110	137	99	23
110	138	54	23
110	139	30	23
110	146	92	23
110	149	100	23
111	102	70	23
111	103	91	23
111	104	100	23
111	106	97	23
111	108	68	23
111	116	73	23
111	117	93	23
111	118	63	23
111	121	91	23
111	123	98	23
111	124	2	23
111	125	91	23
111	126	95	23
111	130	21	23
111	133	70	23
111	138	95	23
111	148	60	23
112	109	68	23
112	110	100	23
112	113	100	23
112	114	96	23
112	115	100	23
112	117	97	23
112	118	16	23
112	119	96	23
112	125	98	23
112	130	94	23
112	131	95	23
112	138	99	23
112	139	99	23
112	146	81	23
112	148	99	23
112	149	100	23
113	102	93	23
113	103	95	23
113	104	63	23
113	105	65	23
113	109	91	23
113	110	97	23
113	112	99	23
113	115	94	23
113	116	12	23
113	117	95	23
113	118	79	23
113	119	95	23
113	125	96	23
113	130	100	23
113	131	86	23
113	135	88	23
113	138	98	23
113	139	97	23
113	143	92	23
113	144	95	23
113	146	95	23
113	148	96	23
113	149	98	23
114	112	4	23
114	115	100	23
114	117	98	23
114	119	100	23
114	120	97	23
114	128	100	23
114	129	96	23
114	135	99	23
114	136	97	23
114	142	4	23
114	149	26	23
115	110	93	23
115	112	97	23
115	113	92	23
115	114	91	23
115	117	100	23
115	119	100	23
115	125	96	23
115	130	94	23
115	131	0	23
115	135	85	23
115	137	20	23
115	138	58	23
115	139	1	23
115	141	5	23
115	143	18	23
115	146	98	23
115	149	100	23
116	101	96	23
116	102	97	23
116	103	100	23
116	104	95	23
116	105	92	23
116	106	97	23
116	107	94	23
116	108	100	23
116	109	98	23
116	111	97	23
116	113	37	23
116	117	99	23
116	118	98	23
116	122	95	23
116	123	85	23
116	125	100	23
116	126	100	23
116	127	93	23
116	130	98	23
116	133	96	23
116	138	100	23
116	144	97	23
116	146	100	23
116	148	97	23
117	101	3	23
117	102	88	23
117	106	18	23
117	108	81	23
117	109	95	23
117	110	95	23
117	111	87	23
117	112	100	23
117	113	98	23
117	114	92	23
117	115	100	23
117	116	98	23
117	119	97	23
117	125	100	23
117	126	92	23
117	130	100	23
117	131	97	23
117	133	92	23
117	138	97	23
117	141	1	23
117	144	36	23
117	146	100	23
117	148	6	23
117	149	98	23
118	100	68	23
118	101	91	23
118	102	95	23
118	103	85	23
118	104	11	23
118	106	0	23
118	107	98	23
118	108	97	23
118	109	88	23
118	111	37	23
118	113	99	23
118	116	97	23
118	121	95	23
118	122	37	23
118	123	92	23
118	124	98	23
118	125	93	23
118	127	2	23
118	130	90	23
118	133	97	23
118	138	95	23
118	144	74	23
118	146	88	23
119	110	96	23
119	112	100	23
119	113	99	23
119	114	96	23
119	115	99	23
119	117	95	23
119	120	100	23
119	125	93	23
119	128	97	23
119	129	100	23
119	130	98	23
119	131	91	23
119	135	54	23
119	137	95	23
119	144	1	23
119	148	93	23
119	149	100	23
120	114	99	23
120	119	96	23
120	128	99	23
120	129	100	23
120	135	99	23
120	136	100	23
121	100	25	23
121	101	96	23
121	103	93	23
121	104	24	23
121	106	100	23
121	107	92	23
121	108	94	23
121	109	81	23
121	111	97	23
121	113	9	23
121	116	80	23
121	117	4	23
121	118	95	23
121	122	90	23
121	123	100	23
121	124	100	23
121	125	86	23
121	126	100	23
121	133	100	23
121	138	67	23
122	100	96	23
122	101	97	23
122	102	97	23
122	103	95	23
122	105	100	23
122	106	70	23
122	107	100	23
122	108	97	23
122	109	98	23
122	113	65	23
122	116	94	23
122	121	95	23
122	123	16	23
122	124	56	23
122	127	96	23
122	133	100	23
122	138	21	23
122	144	100	23
122	146	97	23
123	101	85	23
123	103	88	23
123	104	98	23
123	106	97	23
123	108	73	23
123	111	96	23
123	118	77	23
123	121	99	23
123	124	100	23
123	126	98	23
123	133	94	23
123	138	80	23
124	101	90	23
124	103	94	23
124	104	93	23
124	106	100	23
124	107	87	23
124	118	98	23
124	121	93	23
124	122	54	23
124	123	93	23
124	126	28	23
124	133	85	23
125	102	94	23
125	103	99	23
125	104	97	23
125	105	66	23
125	106	7	23
125	108	73	23
125	110	46	23
125	111	96	23
125	112	97	23
125	113	100	23
125	115	99	23
125	116	99	23
125	117	100	23
125	118	88	23
125	119	90	23
125	121	5	23
125	126	100	23
125	130	100	23
125	133	100	23
125	138	100	23
125	144	95	23
125	146	97	23
125	148	100	23
126	103	97	23
126	104	98	23
126	106	100	23
126	108	79	23
126	111	95	23
126	116	98	23
126	117	95	23
126	121	95	23
126	123	83	23
126	124	17	23
126	125	99	23
126	130	97	23
126	138	100	23
126	144	2	23
126	146	88	23
126	148	0	23
127	100	100	23
127	101	91	23
127	102	91	23
127	103	92	23
127	105	99	23
127	107	87	23
127	108	89	23
127	109	94	23
127	113	0	23
127	116	75	23
127	118	42	23
127	122	97	23
127	130	93	23
127	133	76	23
127	139	1	23
127	143	95	23
127	144	100	23
127	148	99	23
128	114	73	23
128	119	100	23
128	120	79	23
128	129	100	23
128	135	68	23
128	142	100	23
129	114	95	23
129	119	96	23
129	120	100	23
129	128	99	23
129	131	94	23
129	136	100	23
129	140	99	23
129	142	100	23
129	143	19	23
130	103	94	23
130	109	93	23
130	110	93	23
130	111	6	23
130	112	100	23
130	113	99	23
130	114	14	23
130	115	94	23
130	116	98	23
130	117	100	23
130	118	73	23
130	119	97	23
130	125	100	23
130	126	95	23
130	127	53	23
130	131	95	23
130	133	98	23
130	139	21	23
130	141	93	23
130	144	99	23
130	146	97	23
130	148	100	23
131	103	88	23
131	110	100	23
131	112	100	23
131	113	88	23
131	115	87	23
131	117	96	23
131	119	100	23
131	128	36	23
131	129	96	23
131	130	99	23
131	140	100	23
131	141	96	23
131	142	100	23
131	144	96	23
131	146	99	23
131	147	100	23
131	149	96	23
132	110	91	23
132	112	2	23
132	114	96	23
132	119	100	23
132	120	99	23
132	128	98	23
132	135	96	23
132	136	100	23
133	101	92	23
133	102	90	23
133	103	100	23
133	104	21	23
133	105	84	23
133	107	88	23
133	108	100	23
133	109	94	23
133	111	89	23
133	116	97	23
133	117	94	23
133	118	99	23
133	121	92	23
133	122	92	23
133	123	90	23
133	124	67	23
133	125	97	23
133	127	79	23
133	130	99	23
133	138	8	23
133	139	16	23
133	144	6	23
133	146	89	23
135	110	72	23
135	113	5	23
135	114	100	23
135	115	74	23
135	119	77	23
135	120	89	23
135	128	76	23
135	136	98	23
135	137	100	23
135	149	74	23
136	114	98	23
136	120	98	23
136	129	100	23
136	135	96	23
136	142	100	23
137	110	100	23
137	112	39	23
137	114	100	23
137	115	100	23
137	119	94	23
137	120	9	23
137	128	2	23
137	135	100	23
137	136	3	23
138	102	94	23
138	103	65	23
138	104	100	23
138	105	62	23
138	106	87	23
138	108	89	23
138	109	3	23
138	111	94	23
138	112	100	23
138	113	97	23
138	115	58	23
138	116	96	23
138	117	98	23
138	118	85	23
138	123	90	23
138	125	100	23
138	126	100	23
138	144	90	23
138	148	37	23
139	105	9	23
139	112	97	23
139	113	100	23
139	115	17	23
139	130	35	23
139	133	30	23
139	138	0	23
139	140	99	23
139	141	99	23
139	142	73	23
139	143	100	23
139	144	96	23
139	146	100	23
139	147	100	23
139	148	100	23
139	149	100	23
140	129	100	23
140	131	99	23
140	139	51	23
140	141	99	23
140	142	100	23
140	143	100	23
140	146	7	23
140	147	100	23
141	105	95	23
141	109	77	23
141	115	24	23
141	117	10	23
141	130	89	23
141	131	100	23
141	139	97	23
141	140	100	23
141	142	96	23
141	143	99	23
141	144	94	23
141	146	96	23
141	147	97	23
141	149	97	23
142	114	48	23
142	128	97	23
142	129	95	23
142	131	97	23
142	136	91	23
142	139	90	23
142	140	100	23
142	141	100	23
142	143	97	23
142	146	5	23
142	147	99	23
143	105	93	23
143	109	97	23
143	113	86	23
143	115	39	23
143	127	87	23
143	139	98	23
143	140	100	23
143	141	98	23
143	142	100	23
143	147	99	23
144	101	81	23
144	102	96	23
144	103	16	23
144	105	97	23
144	108	99	23
144	109	97	23
144	113	96	23
144	116	100	23
144	117	91	23
144	118	75	23
144	119	37	23
144	122	97	23
144	125	97	23
144	126	90	23
144	127	99	23
144	130	100	23
144	131	100	23
144	133	50	23
144	138	100	23
144	139	98	23
144	141	92	23
144	143	57	23
144	146	99	23
144	148	100	23
146	101	1	23
146	102	94	23
146	103	37	23
146	108	47	23
146	109	90	23
146	110	23	23
146	112	82	23
146	113	93	23
146	115	96	23
146	116	93	23
146	117	98	23
146	118	25	23
146	122	42	23
146	125	94	23
146	126	89	23
146	128	26	23
146	130	99	23
146	131	94	23
146	133	85	23
146	138	7	23
146	139	99	23
146	141	97	23
146	144	97	23
146	148	96	23
146	149	39	23
147	131	100	23
147	139	88	23
147	140	100	23
147	141	100	23
147	142	100	23
147	143	98	23
148	102	87	23
148	103	83	23
148	105	91	23
148	108	82	23
148	109	87	23
148	111	87	23
148	112	98	23
148	113	94	23
148	116	91	23
148	117	96	23
148	118	56	23
148	119	89	23
148	122	2	23
148	123	34	23
148	125	98	23
148	126	91	23
148	127	89	23
148	130	98	23
148	138	91	23
148	139	98	23
148	143	5	23
148	144	96	23
148	146	100	23
148	149	18	23
149	110	95	23
149	112	96	23
149	113	96	23
149	114	96	23
149	115	100	23
149	117	90	23
149	119	100	23
149	131	97	23
149	135	99	23
149	139	98	23
149	141	93	23
149	146	92	23
100	101	89	22
100	102	97	22
100	105	76	22
100	107	95	22
100	108	58	22
100	109	95	22
100	116	34	22
100	118	16	22
100	121	88	22
100	122	96	22
100	127	94	22
101	100	95	22
101	102	97	22
101	103	88	22
101	105	96	22
101	107	99	22
101	108	100	22
101	109	95	22
101	116	98	22
101	118	96	22
101	121	100	22
101	122	100	22
101	123	61	22
101	124	58	22
101	127	100	22
101	133	69	22
101	144	11	22
102	100	89	22
102	101	95	22
102	103	98	22
102	105	95	22
102	106	32	22
102	107	96	22
102	108	96	22
102	109	100	22
102	111	18	22
102	113	99	22
102	116	100	22
102	117	94	22
102	118	97	22
102	121	90	22
102	122	89	22
102	124	88	22
102	125	100	22
102	126	53	22
102	127	96	22
102	130	98	22
102	138	99	22
102	146	100	22
102	148	98	22
103	101	6	22
103	102	100	22
103	104	100	22
103	106	100	22
103	107	94	22
103	108	90	22
103	109	98	22
103	111	100	22
103	113	100	22
103	116	100	22
103	118	100	22
103	121	100	22
103	122	97	22
103	123	97	22
103	124	96	22
103	125	22	22
103	126	99	22
103	127	3	22
103	131	54	22
103	133	100	22
103	138	94	22
103	146	6	22
103	148	3	22
104	103	99	22
104	106	93	22
104	111	93	22
104	113	46	22
104	121	94	22
104	123	98	22
104	124	34	22
104	125	96	22
104	126	2	22
104	138	98	22
105	100	93	22
105	101	93	22
105	102	98	22
105	103	72	22
105	107	85	22
105	108	97	22
105	109	94	22
105	113	96	22
105	122	91	22
105	124	28	22
105	125	57	22
105	127	96	22
105	130	63	22
105	133	13	22
105	138	68	22
105	139	71	22
105	141	55	22
105	143	83	22
105	144	96	22
105	146	100	22
105	148	100	22
106	102	73	22
106	103	96	22
106	104	95	22
106	107	71	22
106	108	89	22
106	111	95	22
106	116	93	22
106	118	22	22
106	121	60	22
106	122	5	22
106	123	96	22
106	124	99	22
106	125	91	22
106	126	93	22
106	133	22	22
106	138	92	22
107	100	98	22
107	101	99	22
107	102	100	22
107	103	92	22
107	105	58	22
107	108	99	22
107	109	93	22
107	116	91	22
107	118	98	22
107	122	92	22
107	124	96	22
107	127	87	22
107	130	77	22
107	133	2	22
108	100	4	22
108	101	92	22
108	102	98	22
108	103	70	22
108	105	96	22
108	106	97	22
108	107	98	22
108	109	96	22
108	111	82	22
108	116	95	22
108	117	83	22
108	118	99	22
108	121	94	22
108	122	92	22
108	124	89	22
108	125	33	22
108	127	91	22
108	130	26	22
108	133	96	22
108	144	94	22
108	148	85	22
109	100	90	22
109	101	98	22
109	102	99	22
109	103	99	22
109	105	98	22
109	107	100	22
109	108	100	22
109	112	100	22
109	113	100	22
109	116	100	22
109	117	99	22
109	118	96	22
109	121	97	22
109	122	98	22
109	125	93	22
109	126	94	22
109	127	98	22
109	130	100	22
109	133	95	22
109	138	98	22
109	139	90	22
109	143	95	22
109	144	100	22
109	148	97	22
109	149	8	22
110	112	100	22
110	113	99	22
110	114	96	22
110	115	100	22
110	117	97	22
110	119	99	22
110	120	2	22
110	128	100	22
110	130	94	22
110	131	97	22
110	135	100	22
110	137	98	22
110	138	0	22
110	139	96	22
110	146	96	22
110	149	95	22
111	102	95	22
111	103	97	22
111	104	99	22
111	106	93	22
111	107	14	22
111	108	96	22
111	113	94	22
111	116	94	22
111	117	100	22
111	118	94	22
111	121	95	22
111	122	9	22
111	123	100	22
111	124	97	22
111	125	98	22
111	126	98	22
111	130	95	22
111	133	96	22
111	138	100	22
111	146	13	22
112	102	79	22
112	109	97	22
112	110	99	22
112	113	100	22
112	114	96	22
112	115	99	22
112	117	99	22
112	119	100	22
112	125	94	22
112	126	96	22
112	130	62	22
112	131	96	22
112	133	91	22
112	135	95	22
112	137	94	22
112	138	100	22
112	139	99	22
112	144	93	22
112	146	98	22
112	148	93	22
112	149	98	22
113	102	97	22
113	103	89	22
113	104	0	22
113	105	72	22
113	109	93	22
113	110	97	22
113	111	74	22
113	112	100	22
113	115	53	22
113	117	100	22
113	119	100	22
113	121	3	22
113	122	11	22
113	125	100	22
113	126	92	22
113	130	97	22
113	131	87	22
113	133	33	22
113	135	99	22
113	138	97	22
113	139	23	22
113	143	100	22
113	144	98	22
113	146	99	22
113	149	96	22
114	110	94	22
114	112	94	22
114	115	99	22
114	117	97	22
114	119	95	22
114	120	96	22
114	128	100	22
114	129	97	22
114	130	0	22
114	131	57	22
114	135	99	22
114	136	100	22
114	137	100	22
114	142	5	22
115	102	14	22
115	110	97	22
115	112	100	22
115	113	86	22
115	114	92	22
115	117	97	22
115	119	100	22
115	125	86	22
115	130	74	22
115	131	93	22
115	135	98	22
115	137	96	22
115	138	92	22
115	139	96	22
115	146	95	22
115	149	99	22
116	100	78	22
116	101	95	22
116	102	100	22
116	103	100	22
116	106	97	22
116	107	100	22
116	108	95	22
116	109	92	22
116	111	99	22
116	117	99	22
116	118	99	22
116	121	95	22
116	122	89	22
116	124	92	22
116	125	96	22
116	126	98	22
116	130	100	22
116	133	97	22
116	138	100	22
116	144	98	22
116	146	100	22
116	148	96	22
117	102	85	22
117	108	78	22
117	109	69	22
117	110	91	22
117	111	80	22
117	112	100	22
117	113	99	22
117	114	96	22
117	115	96	22
117	116	82	22
117	118	71	22
117	119	94	22
117	125	96	22
117	126	90	22
117	130	99	22
117	131	97	22
117	133	82	22
117	135	26	22
117	137	58	22
117	138	100	22
117	144	92	22
117	146	96	22
117	148	89	22
117	149	93	22
118	100	1	22
118	101	93	22
118	102	93	22
118	103	90	22
118	106	0	22
118	107	98	22
118	108	97	22
118	109	90	22
118	111	88	22
118	116	94	22
118	117	84	22
118	121	96	22
118	122	90	22
118	123	88	22
118	124	100	22
118	125	90	22
118	133	93	22
118	138	98	22
118	139	2	22
118	144	27	22
118	146	17	22
119	110	100	22
119	112	98	22
119	113	99	22
119	114	96	22
119	115	100	22
119	117	94	22
119	120	93	22
119	128	98	22
119	129	98	22
119	130	98	22
119	131	95	22
119	135	96	22
119	136	42	22
119	137	98	22
119	144	54	22
119	146	53	22
119	149	100	22
120	110	97	22
120	114	63	22
120	119	97	22
120	128	100	22
120	129	100	22
120	135	100	22
120	136	96	22
120	142	100	22
121	100	72	22
121	101	92	22
121	102	98	22
121	103	96	22
121	104	100	22
121	106	30	22
121	107	95	22
121	108	100	22
121	109	91	22
121	111	99	22
121	113	74	22
121	116	92	22
121	118	100	22
121	122	90	22
121	123	96	22
121	124	100	22
121	125	95	22
121	126	91	22
121	130	95	22
121	133	95	22
121	138	95	22
121	148	96	22
122	100	95	22
122	101	100	22
122	102	95	22
122	103	96	22
122	105	98	22
122	106	29	22
122	107	95	22
122	108	97	22
122	109	100	22
122	111	20	22
122	113	77	22
122	116	91	22
122	118	84	22
122	121	87	22
122	123	66	22
122	124	81	22
122	125	95	22
122	127	100	22
122	130	93	22
122	133	92	22
122	143	98	22
122	144	100	22
122	148	4	22
123	101	44	22
123	102	0	22
123	103	95	22
123	104	91	22
123	106	93	22
123	111	100	22
123	118	43	22
123	121	80	22
123	122	14	22
123	124	84	22
123	126	80	22
123	133	57	22
124	101	91	22
124	102	89	22
124	103	94	22
124	104	58	22
124	106	96	22
124	107	74	22
124	108	84	22
124	111	90	22
124	116	78	22
124	118	85	22
124	121	90	22
124	122	90	22
124	123	91	22
124	126	90	22
124	133	93	22
125	102	94	22
125	103	92	22
125	104	92	22
125	105	5	22
125	106	91	22
125	108	75	22
125	109	86	22
125	111	96	22
125	112	100	22
125	113	100	22
125	114	20	22
125	115	100	22
125	116	93	22
125	117	100	22
125	118	98	22
125	121	57	22
125	122	83	22
125	126	94	22
125	130	96	22
125	131	36	22
125	133	90	22
125	138	100	22
125	139	93	22
125	141	73	22
125	144	96	22
125	146	1	22
125	148	96	22
125	149	94	22
126	102	50	22
126	103	90	22
126	106	98	22
126	109	8	22
126	111	100	22
126	112	54	22
126	113	99	22
126	116	95	22
126	117	95	22
126	121	94	22
126	123	92	22
126	124	96	22
126	125	95	22
126	130	95	22
126	133	90	22
126	138	95	22
126	148	45	22
127	100	90	22
127	101	90	22
127	102	93	22
127	103	83	22
127	105	100	22
127	107	93	22
127	108	86	22
127	109	94	22
127	118	7	22
127	122	92	22
127	130	66	22
127	133	94	22
127	139	85	22
127	143	93	22
127	144	99	22
127	146	91	22
128	110	95	22
128	114	97	22
128	119	95	22
128	120	97	22
128	129	100	22
128	135	100	22
128	142	90	22
129	114	98	22
129	119	100	22
129	120	100	22
129	128	96	22
129	136	95	22
129	140	91	22
129	141	5	22
129	142	100	22
129	143	63	22
129	147	94	22
129	149	5	22
130	102	90	22
130	109	96	22
130	110	92	22
130	111	93	22
130	113	96	22
130	114	10	22
130	115	14	22
130	116	92	22
130	117	97	22
130	119	95	22
130	122	74	22
130	125	99	22
130	126	100	22
130	131	97	22
130	138	98	22
130	139	96	22
130	141	6	22
130	144	100	22
130	146	100	22
130	148	97	22
130	149	96	22
131	103	89	22
131	110	97	22
131	112	100	22
131	113	99	22
131	114	93	22
131	115	95	22
131	117	97	22
131	119	99	22
131	126	19	22
131	130	92	22
131	139	96	22
131	140	97	22
131	141	96	22
131	143	97	22
131	144	100	22
131	146	99	22
131	147	100	22
131	148	2	22
131	149	100	22
132	110	0	22
132	114	100	22
132	119	100	22
132	120	99	22
132	128	96	22
132	129	100	22
132	135	100	22
132	136	100	22
132	137	38	22
133	101	5	22
133	102	97	22
133	103	93	22
133	105	20	22
133	106	98	22
133	108	96	22
133	109	92	22
133	111	95	22
133	112	90	22
133	116	93	22
133	117	95	22
133	118	100	22
133	121	97	22
133	122	95	22
133	123	73	22
133	124	100	22
133	125	93	22
133	126	100	22
133	127	79	22
133	138	18	22
133	139	29	22
133	144	4	22
133	146	98	22
135	110	88	22
135	112	90	22
135	113	90	22
135	114	85	22
135	115	100	22
135	119	100	22
135	120	97	22
135	128	99	22
135	136	100	22
135	137	97	22
136	114	95	22
136	119	46	22
136	120	96	22
136	128	51	22
136	129	92	22
136	135	98	22
136	142	44	22
137	110	97	22
137	112	98	22
137	113	3	22
137	114	100	22
137	115	100	22
137	117	47	22
137	119	97	22
137	135	98	22
138	102	99	22
138	103	95	22
138	104	100	22
138	106	100	22
138	109	89	22
138	111	97	22
138	112	100	22
138	113	100	22
138	115	89	22
138	116	97	22
138	117	96	22
138	118	96	22
138	121	94	22
138	125	96	22
138	126	96	22
138	130	100	22
138	144	94	22
138	146	23	22
138	148	98	22
139	102	11	22
139	105	6	22
139	109	13	22
139	110	92	22
139	112	97	22
139	113	96	22
139	115	99	22
139	125	90	22
139	127	20	22
139	130	93	22
139	131	95	22
139	140	98	22
139	141	95	22
139	142	44	22
139	143	99	22
139	144	93	22
139	146	93	22
139	147	93	22
139	148	99	22
139	149	95	22
140	129	12	22
140	131	100	22
140	139	93	22
140	141	97	22
140	142	97	22
140	143	96	22
140	147	99	22
141	102	2	22
141	105	0	22
141	125	81	22
141	128	8	22
141	129	20	22
141	130	76	22
141	131	100	22
141	139	96	22
141	140	100	22
141	142	98	22
141	143	100	22
141	144	91	22
141	146	100	22
141	147	97	22
141	148	67	22
142	114	54	22
142	120	100	22
142	128	100	22
142	129	98	22
142	131	21	22
142	136	8	22
142	139	13	22
142	140	85	22
142	141	96	22
142	143	89	22
142	147	92	22
143	105	1	22
143	109	97	22
143	113	97	22
143	122	60	22
143	127	88	22
143	129	4	22
143	131	99	22
143	139	98	22
143	140	99	22
143	141	97	22
143	142	100	22
143	144	95	22
143	147	98	22
143	148	94	22
144	101	85	22
144	105	98	22
144	108	100	22
144	109	92	22
144	111	44	22
144	112	95	22
144	113	98	22
144	116	93	22
144	117	96	22
144	118	5	22
144	119	97	22
144	122	100	22
144	125	94	22
144	126	37	22
144	127	96	22
144	130	93	22
144	131	100	22
144	133	91	22
144	138	94	22
144	139	100	22
144	141	98	22
144	143	100	22
144	146	97	22
144	148	96	22
146	102	95	22
146	103	26	22
146	105	14	22
146	110	94	22
146	111	9	22
146	112	94	22
146	113	96	22
146	114	3	22
146	115	97	22
146	116	93	22
146	117	97	22
146	118	7	22
146	119	90	22
146	125	16	22
146	126	45	22
146	127	77	22
146	130	100	22
146	131	92	22
146	133	29	22
146	138	88	22
146	139	98	22
146	141	94	22
146	144	97	22
146	148	94	22
146	149	100	22
147	129	49	22
147	131	97	22
147	139	93	22
147	140	96	22
147	141	100	22
147	142	100	22
147	143	99	22
148	102	97	22
148	103	94	22
148	105	97	22
148	108	93	22
148	109	93	22
148	111	27	22
148	112	98	22
148	113	87	22
148	115	24	22
148	116	91	22
148	117	99	22
148	121	91	22
148	122	24	22
148	125	97	22
148	126	93	22
148	130	97	22
148	131	8	22
148	138	92	22
148	139	95	22
148	141	34	22
148	143	95	22
148	144	96	22
148	146	100	22
148	149	62	22
149	109	10	22
149	110	96	22
149	112	95	22
149	113	99	22
149	115	100	22
149	117	99	22
149	119	95	22
149	125	89	22
149	129	73	22
149	130	95	22
149	131	91	22
149	135	100	22
149	139	89	22
149	143	14	22
149	146	98	22
149	148	72	22
100	101	98	21
100	105	97	21
100	106	28	21
100	108	94	21
100	116	93	21
100	118	91	21
100	121	86	21
100	122	95	21
100	127	96	21
100	133	70	21
100	144	72	21
101	100	95	21
101	102	94	21
101	105	100	21
101	106	81	21
101	107	94	21
101	108	98	21
101	109	93	21
101	116	53	21
101	118	82	21
101	121	93	21
101	122	100	21
101	127	96	21
101	133	25	21
102	101	92	21
102	103	89	21
102	105	96	21
102	107	93	21
102	108	98	21
102	109	100	21
102	111	96	21
102	113	98	21
102	116	100	21
102	117	39	21
102	118	89	21
102	121	87	21
102	122	92	21
102	125	100	21
102	126	44	21
102	127	93	21
102	130	42	21
102	133	93	21
102	138	100	21
102	144	100	21
102	146	100	21
103	102	43	21
103	106	59	21
103	107	59	21
103	109	90	21
103	111	100	21
103	116	97	21
103	118	99	21
103	121	96	21
103	122	91	21
103	123	100	21
103	124	93	21
103	126	95	21
103	131	35	21
103	133	99	21
103	138	97	21
103	144	24	21
104	106	65	21
104	111	100	21
104	116	68	21
104	121	86	21
104	123	91	21
104	125	92	21
104	126	91	21
104	138	100	21
105	100	84	21
105	101	95	21
105	102	96	21
105	107	86	21
105	108	95	21
105	109	100	21
105	113	100	21
105	116	46	21
105	118	53	21
105	122	93	21
105	125	8	21
105	127	100	21
105	133	87	21
105	139	96	21
105	143	98	21
105	144	100	21
105	146	98	21
105	148	95	21
106	101	68	21
106	103	56	21
106	104	71	21
106	107	6	21
106	108	84	21
106	111	93	21
106	116	58	21
106	118	89	21
106	121	93	21
106	123	97	21
106	124	92	21
106	126	94	21
106	133	13	21
106	138	70	21
107	100	2	21
107	101	88	21
107	102	96	21
107	103	88	21
107	105	52	21
107	108	89	21
107	109	62	21
107	116	89	21
107	118	100	21
107	121	97	21
107	122	37	21
107	124	76	21
107	127	5	21
107	133	52	21
107	144	47	21
108	100	89	21
108	101	100	21
108	102	100	21
108	103	58	21
108	105	98	21
108	106	98	21
108	107	99	21
108	109	96	21
108	116	97	21
108	118	97	21
108	121	100	21
108	122	95	21
108	124	4	21
108	127	95	21
108	133	100	21
108	138	100	21
108	144	86	21
108	146	98	21
109	101	95	21
109	102	95	21
109	103	96	21
109	105	100	21
109	107	82	21
109	108	98	21
109	111	6	21
109	112	98	21
109	113	91	21
109	116	95	21
109	117	9	21
109	118	92	21
109	122	99	21
109	125	100	21
109	126	96	21
109	127	100	21
109	130	86	21
109	133	94	21
109	138	96	21
109	139	100	21
109	141	18	21
109	143	97	21
109	144	99	21
109	146	2	21
109	148	98	21
110	112	100	21
110	113	10	21
110	114	93	21
110	115	100	21
110	117	97	21
110	119	96	21
110	125	45	21
110	128	60	21
110	130	88	21
110	131	96	21
110	135	100	21
110	137	99	21
110	139	48	21
110	146	91	21
110	149	100	21
111	102	3	21
111	103	96	21
111	104	97	21
111	106	97	21
111	113	9	21
111	116	93	21
111	117	88	21
111	118	30	21
111	121	94	21
111	123	98	21
111	124	40	21
111	125	81	21
111	126	100	21
111	133	92	21
111	138	100	21
111	144	2	21
112	109	94	21
112	110	99	21
112	113	93	21
112	114	92	21
112	115	96	21
112	116	83	21
112	117	96	21
112	119	100	21
112	126	93	21
112	130	99	21
112	131	98	21
112	133	93	21
112	135	100	21
112	138	100	21
112	139	99	21
112	144	100	21
112	146	100	21
112	148	5	21
112	149	84	21
113	102	58	21
113	105	93	21
113	109	88	21
113	110	93	21
113	111	58	21
113	112	68	21
113	116	49	21
113	117	95	21
113	119	96	21
113	125	97	21
113	126	91	21
113	127	31	21
113	130	100	21
113	131	97	21
113	135	79	21
113	138	100	21
113	139	89	21
113	144	93	21
113	146	93	21
113	148	48	21
113	149	100	21
114	110	94	21
114	112	99	21
114	115	100	21
114	117	99	21
114	119	100	21
114	128	97	21
114	129	99	21
114	131	19	21
114	135	100	21
114	136	98	21
114	137	95	21
115	110	100	21
115	112	100	21
115	114	94	21
115	117	96	21
115	119	97	21
115	125	100	21
115	131	99	21
115	135	100	21
115	137	97	21
115	138	88	21
115	139	91	21
115	146	61	21
115	149	100	21
116	100	2	21
116	101	81	21
116	102	96	21
116	103	100	21
116	105	5	21
116	106	51	21
116	107	91	21
116	108	100	21
116	109	94	21
116	111	95	21
116	117	67	21
116	118	100	21
116	121	89	21
116	122	96	21
116	125	100	21
116	126	58	21
116	133	95	21
116	138	100	21
116	144	100	21
116	146	100	21
116	148	99	21
117	110	98	21
117	111	86	21
117	112	100	21
117	113	95	21
117	114	100	21
117	115	100	21
117	116	90	21
117	118	90	21
117	119	49	21
117	125	100	21
117	126	98	21
117	130	100	21
117	131	100	21
117	133	3	21
117	135	4	21
117	138	98	21
117	144	94	21
117	146	93	21
117	149	96	21
118	100	89	21
118	101	13	21
118	102	100	21
118	103	100	21
118	105	16	21
118	106	97	21
118	107	97	21
118	108	99	21
118	109	94	21
118	111	94	21
118	116	96	21
118	117	95	21
118	121	99	21
118	122	96	21
118	123	100	21
118	124	87	21
118	125	10	21
118	126	38	21
118	127	92	21
118	131	36	21
118	133	100	21
118	138	94	21
118	144	77	21
118	146	33	21
119	110	100	21
119	112	82	21
119	113	97	21
119	114	98	21
119	115	100	21
119	117	69	21
119	120	100	21
119	128	98	21
119	129	33	21
119	131	99	21
119	135	100	21
119	136	95	21
119	149	100	21
120	110	95	21
120	114	93	21
120	119	92	21
120	128	98	21
120	129	100	21
120	136	96	21
121	101	91	21
121	102	86	21
121	103	91	21
121	104	100	21
121	106	100	21
121	107	98	21
121	108	97	21
121	111	100	21
121	116	93	21
121	118	95	21
121	122	90	21
121	123	95	21
121	124	92	21
121	125	2	21
121	126	100	21
121	133	94	21
121	138	96	21
122	100	90	21
122	101	93	21
122	102	94	21
122	103	89	21
122	105	95	21
122	106	1	21
122	107	71	21
122	108	96	21
122	109	99	21
122	116	94	21
122	118	93	21
122	121	94	21
122	123	94	21
122	127	99	21
122	131	14	21
122	133	60	21
122	143	79	21
122	144	100	21
122	146	70	21
123	101	7	21
123	103	85	21
123	104	100	21
123	106	94	21
123	111	100	21
123	118	100	21
123	121	97	21
123	122	62	21
123	124	95	21
123	126	97	21
123	138	58	21
124	101	80	21
124	103	91	21
124	106	100	21
124	111	94	21
124	118	94	21
124	121	98	21
124	123	99	21
124	126	99	21
124	133	97	21
125	102	88	21
125	103	37	21
125	104	92	21
125	105	33	21
125	109	97	21
125	110	95	21
125	111	91	21
125	113	99	21
125	115	96	21
125	116	92	21
125	117	100	21
125	118	80	21
125	121	73	21
125	126	85	21
125	130	100	21
125	133	90	21
125	138	100	21
125	139	74	21
125	144	97	21
125	146	62	21
125	148	98	21
126	103	91	21
126	104	99	21
126	106	98	21
126	109	33	21
126	111	99	21
126	112	100	21
126	113	95	21
126	116	95	21
126	117	100	21
126	118	0	21
126	121	94	21
126	123	93	21
126	124	88	21
126	125	95	21
126	138	98	21
126	146	74	21
127	100	99	21
127	101	94	21
127	102	99	21
127	105	98	21
127	107	18	21
127	108	98	21
127	109	93	21
127	113	5	21
127	116	13	21
127	118	32	21
127	122	100	21
127	139	81	21
127	143	86	21
127	144	99	21
128	110	85	21
128	114	96	21
128	119	100	21
128	120	90	21
128	129	100	21
128	131	9	21
128	135	12	21
128	149	84	21
129	110	4	21
129	114	96	21
129	120	97	21
129	128	96	21
129	131	62	21
129	136	100	21
129	140	99	21
129	142	92	21
129	143	6	21
130	102	83	21
130	105	11	21
130	109	88	21
130	110	94	21
130	111	88	21
130	112	96	21
130	113	100	21
130	114	99	21
130	115	96	21
130	116	85	21
130	117	100	21
130	122	0	21
130	125	97	21
130	126	93	21
130	131	100	21
130	133	92	21
130	135	14	21
130	138	98	21
130	139	99	21
130	144	98	21
130	146	99	21
130	148	100	21
130	149	100	21
131	103	51	21
131	110	97	21
131	112	100	21
131	113	91	21
131	114	34	21
131	115	99	21
131	117	100	21
131	119	100	21
131	129	5	21
131	130	99	21
131	135	55	21
131	139	94	21
131	140	100	21
131	141	100	21
131	142	94	21
131	144	100	21
131	147	100	21
131	149	100	21
132	114	97	21
132	119	98	21
132	120	100	21
132	128	100	21
132	129	90	21
132	135	100	21
132	136	97	21
132	142	75	21
133	101	82	21
133	102	90	21
133	103	97	21
133	105	84	21
133	106	47	21
133	107	32	21
133	108	97	21
133	109	92	21
133	111	94	21
133	112	83	21
133	116	100	21
133	118	96	21
133	121	94	21
133	122	64	21
133	124	93	21
133	125	98	21
133	130	100	21
133	131	2	21
133	138	98	21
133	144	94	21
133	146	62	21
135	110	99	21
135	112	85	21
135	114	96	21
135	115	94	21
135	119	97	21
135	131	63	21
135	136	92	21
135	137	96	21
136	114	95	21
136	119	77	21
136	120	99	21
136	129	99	21
136	135	98	21
137	110	97	21
137	112	28	21
137	114	93	21
137	115	95	21
137	117	87	21
137	135	100	21
138	102	92	21
138	103	91	21
138	104	95	21
138	106	7	21
138	109	80	21
138	111	94	21
138	112	58	21
138	113	99	21
138	116	95	21
138	117	100	21
138	121	97	21
138	123	73	21
138	125	97	21
138	126	95	21
138	130	98	21
138	133	80	21
138	144	92	21
138	148	44	21
139	105	90	21
139	109	90	21
139	110	94	21
139	112	97	21
139	113	3	21
139	115	4	21
139	125	7	21
139	127	11	21
139	130	59	21
139	131	97	21
139	140	100	21
139	141	100	21
139	143	100	21
139	144	96	21
139	146	99	21
139	147	18	21
139	148	100	21
140	129	55	21
140	131	100	21
140	139	100	21
140	141	98	21
140	142	100	21
140	143	98	21
140	147	51	21
141	105	1	21
141	109	89	21
141	129	98	21
141	131	100	21
141	139	98	21
141	140	99	21
141	142	100	21
141	143	100	21
141	144	96	21
141	146	97	21
141	147	100	21
142	114	30	21
142	129	94	21
142	131	97	21
142	139	0	21
142	140	95	21
142	141	64	21
142	143	100	21
142	147	98	21
143	105	93	21
143	109	93	21
143	122	8	21
143	127	48	21
143	129	6	21
143	131	11	21
143	139	99	21
143	140	93	21
143	141	94	21
143	142	96	21
143	144	100	21
143	146	90	21
143	147	94	21
143	148	0	21
144	102	0	21
144	103	73	21
144	105	87	21
144	107	5	21
144	108	2	21
144	109	93	21
144	112	75	21
144	113	100	21
144	116	97	21
144	117	96	21
144	118	20	21
144	122	86	21
144	125	94	21
144	127	88	21
144	130	100	21
144	131	100	21
144	133	79	21
144	138	97	21
144	139	98	21
144	141	100	21
144	143	99	21
144	146	100	21
144	148	100	21
146	102	71	21
146	105	88	21
146	108	87	21
146	109	4	21
146	110	94	21
146	112	96	21
146	113	99	21
146	116	87	21
146	117	99	21
146	118	7	21
146	122	19	21
146	125	31	21
146	126	89	21
146	127	6	21
146	130	100	21
146	131	49	21
146	133	25	21
146	139	96	21
146	141	100	21
146	143	94	21
146	144	100	21
146	148	99	21
146	149	100	21
147	131	94	21
147	139	92	21
147	140	30	21
147	141	95	21
147	142	100	21
147	143	100	21
148	102	5	21
148	103	91	21
148	105	93	21
148	109	91	21
148	110	2	21
148	112	82	21
148	113	33	21
148	116	92	21
148	117	93	21
148	121	76	21
148	123	70	21
148	125	100	21
148	126	98	21
148	130	100	21
148	138	99	21
148	139	100	21
148	143	99	21
148	144	100	21
148	146	99	21
148	149	100	21
149	110	97	21
149	112	84	21
149	113	100	21
149	114	93	21
149	115	96	21
149	117	99	21
149	119	100	21
149	128	100	21
149	129	17	21
149	130	95	21
149	131	100	21
149	135	93	21
149	138	6	21
149	140	5	21
149	146	95	21
149	148	82	21
100	101	97	20
100	102	100	20
100	106	65	20
100	107	97	20
100	108	99	20
100	109	9	20
100	116	92	20
100	118	100	20
100	121	1	20
100	122	100	20
100	124	13	20
100	127	100	20
100	133	87	20
100	144	98	20
101	100	98	20
101	102	100	20
101	105	40	20
101	106	99	20
101	107	97	20
101	108	100	20
101	109	97	20
101	116	96	20
101	118	97	20
101	121	100	20
101	122	99	20
101	123	100	20
101	127	100	20
101	144	32	20
101	146	32	20
102	100	100	20
102	101	100	20
102	103	94	20
102	105	99	20
102	107	96	20
102	108	99	20
102	109	96	20
102	111	100	20
102	113	100	20
102	116	97	20
102	118	100	20
102	121	100	20
102	122	97	20
102	124	100	20
102	125	100	20
102	126	100	20
102	127	100	20
102	130	99	20
102	133	100	20
102	138	100	20
102	139	89	20
102	146	19	20
102	148	100	20
103	101	1	20
103	102	98	20
103	104	100	20
103	106	93	20
103	108	92	20
103	109	99	20
103	111	95	20
103	113	96	20
103	116	98	20
103	117	65	20
103	118	100	20
103	121	94	20
103	122	83	20
103	123	100	20
103	124	98	20
103	130	98	20
103	131	100	20
103	133	100	20
103	138	100	20
103	148	96	20
104	103	98	20
104	106	100	20
104	108	17	20
104	111	100	20
104	112	68	20
104	113	54	20
104	116	100	20
104	121	100	20
104	123	100	20
104	124	97	20
104	125	100	20
104	126	100	20
104	138	35	20
105	100	35	20
105	101	92	20
105	102	100	20
105	107	99	20
105	108	96	20
105	109	96	20
105	113	99	20
105	118	95	20
105	122	100	20
105	125	100	20
105	127	100	20
105	130	100	20
105	131	58	20
105	133	2	20
105	139	84	20
105	141	99	20
105	143	100	20
105	144	100	20
105	146	100	20
105	148	100	20
106	100	92	20
106	101	100	20
106	102	1	20
106	103	98	20
106	104	100	20
106	108	97	20
106	111	100	20
106	116	99	20
106	118	98	20
106	121	98	20
106	123	99	20
106	124	97	20
106	125	77	20
106	126	100	20
106	130	89	20
106	133	98	20
107	100	96	20
107	101	97	20
107	102	100	20
107	105	100	20
107	106	18	20
107	108	97	20
107	109	98	20
107	111	59	20
107	116	80	20
107	118	98	20
107	121	95	20
107	122	100	20
107	123	100	20
107	124	97	20
107	125	8	20
107	127	10	20
107	130	0	20
107	133	99	20
107	148	11	20
108	100	95	20
108	101	100	20
108	102	99	20
108	103	100	20
108	104	3	20
108	105	38	20
108	106	100	20
108	107	100	20
108	109	100	20
108	112	40	20
108	116	100	20
108	117	8	20
108	118	100	20
108	121	100	20
108	122	100	20
108	123	62	20
108	124	100	20
108	125	100	20
108	126	100	20
108	127	98	20
108	130	100	20
108	133	100	20
108	138	100	20
108	139	99	20
108	144	99	20
108	146	100	20
108	148	94	20
109	100	74	20
109	101	100	20
109	102	97	20
109	103	100	20
109	105	98	20
109	107	98	20
109	108	100	20
109	111	85	20
109	112	99	20
109	113	9	20
109	115	90	20
109	116	100	20
109	117	100	20
109	118	92	20
109	122	99	20
109	125	100	20
109	127	100	20
109	131	62	20
109	133	99	20
109	138	96	20
109	139	100	20
109	141	100	20
109	143	100	20
109	144	98	20
109	146	77	20
109	148	96	20
110	112	96	20
110	113	98	20
110	114	96	20
110	115	99	20
110	117	96	20
110	119	100	20
110	120	100	20
110	125	100	20
110	128	98	20
110	130	100	20
110	131	99	20
110	135	100	20
110	137	100	20
110	138	95	20
110	146	100	20
110	149	100	20
111	102	97	20
111	103	100	20
111	104	100	20
111	106	96	20
111	107	88	20
111	109	5	20
111	113	99	20
111	116	99	20
111	117	18	20
111	118	40	20
111	121	96	20
111	123	100	20
111	124	74	20
111	125	0	20
111	126	96	20
111	130	100	20
111	133	96	20
111	138	99	20
111	144	100	20
111	148	9	20
112	104	96	20
112	108	37	20
112	109	100	20
112	110	100	20
112	113	99	20
112	114	99	20
112	115	98	20
112	116	98	20
112	117	98	20
112	118	40	20
112	119	100	20
112	125	100	20
112	126	100	20
112	130	97	20
112	131	96	20
112	135	100	20
112	137	98	20
112	138	100	20
112	139	97	20
112	143	93	20
112	144	8	20
112	146	100	20
112	148	85	20
112	149	100	20
113	102	94	20
113	103	100	20
113	104	24	20
113	105	88	20
113	110	100	20
113	111	74	20
113	112	95	20
113	114	49	20
113	115	100	20
113	116	98	20
113	117	99	20
113	118	22	20
113	119	96	20
113	121	13	20
113	125	97	20
113	126	95	20
113	127	66	20
113	130	100	20
113	131	96	20
113	133	95	20
113	137	5	20
113	138	98	20
113	139	100	20
113	143	86	20
113	144	100	20
113	146	97	20
113	148	94	20
113	149	99	20
114	110	99	20
114	112	99	20
114	113	79	20
114	115	100	20
114	117	96	20
114	119	97	20
114	120	100	20
114	125	0	20
114	128	100	20
114	130	100	20
114	131	75	20
114	135	100	20
114	136	100	20
114	137	98	20
115	110	100	20
115	112	99	20
115	113	100	20
115	114	98	20
115	117	97	20
115	119	99	20
115	125	96	20
115	130	100	20
115	131	99	20
115	135	96	20
115	136	18	20
115	137	100	20
115	138	57	20
115	139	42	20
115	144	3	20
115	149	96	20
116	100	100	20
116	101	96	20
116	102	96	20
116	103	100	20
116	104	91	20
116	106	99	20
116	107	72	20
116	108	98	20
116	109	96	20
116	111	100	20
116	112	100	20
116	113	100	20
116	117	100	20
116	118	100	20
116	121	96	20
116	122	98	20
116	123	25	20
116	124	69	20
116	125	100	20
116	126	95	20
116	130	100	20
116	133	98	20
116	138	100	20
116	144	100	20
116	146	19	20
116	148	100	20
117	103	86	20
117	108	6	20
117	109	31	20
117	110	100	20
117	111	2	20
117	112	100	20
117	113	100	20
117	114	100	20
117	115	100	20
117	116	98	20
117	118	86	20
117	119	97	20
117	120	13	20
117	125	100	20
117	126	97	20
117	130	99	20
117	131	100	20
117	133	98	20
117	137	66	20
117	138	98	20
117	143	0	20
117	144	97	20
117	146	100	20
117	148	100	20
117	149	100	20
118	100	99	20
118	101	100	20
118	102	96	20
118	103	98	20
118	104	1	20
118	105	94	20
118	106	96	20
118	107	100	20
118	108	99	20
118	111	7	20
118	112	4	20
118	116	100	20
118	117	100	20
118	121	96	20
118	122	60	20
118	123	100	20
118	124	99	20
118	125	100	20
118	126	5	20
118	127	100	20
118	130	91	20
118	131	91	20
118	133	100	20
118	144	100	20
118	148	99	20
119	110	98	20
119	112	100	20
119	113	100	20
119	114	100	20
119	115	100	20
119	117	96	20
119	120	100	20
119	125	89	20
119	128	100	20
119	131	99	20
119	135	100	20
119	136	93	20
119	137	100	20
119	144	89	20
119	148	100	20
119	149	100	20
120	110	100	20
120	114	98	20
120	117	19	20
120	119	97	20
120	128	100	20
120	129	97	20
120	135	64	20
120	136	98	20
120	142	55	20
121	100	87	20
121	101	100	20
121	102	100	20
121	103	99	20
121	104	100	20
121	106	97	20
121	107	100	20
121	108	96	20
121	111	100	20
121	113	39	20
121	116	100	20
121	118	96	20
121	122	96	20
121	123	99	20
121	124	100	20
121	126	99	20
121	127	0	20
121	130	100	20
121	133	99	20
121	138	98	20
122	100	98	20
122	101	97	20
122	102	98	20
122	103	91	20
122	105	100	20
122	107	98	20
122	108	99	20
122	109	96	20
122	116	100	20
122	117	73	20
122	118	94	20
122	121	96	20
122	123	32	20
122	125	99	20
122	127	99	20
122	131	9	20
122	133	58	20
122	139	42	20
122	143	97	20
122	144	100	20
122	146	100	20
123	101	98	20
123	103	95	20
123	104	100	20
123	106	99	20
123	107	96	20
123	108	91	20
123	111	100	20
123	116	45	20
123	118	96	20
123	121	96	20
123	124	100	20
123	125	97	20
123	126	100	20
123	130	74	20
123	138	96	20
123	148	96	20
124	102	100	20
124	103	99	20
124	104	42	20
124	106	99	20
124	107	94	20
124	108	94	20
124	111	100	20
124	116	98	20
124	118	100	20
124	121	98	20
124	123	100	20
124	125	20	20
124	126	96	20
124	133	98	20
124	138	85	20
125	102	100	20
125	104	100	20
125	105	80	20
125	106	22	20
125	108	65	20
125	109	96	20
125	110	100	20
125	112	100	20
125	113	100	20
125	114	20	20
125	115	96	20
125	116	96	20
125	117	100	20
125	118	89	20
125	119	19	20
125	123	100	20
125	124	13	20
125	126	100	20
125	130	100	20
125	131	100	20
125	133	100	20
125	138	100	20
125	139	100	20
125	144	100	20
125	146	97	20
125	148	100	20
126	102	100	20
126	104	100	20
126	106	100	20
126	108	99	20
126	111	97	20
126	112	96	20
126	113	97	20
126	116	99	20
126	117	100	20
126	121	97	20
126	123	100	20
126	124	98	20
126	125	100	20
126	130	98	20
126	138	100	20
126	146	100	20
126	148	97	20
127	100	100	20
127	101	100	20
127	102	100	20
127	105	100	20
127	107	98	20
127	108	100	20
127	109	100	20
127	112	0	20
127	113	100	20
127	116	5	20
127	118	100	20
127	121	5	20
127	122	100	20
127	125	75	20
127	133	100	20
127	138	20	20
127	139	96	20
127	143	51	20
127	144	100	20
128	110	99	20
128	114	97	20
128	119	100	20
128	120	100	20
128	129	99	20
128	131	98	20
128	135	15	20
128	136	20	20
128	142	93	20
128	149	99	20
129	114	100	20
129	120	100	20
129	128	98	20
129	131	0	20
129	136	97	20
129	139	59	20
129	140	96	20
129	141	100	20
129	142	99	20
129	143	21	20
129	147	61	20
130	102	100	20
130	103	98	20
130	105	47	20
130	106	34	20
130	107	4	20
130	108	93	20
130	110	98	20
130	111	94	20
130	112	100	20
130	113	100	20
130	114	85	20
130	115	98	20
130	116	100	20
130	117	98	20
130	118	49	20
130	121	92	20
130	123	22	20
130	125	100	20
130	126	100	20
130	131	100	20
130	133	100	20
130	135	37	20
130	138	100	20
130	139	100	20
130	144	100	20
130	146	98	20
130	148	98	20
130	149	95	20
131	103	96	20
131	110	97	20
131	112	100	20
131	113	98	20
131	114	100	20
131	115	100	20
131	117	98	20
131	118	73	20
131	119	100	20
131	125	99	20
131	128	99	20
131	130	100	20
131	133	60	20
131	135	100	20
131	138	19	20
131	139	96	20
131	140	100	20
131	141	96	20
131	143	11	20
131	144	8	20
131	146	3	20
131	147	97	20
131	149	97	20
132	114	100	20
132	115	96	20
132	119	100	20
132	120	98	20
132	128	100	20
132	129	100	20
132	135	98	20
132	136	95	20
132	137	97	20
132	142	15	20
132	149	87	20
133	100	93	20
133	101	40	20
133	102	100	20
133	103	100	20
133	104	7	20
133	106	97	20
133	107	82	20
133	108	97	20
133	109	100	20
133	111	95	20
133	113	100	20
133	116	100	20
133	117	100	20
133	118	100	20
133	121	99	20
133	124	100	20
133	125	98	20
133	127	100	20
133	130	98	20
133	131	100	20
133	138	97	20
133	144	100	20
133	146	98	20
133	148	96	20
135	110	98	20
135	112	100	20
135	114	100	20
135	115	100	20
135	119	98	20
135	120	11	20
135	130	75	20
135	131	100	20
135	136	96	20
135	137	97	20
135	149	5	20
136	114	97	20
136	115	4	20
136	119	100	20
136	120	100	20
136	128	20	20
136	129	99	20
136	135	100	20
136	137	98	20
137	110	100	20
137	112	96	20
137	113	76	20
137	114	99	20
137	115	100	20
137	117	42	20
137	119	99	20
137	135	100	20
137	136	100	20
138	102	99	20
138	103	99	20
138	105	2	20
138	106	10	20
138	108	97	20
138	109	90	20
138	110	91	20
138	111	100	20
138	112	97	20
138	113	100	20
138	115	17	20
138	116	99	20
138	117	96	20
138	121	100	20
138	123	100	20
138	124	65	20
138	125	97	20
138	126	100	20
138	130	100	20
138	131	0	20
138	133	92	20
138	144	100	20
138	146	0	20
138	148	100	20
138	149	94	20
139	102	66	20
139	105	10	20
139	108	91	20
139	109	99	20
139	112	99	20
139	113	100	20
139	114	7	20
139	115	84	20
139	116	50	20
139	125	97	20
139	127	98	20
139	129	39	20
139	130	100	20
139	131	100	20
139	140	100	20
139	141	96	20
139	142	100	20
139	143	100	20
139	144	98	20
139	146	100	20
139	147	100	20
139	148	98	20
139	149	100	20
140	129	91	20
140	131	100	20
140	139	99	20
140	141	100	20
140	142	100	20
140	143	100	20
140	147	100	20
140	149	97	20
141	105	80	20
141	109	98	20
141	113	18	20
141	119	0	20
141	129	97	20
141	131	96	20
141	139	99	20
141	140	100	20
141	142	100	20
141	143	96	20
141	144	96	20
141	146	97	20
141	147	98	20
141	148	96	20
141	149	97	20
142	114	1	20
142	120	72	20
142	128	100	20
142	129	100	20
142	139	100	20
142	140	100	20
142	141	100	20
142	143	100	20
142	146	28	20
142	147	98	20
143	105	100	20
143	109	100	20
143	112	87	20
143	113	100	20
143	117	0	20
143	122	96	20
143	129	96	20
143	130	12	20
143	131	52	20
143	139	100	20
143	140	100	20
143	141	100	20
143	142	100	20
143	144	100	20
143	146	96	20
143	147	100	20
143	148	100	20
144	100	100	20
144	101	41	20
144	102	20	20
144	105	95	20
144	108	94	20
144	109	100	20
144	111	85	20
144	113	100	20
144	116	97	20
144	117	100	20
144	118	99	20
144	119	2	20
144	122	100	20
144	125	100	20
144	126	0	20
144	127	95	20
144	130	100	20
144	133	96	20
144	138	96	20
144	139	99	20
144	141	99	20
144	143	96	20
144	146	98	20
144	148	99	20
144	149	68	20
146	101	66	20
146	102	89	20
146	105	96	20
146	108	100	20
146	109	68	20
146	110	96	20
146	112	100	20
146	113	100	20
146	116	31	20
146	117	93	20
146	122	48	20
146	125	100	20
146	126	96	20
146	130	97	20
146	138	53	20
146	139	99	20
146	141	100	20
146	142	36	20
146	143	100	20
146	144	100	20
146	148	100	20
146	149	100	20
147	131	95	20
147	139	100	20
147	140	100	20
147	141	100	20
147	142	100	20
147	143	99	20
148	102	100	20
148	103	98	20
148	105	97	20
148	107	1	20
148	108	88	20
148	109	99	20
148	112	55	20
148	113	100	20
148	116	99	20
148	117	100	20
148	118	90	20
148	119	87	20
148	123	98	20
148	125	100	20
148	126	96	20
148	130	100	20
148	133	89	20
148	138	100	20
148	139	97	20
148	140	8	20
148	141	34	20
148	143	97	20
148	144	100	20
148	146	100	20
148	149	100	20
149	110	100	20
149	112	100	20
149	113	96	20
149	115	99	20
149	117	99	20
149	119	100	20
149	128	100	20
149	130	96	20
149	131	100	20
149	135	61	20
149	138	95	20
149	139	100	20
149	140	99	20
149	141	100	20
149	144	62	20
149	146	100	20
149	148	96	20
100	101	99	15
100	102	14	15
100	105	64	15
100	107	91	15
100	109	73	15
100	118	88	15
100	121	85	15
100	122	91	15
100	124	1	15
100	127	92	15
100	133	0	15
101	100	95	15
101	102	89	15
101	103	88	15
101	105	93	15
101	106	72	15
101	107	98	15
101	108	85	15
101	109	99	15
101	116	84	15
101	118	82	15
101	121	54	15
101	122	100	15
101	123	88	15
101	124	58	15
101	127	100	15
101	133	14	15
101	144	76	15
102	100	2	15
102	101	80	15
102	103	69	15
102	105	91	15
102	107	97	15
102	108	97	15
102	109	90	15
102	112	97	15
102	113	91	15
102	116	79	15
102	117	99	15
102	118	90	15
102	122	85	15
102	125	97	15
102	127	86	15
102	130	96	15
102	131	0	15
102	133	83	15
102	138	90	15
102	139	88	15
102	144	99	15
102	146	97	15
102	148	20	15
103	100	9	15
103	101	79	15
103	102	2	15
103	104	74	15
103	106	79	15
103	108	91	15
103	109	81	15
103	111	99	15
103	113	42	15
103	116	88	15
103	118	83	15
103	121	84	15
103	123	77	15
103	124	77	15
103	125	97	15
103	126	98	15
103	127	73	15
103	130	99	15
103	131	95	15
103	133	84	15
103	138	89	15
103	144	77	15
103	148	92	15
104	103	85	15
104	106	88	15
104	111	99	15
104	116	59	15
104	118	84	15
104	121	89	15
104	123	97	15
104	125	91	15
104	126	96	15
104	138	95	15
105	100	70	15
105	101	86	15
105	102	98	15
105	107	19	15
105	108	74	15
105	109	95	15
105	113	95	15
105	116	70	15
105	118	60	15
105	121	5	15
105	122	96	15
105	126	31	15
105	127	99	15
105	133	69	15
105	138	14	15
105	139	6	15
105	141	5	15
105	143	74	15
105	144	95	15
105	146	99	15
105	148	58	15
106	101	90	15
106	103	83	15
106	104	97	15
106	107	12	15
106	108	82	15
106	111	96	15
106	116	84	15
106	117	18	15
106	118	84	15
106	121	96	15
106	123	100	15
106	124	87	15
106	126	83	15
106	133	23	15
106	138	97	15
107	100	97	15
107	101	93	15
107	102	95	15
107	105	4	15
107	108	84	15
107	109	87	15
107	111	9	15
107	116	6	15
107	118	95	15
107	121	88	15
107	122	97	15
107	124	88	15
107	127	90	15
107	133	88	15
107	144	89	15
108	100	0	15
108	101	98	15
108	102	100	15
108	103	95	15
108	105	100	15
108	106	83	15
108	107	85	15
108	109	97	15
108	111	78	15
108	112	70	15
108	113	58	15
108	116	100	15
108	117	16	15
108	118	100	15
108	121	86	15
108	122	99	15
108	124	6	15
108	125	85	15
108	126	62	15
108	127	79	15
108	130	60	15
108	133	89	15
108	138	40	15
108	139	6	15
108	144	96	15
108	146	100	15
108	148	100	15
109	100	90	15
109	101	83	15
109	102	91	15
109	103	69	15
109	105	100	15
109	107	74	15
109	108	92	15
109	113	95	15
109	116	97	15
109	117	74	15
109	118	12	15
109	122	95	15
109	125	87	15
109	127	98	15
109	130	90	15
109	133	87	15
109	138	77	15
109	139	92	15
109	143	90	15
109	144	98	15
109	146	99	15
109	147	0	15
109	148	0	15
110	112	98	15
110	113	100	15
110	114	100	15
110	115	100	15
110	117	100	15
110	119	99	15
110	125	100	15
110	128	98	15
110	130	79	15
110	131	96	15
110	135	99	15
110	137	100	15
110	146	46	15
110	149	100	15
111	103	89	15
111	104	99	15
111	106	89	15
111	107	62	15
111	108	58	15
111	113	90	15
111	116	92	15
111	118	77	15
111	121	96	15
111	123	97	15
111	124	95	15
111	125	85	15
111	126	92	15
111	130	64	15
111	138	97	15
111	144	29	15
111	148	94	15
112	102	82	15
112	108	75	15
112	109	16	15
112	110	96	15
112	113	100	15
112	114	8	15
112	115	100	15
112	116	88	15
112	117	100	15
112	125	80	15
112	126	66	15
112	130	96	15
112	131	100	15
112	133	47	15
112	135	98	15
112	138	100	15
112	139	24	15
112	143	76	15
112	144	88	15
112	146	5	15
112	148	100	15
113	102	77	15
113	105	88	15
113	108	44	15
113	109	90	15
113	110	98	15
113	111	41	15
113	112	100	15
113	116	63	15
113	117	100	15
113	118	54	15
113	121	18	15
113	125	100	15
113	126	71	15
113	127	69	15
113	130	100	15
113	131	93	15
113	133	0	15
113	138	94	15
113	139	86	15
113	143	70	15
113	144	50	15
113	146	100	15
113	148	96	15
113	149	97	15
114	110	100	15
114	113	18	15
114	115	98	15
114	117	100	15
114	119	100	15
114	120	100	15
114	128	100	15
114	130	91	15
114	131	98	15
114	135	100	15
114	136	100	15
114	137	100	15
114	139	13	15
114	148	0	15
114	149	98	15
115	110	98	15
115	112	100	15
115	114	94	15
115	117	100	15
115	119	98	15
115	125	91	15
115	130	93	15
115	131	89	15
115	135	96	15
115	144	81	15
115	146	89	15
115	149	94	15
116	101	77	15
116	102	89	15
116	103	95	15
116	104	62	15
116	105	93	15
116	106	50	15
116	107	72	15
116	108	94	15
116	109	93	15
116	111	51	15
116	112	93	15
116	113	94	15
116	117	96	15
116	118	80	15
116	121	57	15
116	122	87	15
116	123	78	15
116	124	84	15
116	125	100	15
116	126	88	15
116	127	50	15
116	130	100	15
116	131	89	15
116	133	97	15
116	138	99	15
116	139	89	15
116	144	91	15
116	146	80	15
116	148	95	15
117	102	88	15
117	108	45	15
117	109	82	15
117	110	100	15
117	112	99	15
117	113	100	15
117	114	96	15
117	115	100	15
117	116	85	15
117	119	96	15
117	121	62	15
117	122	18	15
117	125	100	15
117	126	9	15
117	128	6	15
117	130	95	15
117	131	94	15
117	133	79	15
117	138	100	15
117	139	20	15
117	144	51	15
117	146	95	15
117	148	90	15
117	149	96	15
118	100	84	15
118	101	84	15
118	102	85	15
118	103	78	15
118	104	70	15
118	106	80	15
118	107	100	15
118	108	97	15
118	109	3	15
118	111	63	15
118	113	65	15
118	116	88	15
118	121	94	15
118	122	91	15
118	123	8	15
118	124	76	15
118	125	94	15
118	126	60	15
118	127	88	15
118	131	8	15
118	133	100	15
118	146	18	15
118	148	88	15
119	110	100	15
119	114	99	15
119	115	100	15
119	117	100	15
119	120	50	15
119	125	97	15
119	128	99	15
119	129	66	15
119	130	90	15
119	135	98	15
119	136	88	15
119	137	92	15
119	139	26	15
119	144	2	15
119	148	6	15
119	149	99	15
120	114	35	15
120	119	87	15
120	128	2	15
120	129	59	15
120	135	3	15
120	136	97	15
120	142	4	15
121	100	81	15
121	101	13	15
121	103	97	15
121	104	96	15
121	106	90	15
121	107	85	15
121	108	98	15
121	111	87	15
121	113	15	15
121	116	73	15
121	117	27	15
121	118	95	15
121	122	88	15
121	123	96	15
121	124	95	15
121	125	64	15
121	126	95	15
121	133	88	15
121	138	94	15
122	100	94	15
122	101	97	15
122	102	96	15
122	105	95	15
122	107	91	15
122	108	100	15
122	109	99	15
122	113	5	15
122	116	84	15
122	117	49	15
122	118	89	15
122	121	85	15
122	127	100	15
122	130	12	15
122	133	90	15
122	138	24	15
122	139	2	15
122	143	80	15
122	144	96	15
122	148	7	15
123	101	85	15
123	103	82	15
123	104	100	15
123	106	98	15
123	107	17	15
123	111	99	15
123	116	84	15
123	118	27	15
123	121	80	15
123	124	81	15
123	125	12	15
123	126	95	15
123	138	88	15
123	148	77	15
124	100	2	15
124	101	74	15
124	103	80	15
124	106	96	15
124	107	70	15
124	111	91	15
124	116	3	15
124	118	81	15
124	121	100	15
124	123	93	15
124	126	38	15
124	133	63	15
125	102	83	15
125	103	90	15
125	104	94	15
125	108	86	15
125	109	58	15
125	110	100	15
125	111	81	15
125	112	51	15
125	113	100	15
125	115	100	15
125	116	88	15
125	117	100	15
125	118	79	15
125	119	99	15
125	123	0	15
125	126	89	15
125	127	31	15
125	130	96	15
125	131	93	15
125	133	88	15
125	138	100	15
125	144	95	15
125	146	100	15
125	148	100	15
125	149	67	15
126	103	92	15
126	104	99	15
126	106	88	15
126	111	91	15
126	112	9	15
126	113	95	15
126	116	85	15
126	118	35	15
126	121	92	15
126	123	94	15
126	125	97	15
126	130	73	15
126	138	98	15
126	144	96	15
126	146	85	15
127	100	100	15
127	101	100	15
127	102	96	15
127	103	81	15
127	105	99	15
127	107	88	15
127	109	99	15
127	113	74	15
127	116	1	15
127	118	87	15
127	122	99	15
127	125	80	15
127	133	88	15
127	143	48	15
127	144	97	15
127	148	98	15
128	110	99	15
128	113	0	15
128	114	100	15
128	117	4	15
128	119	100	15
128	129	95	15
128	131	90	15
128	135	100	15
128	136	95	15
128	141	1	15
128	142	97	15
128	149	100	15
129	119	97	15
129	120	7	15
129	128	95	15
129	131	31	15
129	136	93	15
129	140	22	15
129	141	90	15
129	142	97	15
129	143	2	15
129	147	11	15
129	149	94	15
130	102	91	15
130	103	87	15
130	105	31	15
130	108	35	15
130	109	95	15
130	110	100	15
130	111	62	15
130	112	100	15
130	113	100	15
130	114	100	15
130	115	100	15
130	116	86	15
130	117	100	15
130	119	100	15
130	125	100	15
130	126	82	15
130	131	97	15
130	133	89	15
130	138	100	15
130	139	97	15
130	141	18	15
130	146	100	15
130	148	96	15
130	149	95	15
131	103	83	15
131	110	92	15
131	112	100	15
131	113	100	15
131	114	88	15
131	115	95	15
131	116	69	15
131	117	100	15
131	125	100	15
131	128	97	15
131	129	15	15
131	130	94	15
131	139	87	15
131	140	88	15
131	141	91	15
131	142	89	15
131	143	92	15
131	147	89	15
131	149	97	15
132	110	82	15
132	114	98	15
132	115	0	15
132	119	100	15
132	120	96	15
132	128	94	15
132	135	100	15
132	136	98	15
132	142	15	15
132	149	66	15
133	100	79	15
133	101	81	15
133	102	94	15
133	103	92	15
133	105	90	15
133	106	0	15
133	107	72	15
133	108	100	15
133	109	100	15
133	111	22	15
133	112	0	15
133	113	32	15
133	116	100	15
133	117	99	15
133	118	100	15
133	121	86	15
133	122	96	15
133	123	31	15
133	124	83	15
133	125	89	15
133	127	91	15
133	130	97	15
133	138	2	15
133	139	69	15
133	144	93	15
133	146	20	15
133	148	96	15
135	110	97	15
135	112	93	15
135	114	100	15
135	115	95	15
135	119	98	15
135	128	97	15
135	136	92	15
135	137	97	15
136	114	96	15
136	119	100	15
136	120	99	15
136	128	98	15
136	129	96	15
136	135	100	15
136	142	7	15
137	110	97	15
137	112	27	15
137	114	100	15
137	115	37	15
137	117	89	15
137	119	100	15
137	120	23	15
137	135	100	15
137	136	93	15
137	149	46	15
138	102	82	15
138	103	89	15
138	104	90	15
138	105	6	15
138	106	87	15
138	109	24	15
138	111	88	15
138	112	98	15
138	113	98	15
138	116	90	15
138	117	97	15
138	121	86	15
138	123	85	15
138	125	100	15
138	126	100	15
138	130	98	15
138	133	21	15
138	139	9	15
138	144	65	15
138	146	3	15
138	148	90	15
138	149	96	15
139	102	82	15
139	109	87	15
139	112	84	15
139	113	100	15
139	114	2	15
139	116	82	15
139	117	60	15
139	119	8	15
139	122	0	15
139	130	91	15
139	131	93	15
139	133	47	15
139	138	65	15
139	140	73	15
139	141	94	15
139	142	82	15
139	143	99	15
139	144	95	15
139	146	97	15
139	147	67	15
139	148	99	15
139	149	91	15
140	129	4	15
140	131	94	15
140	139	89	15
140	141	98	15
140	142	98	15
140	143	100	15
140	147	74	15
140	149	0	15
141	109	28	15
141	112	92	15
141	128	60	15
141	129	90	15
141	130	86	15
141	131	96	15
141	139	100	15
141	140	92	15
141	142	92	15
141	143	81	15
141	144	94	15
141	146	99	15
141	147	88	15
141	148	98	15
141	149	67	15
142	128	95	15
142	129	49	15
142	131	92	15
142	136	17	15
142	139	93	15
142	140	100	15
142	141	96	15
142	143	88	15
142	147	100	15
143	105	95	15
143	109	96	15
143	112	95	15
143	113	79	15
143	122	91	15
143	125	27	15
143	127	50	15
143	129	15	15
143	131	98	15
143	139	100	15
143	140	97	15
143	141	29	15
143	142	90	15
143	144	95	15
143	146	73	15
143	147	90	15
143	149	92	15
144	101	82	15
144	102	75	15
144	103	52	15
144	105	99	15
144	107	77	15
144	108	82	15
144	109	92	15
144	110	0	15
144	112	89	15
144	113	91	15
144	115	80	15
144	116	82	15
144	117	9	15
144	118	2	15
144	122	100	15
144	125	91	15
144	126	81	15
144	127	93	15
144	131	52	15
144	133	69	15
144	138	79	15
144	139	87	15
144	141	89	15
144	143	87	15
144	146	99	15
144	148	92	15
144	149	89	15
146	101	8	15
146	102	92	15
146	103	0	15
146	105	79	15
146	107	43	15
146	108	99	15
146	109	99	15
146	110	98	15
146	111	48	15
146	113	100	15
146	115	93	15
146	116	76	15
146	117	100	15
146	118	82	15
146	121	6	15
146	125	100	15
146	126	89	15
146	130	96	15
146	131	91	15
146	133	66	15
146	138	89	15
146	139	93	15
146	141	97	15
146	142	4	15
146	143	89	15
146	144	98	15
146	147	11	15
146	148	98	15
146	149	92	15
147	128	37	15
147	129	10	15
147	131	70	15
147	139	90	15
147	140	61	15
147	141	67	15
147	142	94	15
147	143	94	15
148	103	89	15
148	105	45	15
148	108	90	15
148	109	25	15
148	111	93	15
148	112	100	15
148	113	95	15
148	114	24	15
148	115	6	15
148	116	85	15
148	117	94	15
148	118	80	15
148	119	13	15
148	123	83	15
148	125	96	15
148	127	85	15
148	130	95	15
148	131	4	15
148	133	90	15
148	138	88	15
148	139	92	15
148	141	88	15
148	143	7	15
148	144	100	15
148	146	100	15
148	149	95	15
149	110	100	15
149	113	82	15
149	114	99	15
149	115	96	15
149	117	94	15
149	119	99	15
149	125	43	15
149	128	100	15
149	129	33	15
149	130	95	15
149	131	95	15
149	138	83	15
149	139	87	15
149	144	91	15
149	146	98	15
149	147	5	15
149	148	92	15
