100	101	95	26
100	102	100	26
100	105	97	26
100	106	41	26
100	107	89	26
100	108	94	26
100	109	100	26
100	118	97	26
100	122	97	26
100	127	87	26
100	133	66	26
101	100	94	26
101	102	98	26
101	105	100	26
101	106	100	26
101	107	90	26
101	108	90	26
101	109	100	26
101	116	93	26
101	121	97	26
101	122	93	26
101	127	91	26
101	133	94	26
101	148	9	26
102	100	92	26
102	101	99	26
102	103	100	26
102	105	96	26
102	107	93	26
102	108	100	26
102	109	98	26
102	112	91	26
102	113	100	26
102	115	5	26
102	116	98	26
102	118	100	26
102	122	99	26
102	125	23	26
102	126	82	26
102	127	94	26
102	133	100	26
102	138	100	26
102	139	97	26
102	144	96	26
102	146	57	26
102	148	97	26
103	102	98	26
103	104	95	26
103	106	95	26
103	107	88	26
103	108	92	26
103	111	100	26
103	113	100	26
103	116	94	26
103	117	12	26
103	118	88	26
103	121	97	26
103	123	94	26
103	124	95	26
103	125	97	26
103	126	98	26
103	130	100	26
103	131	93	26
103	133	89	26
103	138	94	26
103	146	52	26
103	148	100	26
104	103	100	26
104	106	92	26
104	108	18	26
104	111	96	26
104	112	76	26
104	118	88	26
104	121	93	26
104	123	99	26
104	124	89	26
104	126	93	26
104	138	99	26
105	100	100	26
105	101	100	26
105	102	100	26
105	108	92	26
105	109	100	26
105	113	89	26
105	116	23	26
105	118	93	26
105	122	96	26
105	127	100	26
105	130	96	26
105	133	73	26
105	138	14	26
105	139	93	26
105	141	98	26
105	143	97	26
105	144	99	26
105	146	100	26
106	100	1	26
106	101	13	26
106	103	96	26
106	104	98	26
106	108	55	26
106	109	4	26
106	111	98	26
106	116	10	26
106	118	100	26
106	121	100	26
106	122	15	26
106	123	98	26
106	124	96	26
106	125	77	26
106	126	100	26
106	133	99	26
106	138	99	26
107	100	100	26
107	101	96	26
107	102	94	26
107	103	99	26
107	108	100	26
107	109	83	26
107	116	87	26
107	118	96	26
107	121	91	26
107	122	97	26
107	124	93	26
107	125	0	26
107	127	86	26
107	144	94	26
108	100	100	26
108	101	100	26
108	102	100	26
108	103	96	26
108	104	64	26
108	105	100	26
108	106	91	26
108	107	96	26
108	109	100	26
108	111	23	26
108	113	13	26
108	116	97	26
108	117	65	26
108	118	93	26
108	121	95	26
108	122	96	26
108	123	97	26
108	125	94	26
108	127	100	26
108	130	9	26
108	133	97	26
108	138	94	26
108	139	94	26
108	144	100	26
108	148	96	26
109	100	95	26
109	101	92	26
109	102	94	26
109	105	100	26
109	106	61	26
109	107	96	26
109	108	99	26
109	112	89	26
109	116	94	26
109	117	96	26
109	122	97	26
109	125	100	26
109	126	97	26
109	127	100	26
109	130	96	26
109	131	45	26
109	133	93	26
109	138	96	26
109	139	40	26
109	143	78	26
109	144	98	26
109	147	3	26
109	148	98	26
110	112	100	26
110	113	100	26
110	114	97	26
110	115	100	26
110	119	91	26
110	125	98	26
110	128	96	26
110	130	100	26
110	131	99	26
110	135	98	26
110	136	7	26
110	137	100	26
110	139	17	26
110	146	97	26
110	149	100	26
111	103	100	26
111	104	100	26
111	106	96	26
111	113	97	26
111	116	93	26
111	117	91	26
111	118	95	26
111	121	98	26
111	123	96	26
111	124	98	26
111	125	58	26
111	126	98	26
111	133	95	26
111	138	93	26
111	148	92	26
112	102	93	26
112	104	46	26
112	109	89	26
112	110	100	26
112	113	97	26
112	115	78	26
112	116	100	26
112	117	94	26
112	119	97	26
112	125	100	26
112	128	98	26
112	130	96	26
112	131	100	26
112	133	86	26
112	138	100	26
112	139	12	26
112	144	11	26
112	146	57	26
112	148	97	26
112	149	94	26
113	102	100	26
113	103	94	26
113	105	8	26
113	110	100	26
113	111	86	26
113	112	100	26
113	115	95	26
113	116	98	26
113	117	94	26
113	118	100	26
113	119	98	26
113	121	95	26
113	122	100	26
113	125	88	26
113	130	100	26
113	131	100	26
113	133	87	26
113	138	100	26
113	139	98	26
113	143	24	26
113	144	100	26
113	146	100	26
113	148	98	26
113	149	100	26
114	110	99	26
114	115	24	26
114	117	35	26
114	119	100	26
114	120	97	26
114	125	56	26
114	128	100	26
114	129	32	26
114	130	30	26
114	135	100	26
114	136	96	26
114	137	95	26
114	146	27	26
115	110	96	26
115	112	32	26
115	113	97	26
115	114	5	26
115	117	100	26
115	119	95	26
115	125	100	26
115	128	3	26
115	130	84	26
115	131	100	26
115	138	91	26
115	141	2	26
115	146	94	26
115	149	93	26
116	101	92	26
116	102	100	26
116	103	94	26
116	104	0	26
116	107	88	26
116	108	93	26
116	109	94	26
116	111	99	26
116	112	100	26
116	113	96	26
116	115	6	26
116	117	95	26
116	118	97	26
116	122	97	26
116	123	79	26
116	125	94	26
116	126	98	26
116	127	85	26
116	130	100	26
116	133	83	26
116	138	98	26
116	139	91	26
116	144	97	26
116	146	99	26
116	148	95	26
116	149	18	26
117	108	56	26
117	109	94	26
117	110	18	26
117	111	92	26
117	112	100	26
117	113	97	26
117	115	100	26
117	116	97	26
117	118	3	26
117	119	96	26
117	120	2	26
117	125	96	26
117	126	92	26
117	130	99	26
117	131	96	26
117	133	94	26
117	135	83	26
117	137	97	26
117	138	96	26
117	139	40	26
117	144	95	26
117	146	97	26
117	148	97	26
117	149	100	26
118	100	95	26
118	102	100	26
118	103	100	26
118	104	96	26
118	105	9	26
118	106	93	26
118	107	93	26
118	108	93	26
118	111	100	26
118	112	3	26
118	113	93	26
118	116	100	26
118	117	8	26
118	121	98	26
118	122	96	26
118	123	99	26
118	124	93	26
118	125	99	26
118	126	86	26
118	127	12	26
118	130	96	26
118	131	6	26
118	133	100	26
118	138	96	26
118	144	100	26
118	146	95	26
119	110	97	26
119	112	98	26
119	113	95	26
119	114	100	26
119	115	98	26
119	117	89	26
119	120	100	26
119	128	98	26
119	129	100	26
119	130	42	26
119	131	96	26
119	135	89	26
119	136	100	26
119	137	95	26
119	139	2	26
119	144	26	26
119	146	97	26
119	148	100	26
119	149	94	26
120	114	100	26
120	119	87	26
120	128	100	26
120	129	100	26
120	135	99	26
120	136	99	26
120	142	100	26
121	101	95	26
121	103	96	26
121	104	100	26
121	106	99	26
121	107	100	26
121	108	89	26
121	111	96	26
121	113	100	26
121	118	93	26
121	123	99	26
121	124	92	26
121	125	15	26
121	126	93	26
121	133	93	26
121	138	96	26
121	148	3	26
122	100	97	26
122	101	87	26
122	102	100	26
122	105	88	26
122	106	100	26
122	107	96	26
122	108	100	26
122	109	99	26
122	113	92	26
122	116	100	26
122	117	86	26
122	118	100	26
122	121	6	26
122	123	93	26
122	124	98	26
122	125	100	26
122	127	97	26
122	130	8	26
122	133	91	26
122	139	53	26
122	143	94	26
122	144	94	26
122	148	98	26
123	103	100	26
123	104	100	26
123	106	100	26
123	108	97	26
123	111	91	26
123	112	10	26
123	116	54	26
123	118	91	26
123	121	98	26
123	122	0	26
123	124	99	26
123	126	92	26
123	130	41	26
123	133	32	26
123	138	100	26
123	148	51	26
124	103	97	26
124	104	100	26
124	106	100	26
124	107	93	26
124	111	100	26
124	118	100	26
124	121	100	26
124	123	98	26
124	126	72	26
124	138	32	26
125	102	51	26
125	103	96	26
125	106	16	26
125	108	85	26
125	109	97	26
125	110	97	26
125	111	52	26
125	112	98	26
125	113	98	26
125	114	10	26
125	115	91	26
125	116	97	26
125	117	99	26
125	118	92	26
125	121	24	26
125	122	69	26
125	126	100	26
125	127	4	26
125	130	97	26
125	131	100	26
125	133	100	26
125	138	100	26
125	139	6	26
125	144	19	26
125	148	88	26
125	149	97	26
126	102	87	26
126	103	100	26
126	104	100	26
126	106	98	26
126	109	64	26
126	110	0	26
126	111	100	26
126	113	89	26
126	116	94	26
126	117	99	26
126	118	93	26
126	121	96	26
126	123	100	26
126	124	100	26
126	125	94	26
126	133	8	26
126	138	94	26
126	144	93	26
126	146	93	26
126	148	100	26
127	100	100	26
127	101	93	26
127	102	100	26
127	105	99	26
127	107	92	26
127	108	100	26
127	109	97	26
127	113	96	26
127	116	96	26
127	118	90	26
127	122	99	26
127	125	70	26
127	133	64	26
127	143	16	26
127	144	91	26
127	146	97	26
127	148	100	26
128	110	62	26
128	112	86	26
128	114	99	26
128	115	0	26
128	119	100	26
128	120	95	26
128	129	99	26
128	135	96	26
128	136	0	26
128	142	93	26
128	149	100	26
129	114	58	26
129	119	100	26
129	120	99	26
129	128	93	26
129	131	98	26
129	135	4	26
129	136	95	26
129	140	80	26
129	142	100	26
129	147	100	26
130	103	100	26
130	105	49	26
130	109	100	26
130	110	97	26
130	112	98	26
130	113	100	26
130	114	5	26
130	115	100	26
130	116	96	26
130	117	95	26
130	118	88	26
130	119	17	26
130	123	41	26
130	125	99	26
130	131	95	26
130	138	100	26
130	139	91	26
130	141	38	26
130	143	91	26
130	144	98	26
130	146	93	26
130	148	94	26
130	149	79	26
131	103	92	26
131	110	100	26
131	112	99	26
131	113	100	26
131	115	100	26
131	117	98	26
131	119	99	26
131	125	99	26
131	128	7	26
131	129	26	26
131	130	99	26
131	138	40	26
131	139	97	26
131	140	96	26
131	141	94	26
131	142	100	26
131	143	96	26
131	144	86	26
131	146	100	26
131	147	15	26
131	148	100	26
131	149	100	26
132	110	79	26
132	112	4	26
132	114	100	26
132	115	100	26
132	119	100	26
132	120	95	26
132	129	95	26
132	135	100	26
132	136	96	26
132	137	96	26
133	100	14	26
133	101	97	26
133	102	94	26
133	103	91	26
133	106	88	26
133	108	90	26
133	109	74	26
133	111	100	26
133	112	96	26
133	113	97	26
133	116	73	26
133	117	98	26
133	118	96	26
133	121	98	26
133	122	96	26
133	123	54	26
133	125	98	26
133	127	3	26
133	138	99	26
133	144	94	26
133	146	94	26
133	148	100	26
135	110	97	26
135	114	99	26
135	117	91	26
135	119	94	26
135	120	94	26
135	128	94	26
135	136	100	26
135	137	97	26
135	149	100	26
136	114	94	26
136	119	100	26
136	120	94	26
136	128	75	26
136	129	97	26
136	135	94	26
136	137	1	26
136	142	7	26
137	110	97	26
137	112	4	26
137	114	100	26
137	115	88	26
137	117	91	26
137	119	94	26
137	135	98	26
137	136	6	26
138	102	55	26
138	103	100	26
138	104	95	26
138	106	94	26
138	108	90	26
138	109	95	26
138	111	96	26
138	112	100	26
138	113	97	26
138	115	99	26
138	116	96	26
138	117	96	26
138	118	93	26
138	121	96	26
138	123	96	26
138	124	10	26
138	125	100	26
138	126	99	26
138	130	100	26
138	131	34	26
138	133	95	26
138	146	82	26
138	148	100	26
139	102	49	26
139	105	100	26
139	108	60	26
139	112	1	26
139	113	97	26
139	116	94	26
139	117	38	26
139	130	95	26
139	131	96	26
139	140	97	26
139	141	97	26
139	142	100	26
139	143	100	26
139	144	100	26
139	147	95	26
139	148	100	26
139	149	89	26
140	129	6	26
140	131	97	26
140	139	92	26
140	141	100	26
140	143	100	26
140	147	90	26
141	105	49	26
141	112	7	26
141	115	91	26
141	120	8	26
141	125	1	26
141	130	50	26
141	131	99	26
141	139	99	26
141	140	98	26
141	142	99	26
141	143	91	26
141	146	97	26
141	147	96	26
141	148	90	26
141	149	98	26
142	120	92	26
142	128	94	26
142	129	97	26
142	131	92	26
142	136	96	26
142	139	95	26
142	140	6	26
142	141	94	26
142	143	100	26
142	147	93	26
143	105	88	26
143	113	82	26
143	130	67	26
143	131	100	26
143	139	98	26
143	140	99	26
143	141	90	26
143	142	100	26
143	144	78	26
143	146	96	26
143	147	97	26
144	102	98	26
144	105	92	26
144	107	99	26
144	108	99	26
144	109	97	26
144	111	2	26
144	112	68	26
144	113	97	26
144	116	96	26
144	117	99	26
144	118	100	26
144	119	83	26
144	122	97	26
144	125	63	26
144	126	63	26
144	127	95	26
144	130	99	26
144	131	96	26
144	133	96	26
144	139	97	26
144	143	78	26
144	146	96	26
144	148	100	26
146	102	95	26
146	103	93	26
146	105	98	26
146	110	96	26
146	112	100	26
146	113	95	26
146	114	82	26
146	115	92	26
146	116	100	26
146	117	92	26
146	118	94	26
146	119	100	26
146	126	92	26
146	127	94	26
146	128	100	26
146	130	100	26
146	131	100	26
146	133	98	26
146	138	93	26
146	141	96	26
146	143	96	26
146	144	100	26
146	148	98	26
146	149	100	26
147	129	92	26
147	131	83	26
147	139	96	26
147	140	96	26
147	141	94	26
147	142	94	26
147	143	100	26
148	102	96	26
148	103	84	26
148	108	100	26
148	109	100	26
148	111	80	26
148	112	100	26
148	113	100	26
148	116	97	26
148	117	100	26
148	119	96	26
148	122	75	26
148	125	100	26
148	126	95	26
148	127	100	26
148	130	97	26
148	131	100	26
148	133	98	26
148	138	100	26
148	139	99	26
148	141	100	26
148	144	99	26
148	146	99	26
148	149	99	26
149	110	100	26
149	112	100	26
149	113	100	26
149	115	100	26
149	116	17	26
149	117	97	26
149	119	94	26
149	125	97	26
149	128	99	26
149	130	100	26
149	131	100	26
149	135	100	26
149	139	99	26
149	141	97	26
149	146	100	26
149	148	95	26
100	101	61	25
100	102	98	25
100	105	57	25
100	107	97	25
100	108	95	25
100	109	100	25
100	116	74	25
100	118	95	25
100	121	88	25
100	122	94	25
100	127	96	25
100	133	4	25
100	144	8	25
101	100	45	25
101	102	99	25
101	103	67	25
101	105	100	25
101	106	85	25
101	107	97	25
101	108	97	25
101	109	100	25
101	116	100	25
101	118	98	25
101	121	93	25
101	122	100	25
101	123	0	25
101	124	12	25
101	127	100	25
101	133	98	25
101	144	19	25
102	100	100	25
102	101	96	25
102	103	99	25
102	105	100	25
102	107	100	25
102	108	94	25
102	109	100	25
102	112	47	25
102	113	87	25
102	116	100	25
102	118	97	25
102	122	99	25
102	124	90	25
102	125	99	25
102	126	70	25
102	127	96	25
102	133	100	25
102	138	100	25
102	139	91	25
102	144	99	25
102	146	98	25
102	148	65	25
103	101	84	25
103	102	98	25
103	104	100	25
103	106	98	25
103	108	100	25
103	109	94	25
103	111	98	25
103	113	96	25
103	116	100	25
103	118	94	25
103	121	92	25
103	123	93	25
103	124	99	25
103	125	41	25
103	126	100	25
103	130	93	25
103	131	9	25
103	133	97	25
103	138	99	25
103	139	100	25
103	144	27	25
103	146	82	25
104	103	99	25
104	106	100	25
104	108	14	25
104	111	100	25
104	118	51	25
104	121	94	25
104	123	99	25
104	124	100	25
104	125	74	25
104	126	99	25
104	138	96	25
105	100	99	25
105	101	96	25
105	102	99	25
105	103	47	25
105	107	98	25
105	108	100	25
105	109	98	25
105	113	97	25
105	116	89	25
105	117	4	25
105	122	100	25
105	125	98	25
105	127	100	25
105	130	96	25
105	133	100	25
105	138	93	25
105	139	99	25
105	143	100	25
105	144	93	25
105	146	100	25
105	148	10	25
106	101	92	25
106	103	97	25
106	104	93	25
106	107	0	25
106	111	100	25
106	116	22	25
106	118	97	25
106	121	100	25
106	123	95	25
106	124	93	25
106	125	100	25
106	126	2	25
106	130	35	25
106	133	98	25
106	138	95	25
107	100	100	25
107	101	92	25
107	102	98	25
107	105	99	25
107	108	97	25
107	109	100	25
107	116	92	25
107	118	98	25
107	121	100	25
107	122	96	25
107	124	99	25
107	127	100	25
107	133	92	25
107	144	94	25
107	146	90	25
108	100	99	25
108	101	100	25
108	102	97	25
108	103	100	25
108	105	96	25
108	107	99	25
108	109	100	25
108	113	100	25
108	116	95	25
108	118	99	25
108	121	100	25
108	122	95	25
108	123	83	25
108	124	97	25
108	125	100	25
108	127	14	25
108	130	94	25
108	133	98	25
108	138	100	25
108	139	69	25
108	144	98	25
108	148	98	25
109	100	97	25
109	101	100	25
109	102	96	25
109	103	100	25
109	105	97	25
109	107	100	25
109	108	98	25
109	113	95	25
109	116	91	25
109	117	99	25
109	118	96	25
109	122	100	25
109	124	3	25
109	125	93	25
109	127	92	25
109	130	100	25
109	131	3	25
109	133	99	25
109	138	100	25
109	139	100	25
109	141	5	25
109	143	98	25
109	144	100	25
109	146	99	25
109	148	96	25
110	112	94	25
110	113	91	25
110	114	100	25
110	115	94	25
110	117	96	25
110	119	100	25
110	128	100	25
110	130	98	25
110	131	100	25
110	135	100	25
110	137	96	25
110	138	74	25
110	139	71	25
110	143	17	25
110	146	100	25
110	149	100	25
111	103	99	25
111	104	99	25
111	108	6	25
111	113	100	25
111	116	97	25
111	118	100	25
111	125	98	25
111	126	100	25
111	130	28	25
111	133	100	25
111	138	98	25
111	148	98	25
112	102	96	25
112	110	100	25
112	113	98	25
112	115	100	25
112	116	97	25
112	117	100	25
112	119	94	25
112	125	99	25
112	126	1	25
112	128	93	25
112	131	100	25
112	137	100	25
112	138	100	25
112	141	99	25
112	146	93	25
112	148	96	25
112	149	92	25
113	102	84	25
113	103	100	25
113	108	91	25
113	109	4	25
113	110	97	25
113	111	94	25
113	112	100	25
113	115	99	25
113	116	99	25
113	117	100	25
113	118	64	25
113	119	94	25
113	121	0	25
113	125	98	25
113	127	100	25
113	130	100	25
113	131	98	25
113	133	5	25
113	137	86	25
113	138	14	25
113	139	100	25
113	144	100	25
113	146	96	25
113	148	99	25
113	149	95	25
114	110	100	25
114	115	82	25
114	119	100	25
114	120	97	25
114	128	94	25
114	129	16	25
114	130	60	25
114	131	57	25
114	135	98	25
114	136	100	25
114	137	100	25
114	148	1	25
115	110	100	25
115	112	99	25
115	113	100	25
115	114	100	25
115	117	100	25
115	119	100	25
115	125	99	25
115	130	96	25
115	131	94	25
115	146	0	25
115	149	100	25
116	100	75	25
116	101	99	25
116	102	100	25
116	103	99	25
116	105	45	25
116	106	78	25
116	107	100	25
116	108	93	25
116	109	100	25
116	111	100	25
116	112	97	25
116	113	94	25
116	117	98	25
116	118	100	25
116	121	91	25
116	122	91	25
116	123	4	25
116	125	99	25
116	126	85	25
116	127	20	25
116	130	96	25
116	131	97	25
116	133	98	25
116	138	93	25
116	139	1	25
116	144	7	25
116	146	92	25
116	148	97	25
117	109	98	25
117	110	100	25
117	111	6	25
117	112	98	25
117	113	98	25
117	114	87	25
117	115	100	25
117	116	97	25
117	119	100	25
117	125	97	25
117	126	98	25
117	130	68	25
117	131	99	25
117	133	100	25
117	135	98	25
117	137	89	25
117	138	100	25
117	146	100	25
117	148	100	25
117	149	100	25
118	100	100	25
118	101	96	25
118	102	100	25
118	103	100	25
118	104	30	25
118	106	2	25
118	107	99	25
118	108	98	25
118	109	96	25
118	111	100	25
118	113	100	25
118	116	99	25
118	121	100	25
118	122	100	25
118	123	8	25
118	124	97	25
118	125	98	25
118	126	96	25
118	127	100	25
118	130	100	25
118	133	95	25
118	138	100	25
118	146	81	25
118	148	99	25
119	110	97	25
119	112	95	25
119	113	99	25
119	114	98	25
119	115	100	25
119	117	100	25
119	120	100	25
119	125	89	25
119	128	95	25
119	129	98	25
119	130	94	25
119	131	0	25
119	135	97	25
119	136	100	25
119	137	99	25
119	146	97	25
119	148	97	25
119	149	100	25
120	114	96	25
120	119	92	25
120	128	100	25
120	129	100	25
120	131	26	25
120	136	96	25
120	142	100	25
121	100	88	25
121	101	94	25
121	102	4	25
121	103	99	25
121	104	98	25
121	106	98	25
121	107	91	25
121	108	99	25
121	111	40	25
121	113	98	25
121	116	80	25
121	118	100	25
121	122	98	25
121	123	99	25
121	124	98	25
121	125	4	25
121	126	96	25
121	133	99	25
121	138	96	25
121	148	0	25
122	100	100	25
122	101	96	25
122	102	95	25
122	103	89	25
122	105	91	25
122	106	0	25
122	107	97	25
122	108	96	25
122	109	97	25
122	111	98	25
122	113	45	25
122	116	96	25
122	118	98	25
122	121	100	25
122	123	18	25
122	124	49	25
122	125	100	25
122	126	12	25
122	127	96	25
122	130	97	25
122	133	97	25
122	144	97	25
122	148	100	25
123	101	3	25
123	103	100	25
123	104	99	25
123	106	98	25
123	108	98	25
123	118	79	25
123	121	96	25
123	124	100	25
123	126	99	25
123	130	96	25
123	133	83	25
123	138	100	25
123	148	90	25
124	101	65	25
124	102	89	25
124	103	97	25
124	104	100	25
124	106	100	25
124	107	100	25
124	108	97	25
124	111	7	25
124	118	96	25
124	121	100	25
124	123	94	25
125	102	100	25
125	103	80	25
125	104	33	25
125	105	27	25
125	106	96	25
125	108	96	25
125	109	38	25
125	111	98	25
125	112	98	25
125	113	97	25
125	115	97	25
125	116	100	25
125	117	94	25
125	118	100	25
125	119	100	25
125	122	97	25
125	126	100	25
125	130	100	25
125	131	96	25
125	133	94	25
125	138	95	25
125	144	98	25
125	146	96	25
125	148	98	25
126	102	76	25
126	103	98	25
126	104	100	25
126	111	97	25
126	117	98	25
126	118	84	25
126	121	97	25
126	123	94	25
126	125	100	25
126	130	100	25
126	138	100	25
126	144	100	25
126	146	97	25
127	100	100	25
127	101	99	25
127	102	100	25
127	105	98	25
127	107	99	25
127	108	82	25
127	109	100	25
127	113	100	25
127	116	18	25
127	122	99	25
127	125	0	25
127	130	0	25
127	133	94	25
127	138	14	25
127	143	81	25
127	144	100	25
127	146	100	25
127	148	92	25
128	110	93	25
128	114	97	25
128	119	100	25
128	120	94	25
128	129	97	25
128	135	96	25
128	142	100	25
128	149	96	25
129	114	59	25
129	119	93	25
129	120	100	25
129	128	100	25
129	131	67	25
129	136	100	25
129	140	100	25
129	142	97	25
129	143	75	25
129	147	93	25
130	103	99	25
130	105	69	25
130	106	3	25
130	108	97	25
130	109	100	25
130	110	96	25
130	113	90	25
130	114	45	25
130	115	94	25
130	116	98	25
130	118	100	25
130	119	99	25
130	122	12	25
130	123	97	25
130	125	100	25
130	126	96	25
130	131	100	25
130	133	99	25
130	138	96	25
130	139	96	25
130	141	9	25
130	143	98	25
130	144	96	25
130	146	96	25
130	148	98	25
130	149	53	25
131	103	9	25
131	110	99	25
131	112	100	25
131	113	100	25
131	114	72	25
131	115	98	25
131	116	1	25
131	117	100	25
131	120	18	25
131	125	95	25
131	129	47	25
131	130	89	25
131	138	6	25
131	139	100	25
131	141	97	25
131	142	100	25
131	143	95	25
131	144	98	25
131	147	19	25
131	148	94	25
131	149	98	25
132	114	95	25
132	115	100	25
132	119	94	25
132	120	96	25
132	128	31	25
132	129	96	25
132	135	97	25
132	136	100	25
132	137	61	25
133	101	97	25
133	102	100	25
133	103	100	25
133	105	96	25
133	106	98	25
133	107	100	25
133	108	100	25
133	109	93	25
133	111	94	25
133	113	67	25
133	116	94	25
133	117	98	25
133	118	100	25
133	121	100	25
133	122	100	25
133	123	3	25
133	125	91	25
133	127	100	25
133	130	94	25
133	138	100	25
133	144	100	25
133	146	99	25
133	148	100	25
134	102	99	25
134	110	98	25
134	112	100	25
134	113	96	25
134	114	100	25
134	115	99	25
134	116	38	25
134	117	100	25
134	119	94	25
134	120	9	25
134	125	97	25
134	128	100	25
134	130	98	25
134	131	96	25
134	133	87	25
134	137	93	25
134	138	96	25
134	139	48	25
134	141	16	25
134	143	98	25
134	144	98	25
134	146	100	25
134	148	93	25
134	149	71	25
135	110	100	25
135	114	94	25
135	117	100	25
135	119	100	25
135	128	100	25
135	136	94	25
135	137	100	25
135	149	100	25
136	114	95	25
136	119	100	25
136	120	100	25
136	128	11	25
136	129	100	25
136	135	97	25
136	137	36	25
136	142	100	25
137	110	93	25
137	112	85	25
137	113	97	25
137	114	100	25
137	115	17	25
137	117	99	25
137	119	100	25
137	128	15	25
137	135	100	25
137	136	72	25
138	102	88	25
138	103	100	25
138	104	100	25
138	105	0	25
138	106	100	25
138	108	93	25
138	109	8	25
138	110	14	25
138	111	96	25
138	112	100	25
138	116	94	25
138	117	94	25
138	118	100	25
138	121	94	25
138	123	97	25
138	125	100	25
138	126	100	25
138	130	100	25
138	131	3	25
138	133	85	25
138	144	6	25
138	146	100	25
138	148	96	25
138	149	14	25
139	102	97	25
139	103	97	25
139	105	89	25
139	108	81	25
139	109	100	25
139	110	81	25
139	113	100	25
139	128	7	25
139	130	100	25
139	131	100	25
139	140	100	25
139	141	100	25
139	143	92	25
139	144	97	25
139	146	99	25
139	147	97	25
139	149	79	25
140	129	98	25
140	139	96	25
140	141	100	25
140	142	98	25
140	143	94	25
140	147	100	25
141	112	95	25
141	128	0	25
141	130	92	25
141	131	100	25
141	139	97	25
141	140	100	25
141	142	100	25
141	143	100	25
141	144	99	25
141	147	6	25
141	148	100	25
141	149	100	25
142	120	100	25
142	128	100	25
142	129	100	25
142	131	94	25
142	136	100	25
142	139	17	25
142	140	97	25
142	141	98	25
142	143	97	25
142	146	12	25
142	147	96	25
143	105	100	25
143	109	100	25
143	110	21	25
143	129	22	25
143	130	96	25
143	131	100	25
143	139	96	25
143	140	99	25
143	141	100	25
143	142	99	25
143	144	100	25
143	147	100	25
143	148	96	25
144	100	9	25
144	101	98	25
144	102	100	25
144	103	98	25
144	105	98	25
144	107	99	25
144	108	94	25
144	109	97	25
144	113	97	25
144	116	5	25
144	122	100	25
144	125	100	25
144	126	95	25
144	127	94	25
144	130	100	25
144	131	98	25
144	133	97	25
144	138	96	25
144	139	97	25
144	141	96	25
144	143	99	25
144	146	96	25
144	148	100	25
144	149	22	25
146	102	99	25
146	103	94	25
146	105	92	25
146	107	93	25
146	108	6	25
146	109	98	25
146	110	97	25
146	112	97	25
146	113	91	25
146	116	98	25
146	117	99	25
146	118	99	25
146	119	100	25
146	125	92	25
146	126	100	25
146	127	98	25
146	128	63	25
146	130	100	25
146	133	100	25
146	138	96	25
146	139	99	25
146	142	51	25
146	144	94	25
146	148	96	25
146	149	95	25
147	129	96	25
147	131	30	25
147	139	98	25
147	140	99	25
147	142	98	25
147	143	100	25
148	102	100	25
148	108	99	25
148	109	100	25
148	110	4	25
148	111	99	25
148	112	98	25
148	113	100	25
148	114	65	25
148	116	100	25
148	117	96	25
148	118	96	25
148	119	100	25
148	123	90	25
148	125	100	25
148	126	40	25
148	127	100	25
148	130	98	25
148	131	96	25
148	133	100	25
148	138	96	25
148	141	99	25
148	143	95	25
148	144	99	25
148	146	91	25
148	149	99	25
149	108	6	25
149	110	96	25
149	112	96	25
149	113	99	25
149	115	96	25
149	117	100	25
149	119	90	25
149	128	100	25
149	130	100	25
149	131	92	25
149	135	96	25
149	138	100	25
149	139	86	25
149	141	94	25
149	143	11	25
149	144	17	25
149	146	100	25
149	148	95	25
100	101	82	24
100	102	98	24
100	105	88	24
100	107	100	24
100	108	100	24
100	109	36	24
100	116	10	24
100	118	98	24
100	122	77	24
100	127	93	24
100	133	90	24
100	144	29	24
101	102	87	24
101	103	96	24
101	105	100	24
101	107	96	24
101	108	100	24
101	109	96	24
101	116	98	24
101	118	98	24
101	121	93	24
101	122	97	24
101	123	79	24
101	124	58	24
101	127	96	24
101	133	93	24
102	100	98	24
102	101	95	24
102	103	99	24
102	107	92	24
102	108	100	24
102	109	100	24
102	112	48	24
102	113	99	24
102	116	96	24
102	117	85	24
102	118	93	24
102	122	95	24
102	123	10	24
102	124	97	24
102	125	99	24
102	126	87	24
102	127	93	24
102	130	0	24
102	133	97	24
102	138	96	24
102	139	11	24
102	144	99	24
102	146	99	24
102	148	95	24
103	101	62	24
103	102	96	24
103	104	98	24
103	106	95	24
103	107	100	24
103	108	98	24
103	111	96	24
103	113	100	24
103	116	98	24
103	118	100	24
103	121	91	24
103	122	72	24
103	123	100	24
103	124	9	24
103	125	92	24
103	126	100	24
103	130	98	24
103	131	86	24
103	133	100	24
103	138	100	24
103	139	100	24
103	144	96	24
103	146	11	24
103	148	99	24
104	103	99	24
104	106	94	24
104	111	90	24
104	113	90	24
104	116	97	24
104	117	48	24
104	118	84	24
104	121	94	24
104	123	100	24
104	124	100	24
104	125	33	24
104	126	96	24
104	133	8	24
104	138	100	24
104	148	42	24
105	100	95	24
105	101	99	24
105	103	17	24
105	108	100	24
105	109	100	24
105	112	38	24
105	116	98	24
105	117	60	24
105	118	15	24
105	122	99	24
105	125	100	24
105	126	11	24
105	127	92	24
105	130	100	24
105	133	91	24
105	138	98	24
105	139	97	24
105	141	96	24
105	143	100	24
105	144	92	24
105	146	100	24
105	148	100	24
105	149	2	24
106	101	25	24
106	102	10	24
106	103	95	24
106	104	64	24
106	107	4	24
106	108	8	24
106	111	95	24
106	113	68	24
106	116	47	24
106	117	68	24
106	118	31	24
106	121	99	24
106	123	97	24
106	124	100	24
106	125	57	24
106	126	97	24
106	130	46	24
106	133	100	24
106	138	98	24
107	100	94	24
107	101	93	24
107	102	97	24
107	103	100	24
107	108	100	24
107	109	93	24
107	116	100	24
107	118	95	24
107	121	99	24
107	122	97	24
107	123	24	24
107	124	97	24
107	127	95	24
107	133	100	24
107	144	99	24
107	146	27	24
107	148	65	24
108	100	71	24
108	101	94	24
108	102	99	24
108	103	97	24
108	105	63	24
108	106	15	24
108	107	96	24
108	109	93	24
108	113	8	24
108	116	98	24
108	117	34	24
108	118	100	24
108	121	92	24
108	122	100	24
108	123	8	24
108	124	100	24
108	125	93	24
108	126	95	24
108	127	9	24
108	130	99	24
108	133	99	24
108	144	95	24
108	146	66	24
108	148	97	24
109	100	95	24
109	101	92	24
109	102	98	24
109	103	50	24
109	105	97	24
109	107	97	24
109	108	100	24
109	111	10	24
109	112	100	24
109	113	92	24
109	115	5	24
109	116	99	24
109	117	100	24
109	118	94	24
109	119	29	24
109	122	100	24
109	124	20	24
109	125	93	24
109	127	100	24
109	130	97	24
109	131	59	24
109	133	97	24
109	138	100	24
109	139	94	24
109	140	19	24
109	143	100	24
109	144	97	24
109	146	96	24
109	148	98	24
109	149	89	24
110	112	93	24
110	113	98	24
110	114	95	24
110	115	98	24
110	117	94	24
110	119	98	24
110	120	93	24
110	125	100	24
110	128	61	24
110	130	100	24
110	131	99	24
110	135	100	24
110	137	94	24
110	139	51	24
110	146	93	24
110	148	94	24
110	149	95	24
111	102	4	24
111	103	95	24
111	104	100	24
111	106	87	24
111	108	11	24
111	112	76	24
111	117	86	24
111	118	64	24
111	121	94	24
111	123	98	24
111	124	48	24
111	125	95	24
111	126	100	24
111	130	89	24
111	133	96	24
111	138	100	24
111	144	6	24
111	146	21	24
111	148	100	24
112	102	51	24
112	109	54	24
112	110	92	24
112	111	62	24
112	113	100	24
112	115	96	24
112	116	97	24
112	117	100	24
112	118	54	24
112	119	100	24
112	125	100	24
112	130	98	24
112	131	97	24
112	135	63	24
112	137	94	24
112	138	98	24
112	139	94	24
112	141	78	24
112	146	99	24
112	148	95	24
112	149	92	24
113	102	92	24
113	103	92	24
113	104	91	24
113	106	3	24
113	108	4	24
113	109	98	24
113	110	93	24
113	112	99	24
113	115	98	24
113	116	100	24
113	117	96	24
113	118	100	24
113	119	100	24
113	121	0	24
113	125	100	24
113	127	98	24
113	130	97	24
113	131	100	24
113	133	83	24
113	135	65	24
113	137	93	24
113	138	100	24
113	139	100	24
113	143	73	24
113	144	96	24
113	146	98	24
113	148	95	24
113	149	100	24
114	110	100	24
114	112	15	24
114	115	100	24
114	117	97	24
114	119	93	24
114	120	100	24
114	125	4	24
114	128	93	24
114	129	94	24
114	130	76	24
114	131	3	24
114	135	98	24
114	136	94	24
114	137	96	24
114	148	79	24
114	149	96	24
115	110	100	24
115	112	93	24
115	113	99	24
115	114	96	24
115	116	28	24
115	117	100	24
115	119	100	24
115	125	96	24
115	130	95	24
115	131	23	24
115	135	47	24
115	137	100	24
115	139	98	24
115	146	94	24
115	148	31	24
115	149	100	24
116	100	13	24
116	101	96	24
116	102	96	24
116	103	100	24
116	104	100	24
116	105	66	24
116	106	48	24
116	107	100	24
116	108	96	24
116	109	83	24
116	112	97	24
116	113	99	24
116	115	53	24
116	117	93	24
116	118	100	24
116	121	13	24
116	122	97	24
116	123	80	24
116	124	70	24
116	125	100	24
116	126	97	24
116	127	93	24
116	130	100	24
116	131	83	24
116	133	100	24
116	138	93	24
116	144	63	24
116	146	99	24
116	148	100	24
116	149	97	24
117	102	77	24
117	104	18	24
117	106	7	24
117	108	8	24
117	109	92	24
117	110	97	24
117	111	85	24
117	112	96	24
117	113	100	24
117	114	100	24
117	115	100	24
117	116	97	24
117	119	100	24
117	125	99	24
117	126	97	24
117	128	6	24
117	130	90	24
117	131	100	24
117	133	93	24
117	135	93	24
117	137	98	24
117	138	99	24
117	144	99	24
117	146	100	24
117	148	93	24
117	149	96	24
118	100	94	24
118	101	95	24
118	102	100	24
118	103	90	24
118	104	96	24
118	106	80	24
118	107	98	24
118	108	94	24
118	109	100	24
118	111	35	24
118	112	65	24
118	113	100	24
118	116	95	24
118	121	100	24
118	122	77	24
118	123	100	24
118	124	84	24
118	125	99	24
118	126	5	24
118	130	100	24
118	131	13	24
118	133	99	24
118	138	77	24
118	144	58	24
118	146	0	24
118	148	100	24
119	110	100	24
119	112	96	24
119	113	97	24
119	114	96	24
119	115	93	24
119	117	100	24
119	120	93	24
119	125	97	24
119	128	96	24
119	129	100	24
119	130	94	24
119	131	98	24
119	135	100	24
119	139	6	24
119	144	3	24
119	146	96	24
119	148	99	24
119	149	97	24
120	110	100	24
120	114	97	24
120	119	97	24
120	128	98	24
120	129	100	24
120	135	100	24
120	136	99	24
120	137	100	24
121	101	97	24
121	103	100	24
121	104	95	24
121	106	96	24
121	107	95	24
121	108	97	24
121	111	100	24
121	113	13	24
121	118	100	24
121	122	94	24
121	123	97	24
121	124	100	24
121	125	100	24
121	126	100	24
121	130	18	24
121	133	96	24
121	138	97	24
122	100	85	24
122	101	98	24
122	102	100	24
122	103	97	24
122	105	100	24
122	107	100	24
122	108	96	24
122	109	94	24
122	111	10	24
122	113	100	24
122	116	41	24
122	118	100	24
122	121	99	24
122	124	19	24
122	125	94	24
122	126	21	24
122	127	100	24
122	130	39	24
122	133	96	24
122	138	97	24
122	143	97	24
122	144	100	24
122	146	18	24
122	148	80	24
123	101	92	24
123	102	41	24
123	103	93	24
123	104	95	24
123	106	97	24
123	107	5	24
123	108	19	24
123	111	98	24
123	116	65	24
123	118	100	24
123	121	97	24
123	124	91	24
123	125	100	24
123	126	98	24
123	130	98	24
123	133	93	24
123	138	100	24
124	101	97	24
124	102	92	24
124	103	67	24
124	104	97	24
124	106	100	24
124	107	98	24
124	108	93	24
124	118	61	24
124	121	98	24
124	123	100	24
124	125	92	24
124	126	21	24
124	133	87	24
125	102	93	24
125	103	97	24
125	104	6	24
125	105	92	24
125	106	55	24
125	108	87	24
125	109	11	24
125	110	98	24
125	111	95	24
125	112	93	24
125	113	100	24
125	115	99	24
125	116	100	24
125	117	99	24
125	118	92	24
125	119	96	24
125	121	100	24
125	122	39	24
125	123	66	24
125	124	95	24
125	126	100	24
125	130	89	24
125	133	93	24
125	138	100	24
125	144	15	24
125	146	100	24
125	148	96	24
126	102	76	24
126	103	97	24
126	104	100	24
126	106	88	24
126	108	98	24
126	111	98	24
126	116	100	24
126	117	96	24
126	118	21	24
126	121	93	24
126	123	96	24
126	125	96	24
126	130	100	24
126	138	100	24
126	144	90	24
126	146	98	24
126	148	95	24
127	100	100	24
127	101	67	24
127	102	98	24
127	105	88	24
127	107	100	24
127	108	71	24
127	109	94	24
127	113	100	24
127	116	98	24
127	122	97	24
127	130	29	24
127	133	100	24
127	143	90	24
127	144	94	24
127	146	100	24
127	148	97	24
128	114	98	24
128	119	97	24
128	120	99	24
128	129	22	24
128	135	100	24
128	137	0	24
128	140	7	24
128	142	100	24
128	149	99	24
129	114	91	24
129	119	96	24
129	120	99	24
129	128	98	24
129	131	100	24
129	136	93	24
129	140	100	24
129	143	66	24
129	147	82	24
129	149	71	24
130	102	0	24
130	103	95	24
130	105	7	24
130	106	12	24
130	108	85	24
130	109	100	24
130	110	90	24
130	111	98	24
130	112	95	24
130	113	94	24
130	114	96	24
130	115	96	24
130	116	89	24
130	117	100	24
130	118	97	24
130	119	95	24
130	121	0	24
130	123	97	24
130	125	99	24
130	126	100	24
130	131	95	24
130	133	92	24
130	138	100	24
130	139	100	24
130	141	29	24
130	143	1	24
130	144	100	24
130	146	94	24
130	148	96	24
130	149	55	24
131	103	85	24
131	110	92	24
131	112	100	24
131	113	100	24
131	114	30	24
131	115	35	24
131	116	87	24
131	117	95	24
131	118	33	24
131	119	90	24
131	125	1	24
131	129	96	24
131	130	94	24
131	138	99	24
131	139	94	24
131	140	87	24
131	141	96	24
131	142	90	24
131	143	94	24
131	144	97	24
131	146	100	24
131	147	84	24
131	148	100	24
131	149	99	24
132	110	87	24
132	112	99	24
132	114	99	24
132	115	97	24
132	119	96	24
132	120	100	24
132	128	95	24
132	129	98	24
132	135	97	24
132	136	98	24
132	137	100	24
132	149	97	24
133	100	93	24
133	101	94	24
133	102	89	24
133	103	100	24
133	105	99	24
133	106	98	24
133	107	99	24
133	108	98	24
133	109	98	24
133	111	98	24
133	113	98	24
133	116	93	24
133	117	100	24
133	118	96	24
133	121	100	24
133	122	91	24
133	123	68	24
133	124	96	24
133	125	96	24
133	127	84	24
133	130	100	24
133	138	96	24
133	144	95	24
133	146	100	24
133	148	100	24
135	110	93	24
135	112	72	24
135	113	69	24
135	114	100	24
135	117	81	24
135	119	97	24
135	120	100	24
135	128	91	24
135	136	96	24
135	137	100	24
135	149	97	24
136	114	100	24
136	120	99	24
136	129	100	24
136	135	98	24
137	110	99	24
137	112	98	24
137	113	92	24
137	114	100	24
137	115	98	24
137	117	94	24
137	120	89	24
137	125	12	24
137	128	30	24
137	135	96	24
137	136	5	24
137	149	98	24
138	102	86	24
138	103	99	24
138	104	98	24
138	105	65	24
138	106	99	24
138	108	5	24
138	109	50	24
138	111	97	24
138	112	98	24
138	113	95	24
138	116	100	24
138	117	93	24
138	118	93	24
138	121	21	24
138	123	83	24
138	125	99	24
138	126	96	24
138	130	92	24
138	131	53	24
138	133	49	24
138	144	99	24
138	146	99	24
138	148	92	24
139	102	42	24
139	103	87	24
139	105	65	24
139	109	98	24
139	110	60	24
139	112	100	24
139	113	100	24
139	115	92	24
139	119	6	24
139	130	100	24
139	131	96	24
139	140	96	24
139	141	97	24
139	142	100	24
139	143	96	24
139	144	100	24
139	146	99	24
139	147	100	24
139	148	31	24
139	149	94	24
140	128	59	24
140	129	97	24
140	131	95	24
140	139	100	24
140	141	100	24
140	142	100	24
140	143	99	24
140	146	81	24
140	147	96	24
141	105	74	24
141	110	42	24
141	112	97	24
141	113	13	24
141	130	96	24
141	131	100	24
141	139	100	24
141	140	100	24
141	142	95	24
141	143	100	24
141	144	100	24
141	146	96	24
141	147	98	24
141	148	100	24
141	149	99	24
142	114	0	24
142	128	98	24
142	131	97	24
142	139	97	24
142	140	94	24
142	141	100	24
142	143	97	24
142	147	100	24
143	105	93	24
143	109	86	24
143	113	86	24
143	122	2	24
143	127	5	24
143	129	74	24
143	130	19	24
143	131	92	24
143	139	94	24
143	140	98	24
143	141	100	24
143	142	93	24
143	144	90	24
143	146	57	24
143	147	100	24
143	148	0	24
143	149	41	24
144	100	2	24
144	102	97	24
144	103	96	24
144	105	100	24
144	107	91	24
144	108	100	24
144	109	99	24
144	111	5	24
144	113	93	24
144	116	59	24
144	117	98	24
144	118	4	24
144	122	61	24
144	125	11	24
144	126	100	24
144	127	77	24
144	130	99	24
144	131	89	24
144	133	100	24
144	138	100	24
144	139	100	24
144	141	94	24
144	143	89	24
144	146	100	24
144	148	100	24
144	149	100	24
146	102	91	24
146	103	10	24
146	105	75	24
146	107	66	24
146	108	94	24
146	109	96	24
146	110	95	24
146	111	4	24
146	112	94	24
146	113	93	24
146	115	95	24
146	116	87	24
146	117	98	24
146	118	11	24
146	119	97	24
146	125	96	24
146	126	95	24
146	127	85	24
146	130	100	24
146	131	100	24
146	133	100	24
146	138	100	24
146	139	92	24
146	140	73	24
146	141	91	24
146	143	52	24
146	144	98	24
146	148	100	24
146	149	95	24
147	129	88	24
147	131	91	24
147	139	93	24
147	140	98	24
147	141	100	24
147	142	97	24
147	143	94	24
148	102	90	24
148	103	87	24
148	104	16	24
148	105	25	24
148	107	58	24
148	108	82	24
148	109	88	24
148	110	82	24
148	111	83	24
148	112	91	24
148	113	85	24
148	114	91	24
148	115	57	24
148	116	92	24
148	117	86	24
148	118	86	24
148	119	86	24
148	125	87	24
148	126	83	24
148	127	96	24
148	130	87	24
148	131	87	24
148	133	88	24
148	138	84	24
148	139	3	24
148	141	78	24
148	144	87	24
148	146	91	24
148	149	87	24
149	110	98	24
149	112	100	24
149	113	100	24
149	114	97	24
149	115	95	24
149	116	80	24
149	117	95	24
149	119	100	24
149	128	100	24
149	129	57	24
149	130	83	24
149	131	100	24
149	135	100	24
149	137	94	24
149	139	98	24
149	141	99	24
149	143	35	24
149	144	99	24
149	146	100	24
149	148	95	24
100	101	91	23
100	102	7	23
100	105	100	23
100	107	41	23
100	108	86	23
100	109	95	23
100	118	90	23
100	122	98	23
100	124	4	23
100	127	100	23
101	100	98	23
101	102	99	23
101	105	99	23
101	107	87	23
101	108	93	23
101	109	90	23
101	116	99	23
101	118	97	23
101	121	94	23
101	122	98	23
101	123	88	23
101	124	100	23
101	127	92	23
101	133	93	23
101	144	0	23
102	101	97	23
102	103	100	23
102	105	100	23
102	107	98	23
102	108	97	23
102	109	93	23
102	111	92	23
102	113	94	23
102	116	96	23
102	117	99	23
102	118	97	23
102	122	97	23
102	125	100	23
102	127	100	23
102	133	99	23
102	138	97	23
102	144	94	23
102	146	100	23
102	148	96	23
103	101	5	23
103	102	100	23
103	104	97	23
103	105	13	23
103	106	100	23
103	107	95	23
103	108	97	23
103	111	100	23
103	113	98	23
103	116	97	23
103	118	70	23
103	121	94	23
103	122	76	23
103	123	98	23
103	124	82	23
103	125	86	23
103	126	100	23
103	127	0	23
103	130	90	23
103	131	66	23
103	133	97	23
103	138	78	23
103	146	52	23
103	148	67	23
104	103	97	23
104	106	94	23
104	111	97	23
104	113	4	23
104	116	81	23
104	118	30	23
104	123	94	23
104	124	55	23
104	125	91	23
104	126	98	23
104	138	100	23
105	100	82	23
105	101	99	23
105	102	91	23
105	103	96	23
105	107	42	23
105	108	77	23
105	109	100	23
105	113	91	23
105	116	90	23
105	122	93	23
105	125	95	23
105	127	92	23
105	133	91	23
105	138	87	23
105	139	78	23
105	141	100	23
105	143	89	23
105	144	97	23
105	148	96	23
106	103	93	23
106	104	92	23
106	107	72	23
106	108	80	23
106	111	88	23
106	116	100	23
106	117	36	23
106	118	10	23
106	121	100	23
106	123	100	23
106	124	95	23
106	126	98	23
106	133	31	23
106	138	98	23
107	101	98	23
107	102	99	23
107	103	100	23
107	106	77	23
107	108	100	23
107	109	90	23
107	116	100	23
107	118	94	23
107	121	100	23
107	122	85	23
107	124	70	23
107	127	92	23
107	133	80	23
108	100	98	23
108	101	100	23
108	102	98	23
108	103	99	23
108	105	63	23
108	106	93	23
108	107	98	23
108	109	100	23
108	111	13	23
108	116	100	23
108	117	81	23
108	118	93	23
108	121	93	23
108	122	100	23
108	123	95	23
108	126	100	23
108	127	97	23
108	133	99	23
108	138	86	23
108	144	100	23
108	146	77	23
108	148	20	23
109	100	91	23
109	101	96	23
109	102	95	23
109	103	91	23
109	105	93	23
109	107	93	23
109	108	100	23
109	112	96	23
109	113	100	23
109	115	48	23
109	116	99	23
109	117	100	23
109	118	88	23
109	121	17	23
109	122	95	23
109	126	65	23
109	127	100	23
109	130	97	23
109	133	94	23
109	138	85	23
109	139	91	23
109	141	96	23
109	143	98	23
109	144	92	23
109	146	92	23
109	148	100	23
110	112	98	23
110	113	96	23
110	114	83	23
110	115	93	23
110	117	100	23
110	119	99	23
110	120	2	23
110	125	85	23
110	128	6	23
110	130	100	23
110	131	99	23
110	135	96	23
110	137	99	23
110	138	50	23
110	139	29	23
110	146	89	23
110	149	96	23
111	102	71	23
111	103	99	23
111	104	100	23
111	106	92	23
111	108	66	23
111	116	70	23
111	117	94	23
111	118	64	23
111	121	100	23
111	123	93	23
111	124	0	23
111	125	89	23
111	126	94	23
111	130	20	23
111	133	70	23
111	138	96	23
111	148	61	23
112	109	69	23
112	110	100	23
112	113	100	23
112	114	95	23
112	115	95	23
112	117	100	23
112	118	18	23
112	119	95	23
112	125	98	23
112	130	92	23
112	131	98	23
112	138	99	23
112	139	100	23
112	146	82	23
112	148	95	23
112	149	95	23
113	102	84	23
113	103	93	23
113	104	68	23
113	105	69	23
113	109	96	23
113	110	95	23
113	112	99	23
113	115	95	23
113	116	2	23
113	117	99	23
113	118	68	23
113	119	99	23
113	125	98	23
113	130	100	23
113	131	85	23
113	135	89	23
113	138	98	23
113	139	99	23
113	143	99	23
113	144	95	23
113	146	100	23
113	148	95	23
113	149	92	23
114	112	3	23
114	115	100	23
114	117	91	23
114	119	96	23
114	120	96	23
114	128	92	23
114	129	89	23
114	135	100	23
114	136	98	23
114	142	0	23
114	149	23	23
115	110	87	23
115	112	97	23
115	113	94	23
115	114	83	23
115	117	97	23
115	119	97	23
115	125	100	23
115	130	94	23
115	131	7	23
115	135	85	23
115	137	16	23
115	138	61	23
115	139	8	23
115	141	9	23
115	143	16	23
115	146	97	23
115	149	100	23
116	101	88	23
116	102	94	23
116	103	100	23
116	104	99	23
116	105	91	23
116	106	90	23
116	107	90	23
116	108	98	23
116	109	92	23
116	111	97	23
116	113	43	23
116	117	98	23
116	118	98	23
116	122	92	23
116	123	81	23
116	125	100	23
116	126	99	23
116	127	95	23
116	130	100	23
116	133	99	23
116	138	100	23
116	144	96	23
116	146	100	23
116	148	100	23
117	101	0	23
117	102	84	23
117	106	23	23
117	108	76	23
117	109	99	23
117	110	93	23
117	111	83	23
117	112	100	23
117	113	100	23
117	114	97	23
117	115	100	23
117	116	98	23
117	119	100	23
117	125	98	23
117	126	89	23
117	130	90	23
117	131	100	23
117	133	97	23
117	138	94	23
117	141	3	23
117	144	33	23
117	146	100	23
117	148	16	23
117	149	99	23
118	100	77	23
118	101	96	23
118	102	94	23
118	103	87	23
118	104	10	23
118	106	4	23
118	107	96	23
118	108	96	23
118	109	83	23
118	111	36	23
118	113	97	23
118	116	96	23
118	121	100	23
118	122	29	23
118	123	95	23
118	124	94	23
118	125	100	23
118	127	7	23
118	130	87	23
118	133	100	23
118	138	100	23
118	144	80	23
118	146	83	23
119	110	94	23
119	112	96	23
119	113	100	23
119	114	96	23
119	115	95	23
119	117	89	23
119	120	98	23
119	125	88	23
119	128	98	23
119	129	100	23
119	130	94	23
119	131	95	23
119	135	57	23
119	137	93	23
119	144	4	23
119	148	95	23
119	149	93	23
120	114	92	23
120	119	100	23
120	128	96	23
120	129	94	23
120	135	100	23
120	136	90	23
121	100	22	23
121	101	96	23
121	103	93	23
121	104	25	23
121	106	99	23
121	107	92	23
121	108	100	23
121	109	79	23
121	111	93	23
121	113	7	23
121	116	82	23
121	117	2	23
121	118	100	23
121	122	92	23
121	123	100	23
121	124	100	23
121	125	91	23
121	126	100	23
121	133	97	23
121	138	61	23
122	100	98	23
122	101	93	23
122	102	99	23
122	103	91	23
122	105	95	23
122	106	64	23
122	107	100	23
122	108	94	23
122	109	100	23
122	113	62	23
122	116	95	23
122	121	92	23
122	123	5	23
122	124	66	23
122	127	100	23
122	133	100	23
122	138	27	23
122	144	96	23
122	146	90	23
123	101	83	23
123	103	89	23
123	104	100	23
123	106	98	23
123	108	71	23
123	111	98	23
123	118	86	23
123	121	97	23
123	124	95	23
123	126	93	23
123	133	92	23
123	138	88	23
124	101	92	23
124	103	92	23
124	104	93	23
124	106	98	23
124	107	83	23
124	118	100	23
124	121	93	23
124	122	46	23
124	123	96	23
124	126	27	23
124	133	92	23
125	102	97	23
125	103	100	23
125	104	98	23
125	105	73	23
125	106	0	23
125	108	80	23
125	110	53	23
125	111	100	23
125	112	98	23
125	113	100	23
125	115	99	23
125	116	100	23
125	117	96	23
125	118	96	23
125	119	89	23
125	121	3	23
125	126	100	23
125	130	100	23
125	133	94	23
125	138	98	23
125	144	93	23
125	146	99	23
125	148	100	23
126	103	87	23
126	104	100	23
126	106	100	23
126	108	79	23
126	111	100	23
126	116	97	23
126	117	100	23
126	121	93	23
126	123	88	23
126	124	12	23
126	125	98	23
126	130	100	23
126	138	100	23
126	144	4	23
126	146	93	23
126	148	1	23
127	100	97	23
127	101	88	23
127	102	96	23
127	103	88	23
127	105	100	23
127	107	91	23
127	108	90	23
127	109	93	23
127	113	4	23
127	116	75	23
127	118	50	23
127	122	94	23
127	130	88	23
127	133	78	23
127	139	7	23
127	143	97	23
127	144	100	23
127	148	97	23
128	114	70	23
128	119	98	23
128	120	77	23
128	129	96	23
128	135	72	23
128	142	94	23
129	114	91	23
129	119	92	23
129	120	100	23
129	128	100	23
129	131	98	23
129	136	99	23
129	140	93	23
129	142	96	23
129	143	16	23
130	103	98	23
130	109	98	23
130	110	90	23
130	111	2	23
130	112	100	23
130	113	96	23
130	114	15	23
130	115	100	23
130	116	100	23
130	117	96	23
130	118	71	23
130	119	100	23
130	125	100	23
130	126	98	23
130	127	49	23
130	131	98	23
130	133	93	23
130	139	10	23
130	141	92	23
130	144	100	23
130	146	100	23
130	148	100	23
131	103	88	23
131	110	99	23
131	112	99	23
131	113	91	23
131	115	86	23
131	117	95	23
131	119	99	23
131	128	39	23
131	129	94	23
131	130	99	23
131	140	100	23
131	141	90	23
131	142	100	23
131	144	100	23
131	146	100	23
131	147	95	23
131	149	98	23
132	110	94	23
132	112	0	23
132	114	100	23
132	119	100	23
132	120	100	23
132	128	94	23
132	135	95	23
132	136	95	23
133	101	89	23
133	102	95	23
133	103	96	23
133	104	17	23
133	105	85	23
133	107	87	23
133	108	100	23
133	109	94	23
133	111	90	23
133	116	100	23
133	117	95	23
133	118	100	23
133	121	100	23
133	122	89	23
133	123	89	23
133	124	70	23
133	125	100	23
133	127	81	23
133	130	95	23
133	138	5	23
133	139	14	23
133	144	4	23
133	146	90	23
135	110	69	23
135	113	0	23
135	114	100	23
135	115	66	23
135	119	73	23
135	120	86	23
135	128	72	23
135	136	96	23
135	137	97	23
135	149	77	23
136	114	100	23
136	120	92	23
136	129	99	23
136	135	96	23
136	142	100	23
137	110	97	23
137	112	39	23
137	114	99	23
137	115	94	23
137	119	98	23
137	120	13	23
137	128	2	23
137	135	99	23
137	136	4	23
138	102	100	23
138	103	64	23
138	104	95	23
138	105	59	23
138	106	88	23
138	108	93	23
138	109	1	23
138	111	100	23
138	112	96	23
138	113	94	23
138	115	59	23
138	116	100	23
138	117	96	23
138	118	90	23
138	123	84	23
138	125	97	23
138	126	100	23
138	144	94	23
138	148	31	23
139	105	2	23
139	112	91	23
139	113	99	23
139	115	16	23
139	130	26	23
139	133	30	23
139	138	1	23
139	140	95	23
139	141	100	23
139	142	73	23
139	143	100	23
139	144	97	23
139	146	99	23
139	147	96	23
139	148	97	23
139	149	100	23
140	129	97	23
140	131	100	23
140	139	50	23
140	141	99	23
140	142	100	23
140	143	100	23
140	146	8	23
140	147	100	23
141	105	100	23
141	109	75	23
141	115	21	23
141	117	20	23
141	130	92	23
141	131	98	23
141	139	97	23
141	140	100	23
141	142	99	23
141	143	94	23
141	144	96	23
141	146	100	23
141	147	99	23
141	149	95	23
142	114	44	23
142	128	96	23
142	129	100	23
142	131	95	23
142	136	91	23
142	139	92	23
142	140	100	23
142	141	100	23
142	143	100	23
142	146	0	23
142	147	98	23
143	105	93	23
143	109	99	23
143	113	88	23
143	115	31	23
143	127	85	23
143	139	98	23
143	140	100	23
143	141	99	23
143	142	96	23
143	147	96	23
144	101	77	23
144	102	99	23
144	103	24	23
144	105	100	23
144	108	100	23
144	109	94	23
144	113	97	23
144	116	100	23
144	117	90	23
144	118	71	23
144	119	40	23
144	122	99	23
144	125	93	23
144	126	91	23
144	127	89	23
144	130	100	23
144	131	93	23
144	133	47	23
144	138	94	23
144	139	89	23
144	141	98	23
144	143	51	23
144	146	99	23
144	148	100	23
146	101	0	23
146	102	100	23
146	103	43	23
146	108	45	23
146	109	97	23
146	110	18	23
146	112	91	23
146	113	100	23
146	115	100	23
146	116	91	23
146	117	92	23
146	118	23	23
146	122	44	23
146	125	100	23
146	126	87	23
146	128	24	23
146	130	100	23
146	131	100	23
146	133	77	23
146	138	0	23
146	139	97	23
146	141	100	23
146	144	100	23
146	148	91	23
146	149	47	23
147	131	97	23
147	139	84	23
147	140	96	23
147	141	94	23
147	142	88	23
147	143	92	23
148	102	90	23
148	103	89	23
148	105	96	23
148	108	81	23
148	109	94	23
148	111	91	23
148	112	96	23
148	113	97	23
148	116	93	23
148	117	91	23
148	118	50	23
148	119	84	23
148	122	1	23
148	123	28	23
148	125	92	23
148	126	87	23
148	127	86	23
148	130	92	23
148	138	85	23
148	139	92	23
148	143	5	23
148	144	95	23
148	146	97	23
148	149	14	23
149	110	100	23
149	112	96	23
149	113	91	23
149	114	96	23
149	115	99	23
149	117	89	23
149	119	98	23
149	131	98	23
149	135	100	23
149	139	100	23
149	141	85	23
149	146	84	23
100	101	90	22
100	102	90	22
100	105	85	22
100	107	100	22
100	108	58	22
100	109	93	22
100	116	33	22
100	118	21	22
100	121	84	22
100	122	100	22
100	127	96	22
101	100	100	22
101	102	100	22
101	103	84	22
101	105	88	22
101	107	96	22
101	108	100	22
101	109	100	22
101	116	95	22
101	118	96	22
101	121	99	22
101	122	94	22
101	123	57	22
101	124	62	22
101	127	92	22
101	133	72	22
101	144	8	22
102	100	86	22
102	101	94	22
102	103	92	22
102	105	88	22
102	106	29	22
102	107	100	22
102	108	99	22
102	109	90	22
102	111	15	22
102	113	95	22
102	116	99	22
102	117	90	22
102	118	99	22
102	121	90	22
102	122	100	22
102	124	92	22
102	125	96	22
102	126	58	22
102	127	100	22
102	130	99	22
102	138	100	22
102	146	99	22
102	148	94	22
103	101	5	22
103	102	100	22
103	104	97	22
103	106	100	22
103	107	100	22
103	108	90	22
103	109	93	22
103	111	96	22
103	113	90	22
103	116	100	22
103	118	100	22
103	121	98	22
103	122	95	22
103	123	100	22
103	124	100	22
103	125	16	22
103	126	99	22
103	127	4	22
103	131	57	22
103	133	95	22
103	138	92	22
103	146	12	22
103	148	15	22
104	103	91	22
104	106	95	22
104	111	100	22
104	113	52	22
104	121	87	22
104	123	100	22
104	124	43	22
104	125	99	22
104	126	0	22
104	138	96	22
105	100	88	22
105	101	100	22
105	102	90	22
105	103	65	22
105	107	79	22
105	108	97	22
105	109	95	22
105	113	100	22
105	122	87	22
105	124	30	22
105	125	55	22
105	127	100	22
105	130	66	22
105	133	16	22
105	138	66	22
105	139	65	22
105	141	48	22
105	143	87	22
105	144	99	22
105	146	96	22
105	148	97	22
106	102	85	22
106	103	100	22
106	104	100	22
106	107	80	22
106	108	96	22
106	111	100	22
106	116	100	22
106	118	28	22
106	121	68	22
106	122	12	22
106	123	100	22
106	124	99	22
106	125	93	22
106	126	96	22
106	133	21	22
106	138	93	22
107	100	99	22
107	101	99	22
107	102	95	22
107	103	94	22
107	105	59	22
107	108	98	22
107	109	96	22
107	116	92	22
107	118	93	22
107	122	92	22
107	124	100	22
107	127	82	22
107	130	69	22
107	133	9	22
108	100	0	22
108	101	92	22
108	102	89	22
108	103	57	22
108	105	91	22
108	106	94	22
108	107	100	22
108	109	97	22
108	111	82	22
108	116	90	22
108	117	84	22
108	118	95	22
108	121	93	22
108	122	98	22
108	124	87	22
108	125	29	22
108	127	96	22
108	130	27	22
108	133	95	22
108	144	98	22
108	148	84	22
109	100	91	22
109	101	98	22
109	102	100	22
109	103	98	22
109	105	100	22
109	107	98	22
109	108	92	22
109	112	100	22
109	113	97	22
109	116	100	22
109	117	91	22
109	118	94	22
109	121	93	22
109	122	93	22
109	125	94	22
109	126	98	22
109	127	96	22
109	130	92	22
109	133	96	22
109	138	92	22
109	139	94	22
109	143	97	22
109	144	100	22
109	148	98	22
109	149	19	22
110	112	97	22
110	113	100	22
110	114	100	22
110	115	97	22
110	117	100	22
110	119	94	22
110	120	1	22
110	128	100	22
110	130	95	22
110	131	99	22
110	135	94	22
110	137	99	22
110	138	3	22
110	139	95	22
110	146	88	22
110	149	100	22
111	102	97	22
111	103	95	22
111	104	97	22
111	106	100	22
111	107	7	22
111	108	99	22
111	113	93	22
111	116	97	22
111	117	92	22
111	118	100	22
111	121	100	22
111	122	5	22
111	123	91	22
111	124	93	22
111	125	100	22
111	126	96	22
111	130	100	22
111	133	95	22
111	138	100	22
111	146	18	22
112	102	77	22
112	109	91	22
112	110	100	22
112	113	95	22
112	114	100	22
112	115	95	22
112	117	99	22
112	119	100	22
112	125	96	22
112	126	96	22
112	130	56	22
112	131	90	22
112	133	98	22
112	135	98	22
112	137	94	22
112	138	100	22
112	139	97	22
112	144	91	22
112	146	94	22
112	148	95	22
112	149	100	22
113	102	100	22
113	103	95	22
113	104	6	22
113	105	67	22
113	109	93	22
113	110	93	22
113	111	69	22
113	112	91	22
113	115	54	22
113	117	95	22
113	119	96	22
113	121	0	22
113	122	6	22
113	125	97	22
113	126	93	22
113	130	97	22
113	131	94	22
113	133	39	22
113	135	90	22
113	138	96	22
113	139	21	22
113	143	97	22
113	144	100	22
113	146	96	22
113	149	98	22
114	110	100	22
114	112	97	22
114	115	100	22
114	117	98	22
114	119	97	22
114	120	100	22
114	128	100	22
114	129	97	22
114	130	9	22
114	131	50	22
114	135	90	22
114	136	96	22
114	137	99	22
114	142	0	22
115	102	11	22
115	110	91	22
115	112	96	22
115	113	81	22
115	114	93	22
115	117	93	22
115	119	96	22
115	125	86	22
115	130	69	22
115	131	97	22
115	135	91	22
115	137	98	22
115	138	87	22
115	139	91	22
115	146	87	22
115	149	97	22
116	100	72	22
116	101	95	22
116	102	100	22
116	103	93	22
116	106	89	22
116	107	99	22
116	108	93	22
116	109	99	22
116	111	96	22
116	117	97	22
116	118	99	22
116	121	94	22
116	122	91	22
116	124	85	22
116	125	100	22
116	126	91	22
116	130	97	22
116	133	98	22
116	138	92	22
116	144	94	22
116	146	96	22
116	148	100	22
117	102	84	22
117	108	72	22
117	109	68	22
117	110	96	22
117	111	88	22
117	112	100	22
117	113	97	22
117	114	99	22
117	115	93	22
117	116	84	22
117	118	72	22
117	119	84	22
117	125	94	22
117	126	90	22
117	130	91	22
117	131	92	22
117	133	84	22
117	135	18	22
117	137	58	22
117	138	100	22
117	144	89	22
117	146	97	22
117	148	92	22
117	149	100	22
118	100	2	22
118	101	90	22
118	102	94	22
118	103	94	22
118	106	7	22
118	107	90	22
118	108	97	22
118	109	93	22
118	111	86	22
118	116	98	22
118	117	87	22
118	121	100	22
118	122	95	22
118	123	81	22
118	124	99	22
118	125	97	22
118	133	97	22
118	138	91	22
118	139	1	22
118	144	28	22
118	146	18	22
119	110	98	22
119	112	100	22
119	113	93	22
119	114	96	22
119	115	96	22
119	117	99	22
119	120	97	22
119	128	100	22
119	129	97	22
119	130	95	22
119	131	90	22
119	135	100	22
119	136	43	22
119	137	94	22
119	144	55	22
119	146	59	22
119	149	99	22
120	110	91	22
120	114	55	22
120	119	98	22
120	128	100	22
120	129	100	22
120	135	100	22
120	136	98	22
120	142	100	22
121	100	72	22
121	101	100	22
121	102	98	22
121	103	92	22
121	104	100	22
121	106	26	22
121	107	90	22
121	108	96	22
121	109	90	22
121	111	95	22
121	113	77	22
121	116	92	22
121	118	100	22
121	122	97	22
121	123	95	22
121	124	99	22
121	125	89	22
121	126	90	22
121	130	92	22
121	133	100	22
121	138	90	22
121	148	95	22
122	100	98	22
122	101	92	22
122	102	100	22
122	103	83	22
122	105	97	22
122	106	32	22
122	107	98	22
122	108	100	22
122	109	89	22
122	111	15	22
122	113	79	22
122	116	94	22
122	118	82	22
122	121	89	22
122	123	66	22
122	124	91	22
122	125	100	22
122	127	94	22
122	130	94	22
122	133	88	22
122	143	99	22
122	144	99	22
122	148	0	22
123	101	48	22
123	102	2	22
123	103	93	22
123	104	100	22
123	106	99	22
123	111	100	22
123	118	43	22
123	121	84	22
123	122	19	22
123	124	82	22
123	126	90	22
123	133	48	22
124	101	89	22
124	102	86	22
124	103	88	22
124	104	64	22
124	106	95	22
124	107	79	22
124	108	82	22
124	111	90	22
124	116	72	22
124	118	91	22
124	121	92	22
124	122	91	22
124	123	89	22
124	126	94	22
124	133	92	22
125	102	99	22
125	103	88	22
125	104	92	22
125	105	2	22
125	106	87	22
125	108	81	22
125	109	84	22
125	111	97	22
125	112	93	22
125	113	93	22
125	114	19	22
125	115	99	22
125	116	100	22
125	117	100	22
125	118	91	22
125	121	48	22
125	122	83	22
125	126	100	22
125	130	100	22
125	131	44	22
125	133	93	22
125	138	96	22
125	139	88	22
125	141	81	22
125	144	100	22
125	146	0	22
125	148	99	22
125	149	97	22
126	102	58	22
126	103	98	22
126	106	94	22
126	109	6	22
126	111	92	22
126	112	49	22
126	113	93	22
126	116	95	22
126	117	92	22
126	121	90	22
126	123	98	22
126	124	89	22
126	125	95	22
126	130	100	22
126	133	96	22
126	138	90	22
126	148	48	22
127	100	90	22
127	101	90	22
127	102	92	22
127	103	90	22
127	105	98	22
127	107	96	22
127	108	87	22
127	109	95	22
127	118	4	22
127	122	90	22
127	130	73	22
127	133	94	22
127	139	88	22
127	143	96	22
127	144	100	22
127	146	100	22
128	110	94	22
128	114	93	22
128	119	100	22
128	120	90	22
128	129	98	22
128	135	95	22
128	142	96	22
129	114	100	22
129	119	91	22
129	120	97	22
129	128	98	22
129	136	100	22
129	140	88	22
129	141	1	22
129	142	98	22
129	143	59	22
129	147	83	22
129	149	7	22
130	102	95	22
130	109	95	22
130	110	96	22
130	111	96	22
130	113	100	22
130	114	8	22
130	115	16	22
130	116	92	22
130	117	91	22
130	119	93	22
130	122	75	22
130	125	100	22
130	126	90	22
130	131	98	22
130	138	100	22
130	139	87	22
130	141	5	22
130	144	99	22
130	146	95	22
130	148	100	22
130	149	100	22
131	103	88	22
131	110	94	22
131	112	100	22
131	113	89	22
131	114	89	22
131	115	100	22
131	117	97	22
131	119	96	22
131	126	20	22
131	130	99	22
131	139	95	22
131	140	100	22
131	141	100	22
131	143	100	22
131	144	96	22
131	146	97	22
131	147	100	22
131	148	8	22
131	149	100	22
132	110	7	22
132	114	97	22
132	119	95	22
132	120	99	22
132	128	97	22
132	129	94	22
132	135	92	22
132	136	96	22
132	137	26	22
133	101	15	22
133	102	95	22
133	103	100	22
133	105	13	22
133	106	99	22
133	108	97	22
133	109	97	22
133	111	100	22
133	112	93	22
133	116	96	22
133	117	92	22
133	118	94	22
133	121	93	22
133	122	88	22
133	123	70	22
133	124	100	22
133	125	93	22
133	126	95	22
133	127	79	22
133	138	23	22
133	139	31	22
133	144	8	22
133	146	94	22
135	110	97	22
135	112	90	22
135	113	85	22
135	114	83	22
135	115	88	22
135	119	95	22
135	120	98	22
135	128	100	22
135	136	100	22
135	137	100	22
136	114	97	22
136	119	44	22
136	120	93	22
136	128	52	22
136	129	99	22
136	135	98	22
136	142	47	22
137	110	99	22
137	112	97	22
137	113	7	22
137	114	96	22
137	115	99	22
137	117	50	22
137	119	94	22
137	135	100	22
138	102	98	22
138	103	93	22
138	104	95	22
138	106	100	22
138	109	92	22
138	111	100	22
138	112	100	22
138	113	93	22
138	115	91	22
138	116	98	22
138	117	100	22
138	118	95	22
138	121	96	22
138	125	94	22
138	126	93	22
138	130	96	22
138	144	96	22
138	146	25	22
138	148	92	22
139	102	5	22
139	105	7	22
139	109	11	22
139	110	87	22
139	112	98	22
139	113	93	22
139	115	90	22
139	125	83	22
139	127	19	22
139	130	90	22
139	131	92	22
139	140	98	22
139	141	95	22
139	142	43	22
139	143	98	22
139	144	97	22
139	146	100	22
139	147	97	22
139	148	94	22
139	149	89	22
140	129	6	22
140	131	100	22
140	139	98	22
140	141	96	22
140	142	100	22
140	143	95	22
140	147	100	22
141	102	4	22
141	105	0	22
141	125	83	22
141	128	4	22
141	129	13	22
141	130	70	22
141	131	97	22
141	139	97	22
141	140	96	22
141	142	94	22
141	143	98	22
141	144	93	22
141	146	88	22
141	147	100	22
141	148	70	22
142	114	51	22
142	120	100	22
142	128	96	22
142	129	100	22
142	131	17	22
142	136	13	22
142	139	14	22
142	140	93	22
142	141	100	22
142	143	93	22
142	147	98	22
143	105	5	22
143	109	93	22
143	113	94	22
143	122	72	22
143	127	97	22
143	129	8	22
143	131	95	22
143	139	100	22
143	140	94	22
143	141	93	22
143	142	96	22
143	144	91	22
143	147	100	22
143	148	100	22
144	101	84	22
144	105	95	22
144	108	95	22
144	109	91	22
144	111	38	22
144	112	91	22
144	113	100	22
144	116	91	22
144	117	98	22
144	118	10	22
144	119	94	22
144	122	100	22
144	125	97	22
144	126	32	22
144	127	94	22
144	130	91	22
144	131	98	22
144	133	87	22
144	138	100	22
144	139	99	22
144	141	100	22
144	143	100	22
144	146	100	22
144	148	96	22
146	102	91	22
146	103	21	22
146	105	19	22
146	110	96	22
146	111	11	22
146	112	93	22
146	113	100	22
146	114	0	22
146	115	97	22
146	116	89	22
146	117	97	22
146	118	13	22
146	119	85	22
146	125	9	22
146	126	51	22
146	127	84	22
146	130	100	22
146	131	96	22
146	133	28	22
146	138	84	22
146	139	96	22
146	141	92	22
146	144	99	22
146	148	95	22
146	149	97	22
147	129	47	22
147	131	92	22
147	139	99	22
147	140	95	22
147	141	89	22
147	142	100	22
147	143	100	22
148	102	100	22
148	103	91	22
148	105	89	22
148	108	90	22
148	109	96	22
148	111	23	22
148	112	89	22
148	113	84	22
148	115	20	22
148	116	93	22
148	117	93	22
148	121	92	22
148	122	32	22
148	125	96	22
148	126	88	22
148	130	95	22
148	131	3	22
148	138	93	22
148	139	100	22
148	141	29	22
148	143	100	22
148	144	94	22
148	146	97	22
148	149	68	22
149	109	8	22
149	110	92	22
149	112	93	22
149	113	92	22
149	115	96	22
149	117	98	22
149	119	100	22
149	125	96	22
149	129	72	22
149	130	95	22
149	131	89	22
149	135	92	22
149	139	89	22
149	143	15	22
149	146	99	22
149	148	79	22
100	101	96	21
100	105	100	21
100	106	32	21
100	108	99	21
100	116	85	21
100	118	95	21
100	121	88	21
100	122	91	21
100	127	97	21
100	133	68	21
100	144	64	21
101	100	90	21
101	102	96	21
101	105	98	21
101	106	87	21
101	107	100	21
101	108	100	21
101	109	100	21
101	116	47	21
101	118	79	21
101	121	84	21
101	122	100	21
101	127	98	21
101	133	19	21
102	101	93	21
102	103	94	21
102	105	93	21
102	107	94	21
102	108	93	21
102	109	93	21
102	111	94	21
102	113	89	21
102	116	95	21
102	117	35	21
102	118	97	21
102	121	89	21
102	122	90	21
102	125	100	21
102	126	42	21
102	127	98	21
102	130	51	21
102	133	91	21
102	138	96	21
102	144	94	21
102	146	100	21
103	102	40	21
103	106	62	21
103	107	52	21
103	109	94	21
103	111	100	21
103	116	98	21
103	118	100	21
103	121	100	21
103	122	96	21
103	123	95	21
103	124	92	21
103	126	100	21
103	131	28	21
103	133	96	21
103	138	100	21
103	144	20	21
104	106	66	21
104	111	97	21
104	116	66	21
104	121	84	21
104	123	92	21
104	125	88	21
104	126	97	21
104	138	95	21
105	100	80	21
105	101	90	21
105	102	93	21
105	107	84	21
105	108	93	21
105	109	100	21
105	113	100	21
105	116	49	21
105	118	57	21
105	122	93	21
105	125	11	21
105	127	100	21
105	133	86	21
105	139	95	21
105	143	97	21
105	144	96	21
105	146	94	21
105	148	100	21
106	101	60	21
106	103	58	21
106	104	60	21
106	107	9	21
106	108	88	21
106	111	96	21
106	116	53	21
106	118	96	21
106	121	94	21
106	123	100	21
106	124	94	21
106	126	95	21
106	133	12	21
106	138	59	21
107	100	0	21
107	101	99	21
107	102	96	21
107	103	86	21
107	105	52	21
107	108	97	21
107	109	73	21
107	116	93	21
107	118	92	21
107	121	90	21
107	122	45	21
107	124	79	21
107	127	15	21
107	133	47	21
107	144	36	21
108	100	99	21
108	101	97	21
108	102	100	21
108	103	61	21
108	105	98	21
108	106	94	21
108	107	97	21
108	109	100	21
108	116	100	21
108	118	93	21
108	121	97	21
108	122	92	21
108	124	7	21
108	127	89	21
108	133	100	21
108	138	100	21
108	144	98	21
108	146	99	21
109	101	93	21
109	102	100	21
109	103	95	21
109	105	96	21
109	107	81	21
109	108	100	21
109	111	3	21
109	112	99	21
109	113	97	21
109	116	97	21
109	117	3	21
109	118	87	21
109	122	90	21
109	125	98	21
109	126	94	21
109	127	100	21
109	130	85	21
109	133	95	21
109	138	94	21
109	139	94	21
109	141	22	21
109	143	100	21
109	144	100	21
109	146	0	21
109	148	100	21
110	112	100	21
110	113	12	21
110	114	99	21
110	115	98	21
110	117	100	21
110	119	100	21
110	125	40	21
110	128	64	21
110	130	94	21
110	131	89	21
110	135	99	21
110	137	96	21
110	139	49	21
110	146	92	21
110	149	97	21
111	102	1	21
111	103	97	21
111	104	100	21
111	106	97	21
111	113	13	21
111	116	88	21
111	117	87	21
111	118	31	21
111	121	100	21
111	123	100	21
111	124	45	21
111	125	81	21
111	126	100	21
111	133	95	21
111	138	100	21
111	144	2	21
112	109	96	21
112	110	99	21
112	113	87	21
112	114	90	21
112	115	93	21
112	116	86	21
112	117	97	21
112	119	100	21
112	126	100	21
112	130	100	21
112	131	99	21
112	133	87	21
112	135	100	21
112	138	100	21
112	139	94	21
112	144	92	21
112	146	100	21
112	148	0	21
112	149	88	21
113	102	62	21
113	105	99	21
113	109	86	21
113	110	93	21
113	111	62	21
113	112	64	21
113	116	40	21
113	117	94	21
113	119	100	21
113	125	98	21
113	126	99	21
113	127	30	21
113	130	100	21
113	131	91	21
113	135	76	21
113	138	98	21
113	139	94	21
113	144	93	21
113	146	100	21
113	148	58	21
113	149	98	21
114	110	100	21
114	112	100	21
114	115	99	21
114	117	100	21
114	119	95	21
114	128	97	21
114	129	100	21
114	131	27	21
114	135	94	21
114	136	100	21
114	137	91	21
115	110	100	21
115	112	99	21
115	114	100	21
115	117	97	21
115	119	99	21
115	125	100	21
115	131	100	21
115	135	96	21
115	137	97	21
115	138	97	21
115	139	91	21
115	146	65	21
115	149	95	21
116	100	1	21
116	101	85	21
116	102	95	21
116	103	99	21
116	105	0	21
116	106	48	21
116	107	85	21
116	108	94	21
116	109	94	21
116	111	92	21
116	117	71	21
116	118	93	21
116	121	95	21
116	122	97	21
116	125	100	21
116	126	58	21
116	133	99	21
116	138	98	21
116	144	100	21
116	146	100	21
116	148	100	21
117	110	100	21
117	111	93	21
117	112	92	21
117	113	98	21
117	114	91	21
117	115	99	21
117	116	93	21
117	118	90	21
117	119	50	21
117	125	100	21
117	126	96	21
117	130	98	21
117	131	95	21
117	133	8	21
117	135	10	21
117	138	98	21
117	144	94	21
117	146	87	21
117	149	100	21
118	100	89	21
118	101	5	21
118	102	87	21
118	103	99	21
118	105	19	21
118	106	92	21
118	107	95	21
118	108	93	21
118	109	96	21
118	111	90	21
118	116	94	21
118	117	100	21
118	121	95	21
118	122	100	21
118	123	100	21
118	124	89	21
118	125	12	21
118	126	46	21
118	127	96	21
118	131	30	21
118	133	100	21
118	138	99	21
118	144	70	21
118	146	27	21
119	110	100	21
119	112	82	21
119	113	100	21
119	114	96	21
119	115	100	21
119	117	72	21
119	120	97	21
119	128	100	21
119	129	32	21
119	131	100	21
119	135	98	21
119	136	95	21
119	149	93	21
120	110	89	21
120	114	95	21
120	119	94	21
120	128	94	21
120	129	97	21
120	136	96	21
121	101	98	21
121	102	89	21
121	103	93	21
121	104	98	21
121	106	98	21
121	107	89	21
121	108	98	21
121	111	100	21
121	116	98	21
121	118	91	21
121	122	94	21
121	123	96	21
121	124	97	21
121	125	4	21
121	126	94	21
121	133	89	21
121	138	99	21
122	100	93	21
122	101	94	21
122	102	94	21
122	103	96	21
122	105	99	21
122	106	3	21
122	107	75	21
122	108	93	21
122	109	100	21
122	116	93	21
122	118	100	21
122	121	96	21
122	123	95	21
122	127	96	21
122	131	7	21
122	133	56	21
122	143	83	21
122	144	99	21
122	146	82	21
123	101	4	21
123	103	92	21
123	104	100	21
123	106	95	21
123	111	99	21
123	118	100	21
123	121	96	21
123	122	62	21
123	124	97	21
123	126	93	21
123	138	55	21
124	101	75	21
124	103	93	21
124	106	95	21
124	111	95	21
124	118	96	21
124	121	97	21
124	123	98	21
124	126	97	21
124	133	97	21
125	102	80	21
125	103	25	21
125	104	89	21
125	105	35	21
125	109	94	21
125	110	95	21
125	111	97	21
125	113	100	21
125	115	94	21
125	116	94	21
125	117	100	21
125	118	70	21
125	121	74	21
125	126	85	21
125	130	100	21
125	133	96	21
125	138	100	21
125	139	68	21
125	144	100	21
125	146	63	21
125	148	94	21
126	103	89	21
126	104	93	21
126	106	97	21
126	109	41	21
126	111	99	21
126	112	93	21
126	113	95	21
126	116	99	21
126	117	100	21
126	118	1	21
126	121	96	21
126	123	100	21
126	124	89	21
126	125	100	21
126	138	100	21
126	146	74	21
127	100	96	21
127	101	97	21
127	102	98	21
127	105	98	21
127	107	20	21
127	108	92	21
127	109	88	21
127	113	2	21
127	116	7	21
127	118	30	21
127	122	98	21
127	139	71	21
127	143	87	21
127	144	100	21
128	110	87	21
128	114	91	21
128	119	93	21
128	120	98	21
128	129	100	21
128	131	10	21
128	135	14	21
128	149	92	21
129	110	7	21
129	114	95	21
129	120	97	21
129	128	100	21
129	131	62	21
129	136	96	21
129	140	95	21
129	142	90	21
129	143	15	21
130	102	79	21
130	105	9	21
130	109	91	21
130	110	95	21
130	111	93	21
130	112	99	21
130	113	97	21
130	114	100	21
130	115	98	21
130	116	87	21
130	117	99	21
130	122	1	21
130	125	100	21
130	126	85	21
130	131	96	21
130	133	95	21
130	135	13	21
130	138	100	21
130	139	100	21
130	144	90	21
130	146	96	21
130	148	96	21
130	149	99	21
131	103	49	21
131	110	93	21
131	112	95	21
131	113	97	21
131	114	33	21
131	115	99	21
131	117	97	21
131	119	98	21
131	129	1	21
131	130	94	21
131	135	50	21
131	139	95	21
131	140	96	21
131	141	95	21
131	142	93	21
131	144	100	21
131	147	100	21
131	149	100	21
132	114	100	21
132	119	100	21
132	120	91	21
132	128	94	21
132	129	88	21
132	135	100	21
132	136	100	21
132	142	78	21
133	101	87	21
133	102	88	21
133	103	100	21
133	105	77	21
133	106	58	21
133	107	25	21
133	108	91	21
133	109	99	21
133	111	90	21
133	112	86	21
133	116	100	21
133	118	100	21
133	121	99	21
133	122	67	21
133	124	96	21
133	125	89	21
133	130	100	21
133	131	4	21
133	138	99	21
133	144	99	21
133	146	64	21
135	110	97	21
135	112	86	21
135	114	96	21
135	115	97	21
135	119	97	21
135	131	57	21
135	136	92	21
135	137	98	21
136	114	100	21
136	119	82	21
136	120	98	21
136	129	95	21
136	135	99	21
137	110	100	21
137	112	27	21
137	114	99	21
137	115	96	21
137	117	90	21
137	135	99	21
138	102	89	21
138	103	89	21
138	104	100	21
138	106	3	21
138	109	84	21
138	111	87	21
138	112	55	21
138	113	92	21
138	116	96	21
138	117	100	21
138	121	100	21
138	123	76	21
138	125	95	21
138	126	95	21
138	130	98	21
138	133	82	21
138	144	90	21
138	148	39	21
139	105	90	21
139	109	94	21
139	110	92	21
139	112	100	21
139	113	4	21
139	115	1	21
139	125	14	21
139	127	14	21
139	130	63	21
139	131	100	21
139	140	97	21
139	141	100	21
139	143	96	21
139	144	99	21
139	146	99	21
139	147	17	21
139	148	99	21
140	129	57	21
140	131	100	21
140	139	100	21
140	141	95	21
140	142	98	21
140	143	96	21
140	147	42	21
141	105	4	21
141	109	85	21
141	129	100	21
141	131	96	21
141	139	96	21
141	140	97	21
141	142	100	21
141	143	100	21
141	144	100	21
141	146	99	21
141	147	97	21
142	114	30	21
142	129	98	21
142	131	93	21
142	139	5	21
142	140	92	21
142	141	63	21
142	143	96	21
142	147	100	21
143	105	87	21
143	109	97	21
143	122	14	21
143	127	60	21
143	129	0	21
143	131	20	21
143	139	100	21
143	140	96	21
143	141	100	21
143	142	98	21
143	144	95	21
143	146	97	21
143	147	99	21
143	148	3	21
144	102	1	21
144	103	84	21
144	105	86	21
144	107	7	21
144	108	1	21
144	109	95	21
144	112	84	21
144	113	91	21
144	116	98	21
144	117	97	21
144	118	23	21
144	122	90	21
144	125	97	21
144	127	84	21
144	130	100	21
144	131	98	21
144	133	72	21
144	138	93	21
144	139	95	21
144	141	99	21
144	143	93	21
144	146	94	21
144	148	100	21
146	102	75	21
146	105	90	21
146	108	90	21
146	109	0	21
146	110	95	21
146	112	88	21
146	113	94	21
146	116	86	21
146	117	96	21
146	118	11	21
146	122	19	21
146	125	29	21
146	126	91	21
146	127	8	21
146	130	99	21
146	131	49	21
146	133	29	21
146	139	94	21
146	141	96	21
146	143	97	21
146	144	93	21
146	148	100	21
146	149	95	21
147	131	93	21
147	139	92	21
147	140	29	21
147	141	99	21
147	142	100	21
147	143	97	21
148	102	0	21
148	103	92	21
148	105	97	21
148	109	95	21
148	110	2	21
148	112	84	21
148	113	28	21
148	116	89	21
148	117	95	21
148	121	79	21
148	123	69	21
148	125	96	21
148	126	89	21
148	130	97	21
148	138	100	21
148	139	98	21
148	143	97	21
148	144	94	21
148	146	98	21
148	149	93	21
149	110	95	21
149	112	83	21
149	113	94	21
149	114	93	21
149	115	99	21
149	117	96	21
149	119	96	21
149	128	98	21
149	129	13	21
149	130	98	21
149	131	100	21
149	135	93	21
149	138	3	21
149	140	0	21
149	146	100	21
149	148	87	21
100	101	99	20
100	102	98	20
100	106	60	20
100	107	100	20
100	108	95	20
100	109	8	20
100	116	97	20
100	118	100	20
100	121	5	20
100	122	94	20
100	124	14	20
100	127	100	20
100	133	87	20
100	144	100	20
101	100	90	20
101	102	100	20
101	105	53	20
101	106	94	20
101	107	98	20
101	108	99	20
101	109	97	20
101	116	98	20
101	118	100	20
101	121	97	20
101	122	95	20
101	123	95	20
101	127	100	20
101	144	26	20
101	146	35	20
102	100	100	20
102	101	99	20
102	103	100	20
102	105	98	20
102	107	100	20
102	108	99	20
102	109	100	20
102	111	95	20
102	113	97	20
102	116	100	20
102	118	95	20
102	121	100	20
102	122	98	20
102	124	94	20
102	125	97	20
102	126	95	20
102	127	97	20
102	130	100	20
102	133	93	20
102	138	96	20
102	139	88	20
102	146	13	20
102	148	97	20
103	101	2	20
103	102	100	20
103	104	93	20
103	106	94	20
103	108	100	20
103	109	100	20
103	111	96	20
103	113	100	20
103	116	97	20
103	117	57	20
103	118	96	20
103	121	100	20
103	122	86	20
103	123	97	20
103	124	94	20
103	130	95	20
103	131	98	20
103	133	100	20
103	138	98	20
103	148	93	20
104	103	99	20
104	106	100	20
104	108	17	20
104	111	100	20
104	112	76	20
104	113	50	20
104	116	90	20
104	121	96	20
104	123	100	20
104	124	100	20
104	125	97	20
104	126	96	20
104	138	34	20
105	100	33	20
105	101	83	20
105	102	98	20
105	107	99	20
105	108	97	20
105	109	95	20
105	113	100	20
105	118	96	20
105	122	95	20
105	125	96	20
105	127	100	20
105	130	100	20
105	131	63	20
105	133	0	20
105	139	85	20
105	141	100	20
105	143	97	20
105	144	95	20
105	146	91	20
105	148	96	20
106	100	97	20
106	101	99	20
106	102	0	20
106	103	93	20
106	104	95	20
106	108	98	20
106	111	96	20
106	116	93	20
106	118	96	20
106	121	95	20
106	123	100	20
106	124	96	20
106	125	79	20
106	126	96	20
106	130	81	20
106	133	94	20
107	100	99	20
107	101	94	20
107	102	100	20
107	105	100	20
107	106	10	20
107	108	97	20
107	109	97	20
107	111	56	20
107	116	78	20
107	118	95	20
107	121	95	20
107	122	98	20
107	123	100	20
107	124	100	20
107	125	4	20
107	127	5	20
107	130	0	20
107	133	98	20
107	148	13	20
108	100	92	20
108	101	100	20
108	102	97	20
108	103	100	20
108	104	7	20
108	105	41	20
108	106	100	20
108	107	94	20
108	109	99	20
108	112	39	20
108	116	95	20
108	117	13	20
108	118	98	20
108	121	96	20
108	122	97	20
108	123	67	20
108	124	96	20
108	125	94	20
108	126	100	20
108	127	96	20
108	130	100	20
108	133	98	20
108	138	100	20
108	139	98	20
108	144	97	20
108	146	94	20
108	148	92	20
109	100	72	20
109	101	100	20
109	102	98	20
109	103	91	20
109	105	98	20
109	107	97	20
109	108	97	20
109	111	82	20
109	112	94	20
109	113	10	20
109	115	94	20
109	116	98	20
109	117	100	20
109	118	100	20
109	122	100	20
109	125	100	20
109	127	99	20
109	131	67	20
109	133	100	20
109	138	95	20
109	139	100	20
109	141	96	20
109	143	100	20
109	144	96	20
109	146	79	20
109	148	100	20
110	112	100	20
110	113	99	20
110	114	99	20
110	115	97	20
110	117	96	20
110	119	95	20
110	120	96	20
110	125	99	20
110	128	91	20
110	130	99	20
110	131	95	20
110	135	98	20
110	137	100	20
110	138	97	20
110	146	97	20
110	149	100	20
111	102	100	20
111	103	100	20
111	104	95	20
111	106	98	20
111	107	86	20
111	109	2	20
111	113	94	20
111	116	99	20
111	117	11	20
111	118	45	20
111	121	95	20
111	123	99	20
111	124	78	20
111	125	2	20
111	126	92	20
111	130	96	20
111	133	99	20
111	138	100	20
111	144	97	20
111	148	11	20
112	104	100	20
112	108	32	20
112	109	99	20
112	110	100	20
112	113	100	20
112	114	100	20
112	115	93	20
112	116	93	20
112	117	95	20
112	118	49	20
112	119	98	20
112	125	100	20
112	126	100	20
112	130	98	20
112	131	99	20
112	135	96	20
112	137	97	20
112	138	90	20
112	139	98	20
112	143	99	20
112	144	8	20
112	146	100	20
112	148	95	20
112	149	100	20
113	102	100	20
113	103	93	20
113	104	28	20
113	105	91	20
113	110	97	20
113	111	81	20
113	112	98	20
113	114	49	20
113	115	100	20
113	116	100	20
113	117	96	20
113	118	18	20
113	119	100	20
113	121	8	20
113	125	98	20
113	126	98	20
113	127	65	20
113	130	100	20
113	131	100	20
113	133	97	20
113	137	5	20
113	138	96	20
113	139	98	20
113	143	93	20
113	144	95	20
113	146	99	20
113	148	86	20
113	149	100	20
114	110	100	20
114	112	100	20
114	113	75	20
114	115	100	20
114	117	100	20
114	119	96	20
114	120	100	20
114	125	0	20
114	128	95	20
114	130	99	20
114	131	65	20
114	135	100	20
114	136	100	20
114	137	99	20
115	110	97	20
115	112	100	20
115	113	97	20
115	114	96	20
115	117	95	20
115	119	93	20
115	125	91	20
115	130	100	20
115	131	94	20
115	135	97	20
115	136	26	20
115	137	99	20
115	138	59	20
115	139	32	20
115	144	0	20
115	149	95	20
116	100	98	20
116	101	97	20
116	102	98	20
116	103	98	20
116	104	92	20
116	106	94	20
116	107	70	20
116	108	100	20
116	109	96	20
116	111	100	20
116	112	94	20
116	113	100	20
116	117	98	20
116	118	97	20
116	121	95	20
116	122	96	20
116	123	22	20
116	124	71	20
116	125	96	20
116	126	87	20
116	130	100	20
116	133	100	20
116	138	100	20
116	144	100	20
116	146	24	20
116	148	100	20
117	103	90	20
117	108	6	20
117	109	34	20
117	110	100	20
117	111	5	20
117	112	97	20
117	113	96	20
117	114	96	20
117	115	100	20
117	116	95	20
117	118	98	20
117	119	88	20
117	120	0	20
117	125	93	20
117	126	94	20
117	130	93	20
117	131	96	20
117	133	100	20
117	137	61	20
117	138	99	20
117	143	4	20
117	144	97	20
117	146	100	20
117	148	100	20
117	149	95	20
118	100	97	20
118	101	99	20
118	102	98	20
118	103	94	20
118	104	2	20
118	105	89	20
118	106	97	20
118	107	97	20
118	108	100	20
118	111	9	20
118	112	3	20
118	116	98	20
118	117	99	20
118	121	96	20
118	122	66	20
118	123	100	20
118	124	97	20
118	125	97	20
118	126	0	20
118	127	100	20
118	130	87	20
118	131	91	20
118	133	98	20
118	144	98	20
118	148	100	20
119	110	99	20
119	112	100	20
119	113	98	20
119	114	96	20
119	115	94	20
119	117	100	20
119	120	99	20
119	125	96	20
119	128	100	20
119	131	96	20
119	135	100	20
119	136	99	20
119	137	97	20
119	144	93	20
119	148	93	20
119	149	100	20
120	110	98	20
120	114	90	20
120	117	12	20
120	119	100	20
120	128	98	20
120	129	100	20
120	135	63	20
120	136	92	20
120	142	62	20
121	100	87	20
121	101	100	20
121	102	100	20
121	103	96	20
121	104	99	20
121	106	95	20
121	107	100	20
121	108	99	20
121	111	98	20
121	113	38	20
121	116	100	20
121	118	100	20
121	122	100	20
121	123	94	20
121	124	97	20
121	126	100	20
121	127	1	20
121	130	97	20
121	133	92	20
121	138	100	20
122	100	97	20
122	101	100	20
122	102	92	20
122	103	90	20
122	105	92	20
122	107	99	20
122	108	98	20
122	109	96	20
122	116	100	20
122	117	78	20
122	118	100	20
122	121	93	20
122	123	39	20
122	125	100	20
122	127	97	20
122	131	2	20
122	133	55	20
122	139	50	20
122	143	90	20
122	144	100	20
122	146	98	20
123	101	100	20
123	103	96	20
123	104	99	20
123	106	99	20
123	107	95	20
123	108	92	20
123	111	100	20
123	116	41	20
123	118	100	20
123	121	98	20
123	124	100	20
123	125	99	20
123	126	93	20
123	130	71	20
123	138	99	20
123	148	94	20
124	102	96	20
124	103	99	20
124	104	30	20
124	106	96	20
124	107	96	20
124	108	94	20
124	111	95	20
124	116	98	20
124	118	100	20
124	121	97	20
124	123	94	20
124	125	16	20
124	126	95	20
124	133	100	20
124	138	74	20
125	102	96	20
125	104	96	20
125	105	75	20
125	106	26	20
125	108	62	20
125	109	93	20
125	110	95	20
125	112	99	20
125	113	88	20
125	114	18	20
125	115	100	20
125	116	100	20
125	117	100	20
125	118	87	20
125	119	16	20
125	123	100	20
125	124	13	20
125	126	97	20
125	130	95	20
125	131	100	20
125	133	97	20
125	138	96	20
125	139	100	20
125	144	100	20
125	146	100	20
125	148	98	20
126	102	100	20
126	104	95	20
126	106	96	20
126	108	94	20
126	111	100	20
126	112	100	20
126	113	96	20
126	116	100	20
126	117	100	20
126	121	98	20
126	123	99	20
126	124	98	20
126	125	95	20
126	130	100	20
126	138	96	20
126	146	100	20
126	148	100	20
127	100	96	20
127	101	99	20
127	102	100	20
127	105	95	20
127	107	99	20
127	108	100	20
127	109	98	20
127	112	1	20
127	113	96	20
127	116	0	20
127	118	96	20
127	121	11	20
127	122	100	20
127	125	75	20
127	133	100	20
127	138	30	20
127	139	100	20
127	143	59	20
127	144	97	20
128	110	92	20
128	114	98	20
128	119	99	20
128	120	100	20
128	129	96	20
128	131	100	20
128	135	16	20
128	136	30	20
128	142	99	20
128	149	100	20
129	114	97	20
129	120	100	20
129	128	97	20
129	131	6	20
129	136	97	20
129	139	55	20
129	140	92	20
129	141	100	20
129	142	95	20
129	143	27	20
129	147	66	20
130	102	96	20
130	103	91	20
130	105	44	20
130	106	34	20
130	107	11	20
130	108	98	20
130	110	99	20
130	111	92	20
130	112	99	20
130	113	95	20
130	114	79	20
130	115	100	20
130	116	100	20
130	117	100	20
130	118	45	20
130	121	92	20
130	123	23	20
130	125	99	20
130	126	93	20
130	131	99	20
130	133	100	20
130	135	36	20
130	138	100	20
130	139	100	20
130	144	99	20
130	146	100	20
130	148	100	20
130	149	99	20
131	103	85	20
131	110	97	20
131	112	100	20
131	113	98	20
131	114	94	20
131	115	97	20
131	117	100	20
131	118	73	20
131	119	100	20
131	125	96	20
131	128	97	20
131	130	100	20
131	133	60	20
131	135	99	20
131	138	13	20
131	139	96	20
131	140	100	20
131	141	100	20
131	143	16	20
131	144	10	20
131	146	0	20
131	147	100	20
131	149	97	20
132	114	100	20
132	115	92	20
132	119	97	20
132	120	97	20
132	128	100	20
132	129	98	20
132	135	93	20
132	136	100	20
132	137	100	20
132	142	13	20
132	149	90	20
133	100	98	20
133	101	38	20
133	102	100	20
133	103	97	20
133	104	10	20
133	106	99	20
133	107	80	20
133	108	97	20
133	109	96	20
133	111	92	20
133	113	96	20
133	116	99	20
133	117	100	20
133	118	100	20
133	121	100	20
133	124	99	20
133	125	99	20
133	127	100	20
133	130	100	20
133	131	97	20
133	138	99	20
133	144	96	20
133	146	92	20
133	148	97	20
135	110	98	20
135	112	100	20
135	114	100	20
135	115	100	20
135	119	100	20
135	120	10	20
135	130	80	20
135	131	97	20
135	136	96	20
135	137	100	20
135	149	10	20
136	114	100	20
136	115	6	20
136	119	100	20
136	120	93	20
136	128	13	20
136	129	98	20
136	135	99	20
136	137	100	20
137	110	97	20
137	112	100	20
137	113	80	20
137	114	97	20
137	115	97	20
137	117	46	20
137	119	99	20
137	135	100	20
137	136	98	20
138	102	97	20
138	103	98	20
138	105	6	20
138	106	6	20
138	108	97	20
138	109	94	20
138	110	93	20
138	111	94	20
138	112	99	20
138	113	99	20
138	115	26	20
138	116	92	20
138	117	100	20
138	121	96	20
138	123	100	20
138	124	66	20
138	125	94	20
138	126	97	20
138	130	100	20
138	131	4	20
138	133	93	20
138	144	100	20
138	146	0	20
138	148	98	20
138	149	89	20
139	102	64	20
139	105	12	20
139	108	97	20
139	109	100	20
139	112	100	20
139	113	100	20
139	114	2	20
139	115	87	20
139	116	53	20
139	125	98	20
139	127	96	20
139	129	38	20
139	130	98	20
139	131	96	20
139	140	100	20
139	141	99	20
139	142	100	20
139	143	100	20
139	144	96	20
139	146	99	20
139	147	100	20
139	148	100	20
139	149	100	20
140	129	88	20
140	131	94	20
140	139	100	20
140	141	90	20
140	142	100	20
140	143	100	20
140	147	92	20
140	149	93	20
141	105	82	20
141	109	100	20
141	113	22	20
141	119	4	20
141	129	94	20
141	131	97	20
141	139	96	20
141	140	98	20
141	142	95	20
141	143	96	20
141	144	100	20
141	146	100	20
141	147	100	20
141	148	91	20
141	149	98	20
142	114	1	20
142	120	69	20
142	128	100	20
142	129	100	20
142	139	95	20
142	140	100	20
142	141	95	20
142	143	99	20
142	146	26	20
142	147	93	20
143	105	97	20
143	109	90	20
143	112	91	20
143	113	100	20
143	117	0	20
143	122	92	20
143	129	95	20
143	130	11	20
143	131	50	20
143	139	96	20
143	140	97	20
143	141	100	20
143	142	99	20
143	144	97	20
143	146	99	20
143	147	100	20
143	148	100	20
144	100	97	20
144	101	37	20
144	102	22	20
144	105	96	20
144	108	93	20
144	109	98	20
144	111	82	20
144	113	98	20
144	116	95	20
144	117	90	20
144	118	97	20
144	119	4	20
144	122	98	20
144	125	100	20
144	126	1	20
144	127	95	20
144	130	94	20
144	133	96	20
144	138	98	20
144	139	100	20
144	141	100	20
144	143	94	20
144	146	93	20
144	148	100	20
144	149	54	20
146	101	67	20
146	102	85	20
146	105	97	20
146	108	97	20
146	109	63	20
146	110	97	20
146	112	98	20
146	113	100	20
146	116	40	20
146	117	93	20
146	122	42	20
146	125	97	20
146	126	95	20
146	130	95	20
146	138	56	20
146	139	93	20
146	141	93	20
146	142	25	20
146	143	92	20
146	144	100	20
146	148	98	20
146	149	97	20
147	131	96	20
147	139	96	20
147	140	98	20
147	141	98	20
147	142	94	20
147	143	100	20
148	102	100	20
148	103	100	20
148	105	97	20
148	107	0	20
148	108	78	20
148	109	99	20
148	112	51	20
148	113	98	20
148	116	100	20
148	117	100	20
148	118	99	20
148	119	85	20
148	123	100	20
148	125	96	20
148	126	100	20
148	130	98	20
148	133	92	20
148	138	90	20
148	139	98	20
148	140	9	20
148	141	32	20
148	143	97	20
148	144	96	20
148	146	95	20
148	149	97	20
149	110	100	20
149	112	100	20
149	113	90	20
149	115	97	20
149	117	100	20
149	119	99	20
149	128	100	20
149	130	99	20
149	131	100	20
149	135	67	20
149	138	95	20
149	139	100	20
149	140	100	20
149	141	98	20
149	144	61	20
149	146	98	20
149	148	100	20
100	101	95	15
100	102	9	15
100	105	56	15
100	107	90	15
100	109	70	15
100	118	80	15
100	121	80	15
100	122	100	15
100	124	4	15
100	127	93	15
100	133	2	15
101	100	96	15
101	102	91	15
101	103	97	15
101	105	97	15
101	106	74	15
101	107	95	15
101	108	86	15
101	109	95	15
101	116	85	15
101	118	77	15
101	121	50	15
101	122	100	15
101	123	85	15
101	124	54	15
101	127	97	15
101	133	10	15
101	144	71	15
102	100	0	15
102	101	82	15
102	103	81	15
102	105	87	15
102	107	96	15
102	108	100	15
102	109	80	15
102	112	91	15
102	113	94	15
102	116	84	15
102	117	96	15
102	118	93	15
102	122	82	15
102	125	85	15
102	127	80	15
102	130	99	15
102	131	1	15
102	133	92	15
102	138	88	15
102	139	94	15
102	144	100	15
102	146	95	15
102	148	24	15
103	100	8	15
103	101	75	15
103	102	11	15
103	104	77	15
103	106	77	15
103	108	97	15
103	109	86	15
103	111	94	15
103	113	36	15
103	116	86	15
103	118	79	15
103	121	87	15
103	123	82	15
103	124	85	15
103	125	98	15
103	126	95	15
103	127	68	15
103	130	87	15
103	131	92	15
103	133	91	15
103	138	93	15
103	144	77	15
103	148	84	15
104	103	78	15
104	106	86	15
104	111	100	15
104	116	64	15
104	118	80	15
104	121	94	15
104	123	100	15
104	125	100	15
104	126	87	15
104	138	100	15
105	100	69	15
105	101	88	15
105	102	93	15
105	107	18	15
105	108	69	15
105	109	100	15
105	113	97	15
105	116	76	15
105	118	64	15
105	121	5	15
105	122	99	15
105	126	32	15
105	127	99	15
105	133	79	15
105	138	18	15
105	139	13	15
105	141	6	15
105	143	71	15
105	144	89	15
105	146	91	15
105	148	63	15
106	101	87	15
106	103	87	15
106	104	100	15
106	107	14	15
106	108	89	15
106	111	96	15
106	116	80	15
106	117	24	15
106	118	90	15
106	121	92	15
106	123	97	15
106	124	90	15
106	126	83	15
106	133	31	15
106	138	91	15
107	100	91	15
107	101	96	15
107	102	97	15
107	105	0	15
107	108	83	15
107	109	94	15
107	111	14	15
107	116	10	15
107	118	87	15
107	121	93	15
107	122	99	15
107	124	82	15
107	127	96	15
107	133	92	15
107	144	96	15
108	100	0	15
108	101	100	15
108	102	91	15
108	103	95	15
108	105	93	15
108	106	89	15
108	107	87	15
108	109	96	15
108	111	81	15
108	112	65	15
108	113	52	15
108	116	96	15
108	117	16	15
108	118	94	15
108	121	85	15
108	122	100	15
108	124	3	15
108	125	76	15
108	126	55	15
108	127	81	15
108	130	58	15
108	133	83	15
108	138	35	15
108	139	9	15
108	144	100	15
108	146	93	15
108	148	93	15
109	100	87	15
109	101	86	15
109	102	94	15
109	103	71	15
109	105	97	15
109	107	84	15
109	108	90	15
109	113	97	15
109	116	98	15
109	117	67	15
109	118	13	15
109	122	96	15
109	125	87	15
109	127	94	15
109	130	82	15
109	133	75	15
109	138	76	15
109	139	89	15
109	143	100	15
109	144	95	15
109	146	97	15
109	147	0	15
109	148	6	15
110	112	99	15
110	113	99	15
110	114	96	15
110	115	96	15
110	117	96	15
110	119	100	15
110	125	97	15
110	128	96	15
110	130	82	15
110	131	90	15
110	135	100	15
110	137	100	15
110	146	39	15
110	149	94	15
111	103	83	15
111	104	98	15
111	106	96	15
111	107	62	15
111	108	59	15
111	113	82	15
111	116	88	15
111	118	71	15
111	121	91	15
111	123	100	15
111	124	90	15
111	125	86	15
111	126	93	15
111	130	62	15
111	138	98	15
111	144	38	15
111	148	93	15
112	102	76	15
112	108	76	15
112	109	14	15
112	110	100	15
112	113	100	15
112	114	9	15
112	115	98	15
112	116	87	15
112	117	100	15
112	125	81	15
112	126	63	15
112	130	93	15
112	131	96	15
112	133	51	15
112	135	100	15
112	138	89	15
112	139	25	15
112	143	81	15
112	144	96	15
112	146	7	15
112	148	96	15
113	102	79	15
113	105	93	15
113	108	48	15
113	109	93	15
113	110	98	15
113	111	38	15
113	112	100	15
113	116	64	15
113	117	100	15
113	118	66	15
113	121	24	15
113	125	95	15
113	126	77	15
113	127	71	15
113	130	99	15
113	131	93	15
113	133	8	15
113	138	84	15
113	139	86	15
113	143	68	15
113	144	53	15
113	146	100	15
113	148	91	15
113	149	84	15
114	110	100	15
114	113	13	15
114	115	100	15
114	117	93	15
114	119	99	15
114	120	100	15
114	128	100	15
114	130	97	15
114	131	100	15
114	135	97	15
114	136	100	15
114	137	98	15
114	139	16	15
114	148	0	15
114	149	100	15
115	110	92	15
115	112	98	15
115	114	100	15
115	117	100	15
115	119	96	15
115	125	98	15
115	130	94	15
115	131	88	15
115	135	97	15
115	144	82	15
115	146	91	15
115	149	95	15
116	101	76	15
116	102	86	15
116	103	97	15
116	104	58	15
116	105	95	15
116	106	49	15
116	107	76	15
116	108	84	15
116	109	89	15
116	111	46	15
116	112	99	15
116	113	95	15
116	117	95	15
116	118	76	15
116	121	59	15
116	122	90	15
116	123	80	15
116	124	88	15
116	125	94	15
116	126	93	15
116	127	54	15
116	130	99	15
116	131	90	15
116	133	97	15
116	138	99	15
116	139	89	15
116	144	83	15
116	146	93	15
116	148	99	15
117	102	86	15
117	108	44	15
117	109	87	15
117	110	94	15
117	112	99	15
117	113	100	15
117	114	93	15
117	115	100	15
117	116	82	15
117	119	99	15
117	121	67	15
117	122	15	15
117	125	100	15
117	126	12	15
117	128	6	15
117	130	93	15
117	131	93	15
117	133	83	15
117	138	100	15
117	139	26	15
117	144	50	15
117	146	99	15
117	148	90	15
117	149	99	15
118	100	84	15
118	101	86	15
118	102	85	15
118	103	82	15
118	104	71	15
118	106	82	15
118	107	96	15
118	108	88	15
118	109	3	15
118	111	63	15
118	113	76	15
118	116	91	15
118	121	96	15
118	122	97	15
118	123	11	15
118	124	75	15
118	125	100	15
118	126	67	15
118	127	90	15
118	131	11	15
118	133	100	15
118	146	20	15
118	148	82	15
119	110	97	15
119	114	99	15
119	115	93	15
119	117	100	15
119	120	54	15
119	125	98	15
119	128	96	15
119	129	61	15
119	130	84	15
119	135	100	15
119	136	97	15
119	137	97	15
119	139	29	15
119	144	3	15
119	148	7	15
119	149	96	15
120	114	34	15
120	119	83	15
120	128	4	15
120	129	54	15
120	135	13	15
120	136	100	15
120	142	8	15
121	100	86	15
121	101	18	15
121	103	100	15
121	104	91	15
121	106	89	15
121	107	93	15
121	108	97	15
121	111	85	15
121	113	16	15
121	116	75	15
121	117	31	15
121	118	88	15
121	122	87	15
121	123	98	15
121	124	96	15
121	125	62	15
121	126	95	15
121	133	82	15
121	138	91	15
122	100	97	15
122	101	100	15
122	102	90	15
122	105	93	15
122	107	96	15
122	108	96	15
122	109	100	15
122	113	4	15
122	116	93	15
122	117	46	15
122	118	86	15
122	121	87	15
122	127	93	15
122	130	13	15
122	133	84	15
122	138	23	15
122	139	2	15
122	143	88	15
122	144	97	15
122	148	13	15
123	101	81	15
123	103	87	15
123	104	100	15
123	106	89	15
123	107	11	15
123	111	98	15
123	116	88	15
123	118	29	15
123	121	82	15
123	124	88	15
123	125	11	15
123	126	93	15
123	138	93	15
123	148	81	15
124	100	4	15
124	101	80	15
124	103	69	15
124	106	97	15
124	107	67	15
124	111	92	15
124	116	4	15
124	118	87	15
124	121	97	15
124	123	93	15
124	126	38	15
124	133	63	15
125	102	77	15
125	103	88	15
125	104	93	15
125	108	79	15
125	109	60	15
125	110	94	15
125	111	84	15
125	112	42	15
125	113	92	15
125	115	100	15
125	116	85	15
125	117	96	15
125	118	86	15
125	119	96	15
125	123	4	15
125	126	92	15
125	127	28	15
125	130	100	15
125	131	91	15
125	133	85	15
125	138	100	15
125	144	94	15
125	146	98	15
125	148	100	15
125	149	59	15
126	103	96	15
126	104	98	15
126	106	88	15
126	111	98	15
126	112	13	15
126	113	94	15
126	116	93	15
126	118	34	15
126	121	89	15
126	123	93	15
126	125	96	15
126	130	80	15
126	138	100	15
126	144	94	15
126	146	92	15
127	100	99	15
127	101	97	15
127	102	97	15
127	103	91	15
127	105	100	15
127	107	96	15
127	109	100	15
127	113	85	15
127	116	0	15
127	118	85	15
127	122	100	15
127	125	88	15
127	133	89	15
127	143	55	15
127	144	97	15
127	148	100	15
128	110	99	15
128	113	3	15
128	114	100	15
128	117	2	15
128	119	94	15
128	129	100	15
128	131	92	15
128	135	100	15
128	136	83	15
128	141	1	15
128	142	100	15
128	149	97	15
129	119	88	15
129	120	11	15
129	128	100	15
129	131	27	15
129	136	92	15
129	140	17	15
129	141	84	15
129	142	90	15
129	143	0	15
129	147	8	15
129	149	91	15
130	102	87	15
130	103	87	15
130	105	23	15
130	108	40	15
130	109	100	15
130	110	99	15
130	111	64	15
130	112	97	15
130	113	100	15
130	114	100	15
130	115	98	15
130	116	85	15
130	117	96	15
130	119	96	15
130	125	90	15
130	126	86	15
130	131	96	15
130	133	89	15
130	138	100	15
130	139	100	15
130	141	13	15
130	146	100	15
130	148	99	15
130	149	92	15
131	103	82	15
131	110	92	15
131	112	98	15
131	113	97	15
131	114	93	15
131	115	93	15
131	116	77	15
131	117	90	15
131	125	95	15
131	128	93	15
131	129	23	15
131	130	100	15
131	139	92	15
131	140	83	15
131	141	100	15
131	142	83	15
131	143	83	15
131	147	91	15
131	149	98	15
132	110	80	15
132	114	94	15
132	115	8	15
132	119	100	15
132	120	100	15
132	128	90	15
132	135	100	15
132	136	97	15
132	142	11	15
132	149	64	15
133	100	81	15
133	101	78	15
133	102	97	15
133	103	87	15
133	105	95	15
133	106	1	15
133	107	78	15
133	108	96	15
133	109	93	15
133	111	22	15
133	112	0	15
133	113	34	15
133	116	93	15
133	117	99	15
133	118	100	15
133	121	97	15
133	122	95	15
133	123	28	15
133	124	77	15
133	125	83	15
133	127	88	15
133	130	97	15
133	138	7	15
133	139	68	15
133	144	93	15
133	146	19	15
133	148	93	15
135	110	100	15
135	112	96	15
135	114	100	15
135	115	100	15
135	119	96	15
135	128	95	15
135	136	94	15
135	137	99	15
136	114	100	15
136	119	99	15
136	120	94	15
136	128	95	15
136	129	97	15
136	135	97	15
136	142	15	15
137	110	96	15
137	112	36	15
137	114	92	15
137	115	32	15
137	117	83	15
137	119	98	15
137	120	29	15
137	135	97	15
137	136	87	15
137	149	49	15
138	102	82	15
138	103	87	15
138	104	80	15
138	105	1	15
138	106	89	15
138	109	12	15
138	111	94	15
138	112	100	15
138	113	100	15
138	116	89	15
138	117	99	15
138	121	89	15
138	123	79	15
138	125	100	15
138	126	94	15
138	130	89	15
138	133	21	15
138	139	18	15
138	144	67	15
138	146	9	15
138	148	84	15
138	149	96	15
139	102	84	15
139	109	79	15
139	112	84	15
139	113	94	15
139	114	1	15
139	116	87	15
139	117	56	15
139	119	14	15
139	122	4	15
139	130	85	15
139	131	93	15
139	133	42	15
139	138	73	15
139	140	76	15
139	141	96	15
139	142	74	15
139	143	100	15
139	144	96	15
139	146	97	15
139	147	67	15
139	148	100	15
139	149	94	15
140	129	0	15
140	131	100	15
140	139	81	15
140	141	89	15
140	142	100	15
140	143	89	15
140	147	70	15
140	149	0	15
141	109	25	15
141	112	89	15
141	128	62	15
141	129	82	15
141	130	80	15
141	131	100	15
141	139	100	15
141	140	95	15
141	142	95	15
141	143	79	15
141	144	100	15
141	146	98	15
141	147	91	15
141	148	98	15
141	149	57	15
142	128	100	15
142	129	48	15
142	131	88	15
142	136	20	15
142	139	94	15
142	140	93	15
142	141	100	15
142	143	84	15
142	147	93	15
143	105	89	15
143	109	100	15
143	112	96	15
143	113	82	15
143	122	85	15
143	125	16	15
143	127	49	15
143	129	13	15
143	131	100	15
143	139	100	15
143	140	100	15
143	141	31	15
143	142	91	15
143	144	87	15
143	146	69	15
143	147	98	15
143	149	95	15
144	101	76	15
144	102	86	15
144	103	63	15
144	105	100	15
144	107	81	15
144	108	85	15
144	109	94	15
144	110	0	15
144	112	86	15
144	113	92	15
144	115	75	15
144	116	72	15
144	117	11	15
144	118	7	15
144	122	91	15
144	125	100	15
144	126	87	15
144	127	95	15
144	131	54	15
144	133	64	15
144	138	78	15
144	139	81	15
144	141	87	15
144	143	87	15
144	146	100	15
144	148	100	15
144	149	91	15
146	101	8	15
146	102	87	15
146	103	1	15
146	105	71	15
146	107	48	15
146	108	100	15
146	109	97	15
146	110	93	15
146	111	42	15
146	113	100	15
146	115	88	15
146	116	77	15
146	117	94	15
146	118	82	15
146	121	10	15
146	125	98	15
146	126	92	15
146	130	97	15
146	131	100	15
146	133	65	15
146	138	92	15
146	139	92	15
146	141	87	15
146	142	0	15
146	143	92	15
146	144	100	15
146	147	2	15
146	148	98	15
146	149	94	15
147	128	36	15
147	129	15	15
147	131	68	15
147	139	86	15
147	140	69	15
147	141	66	15
147	142	100	15
147	143	91	15
148	103	94	15
148	105	38	15
148	108	90	15
148	109	26	15
148	111	91	15
148	112	97	15
148	113	96	15
148	114	27	15
148	115	6	15
148	116	84	15
148	117	95	15
148	118	89	15
148	119	14	15
148	123	87	15
148	125	97	15
148	127	84	15
148	130	97	15
148	131	5	15
148	133	98	15
148	138	100	15
148	139	94	15
148	141	90	15
148	143	7	15
148	144	100	15
148	146	100	15
148	149	97	15
149	110	100	15
149	113	81	15
149	114	98	15
149	115	95	15
149	117	92	15
149	119	92	15
149	125	52	15
149	128	100	15
149	129	28	15
149	130	97	15
149	131	100	15
149	138	80	15
149	139	90	15
149	144	84	15
149	146	94	15
149	147	5	15
149	148	86	15
