100	101	97	26
100	102	94	26
100	105	93	26
100	106	56	26
100	107	88	26
100	108	98	26
100	109	100	26
100	118	96	26
100	122	96	26
100	127	99	26
100	133	71	26
101	100	98	26
101	102	97	26
101	105	92	26
101	106	95	26
101	107	98	26
101	108	97	26
101	109	100	26
101	116	100	26
101	121	96	26
101	122	96	26
101	127	99	26
101	133	96	26
101	148	9	26
102	100	96	26
102	101	87	26
102	103	94	26
102	105	98	26
102	107	100	26
102	108	94	26
102	109	99	26
102	112	91	26
102	113	100	26
102	115	1	26
102	116	99	26
102	118	94	26
102	122	99	26
102	125	21	26
102	126	93	26
102	127	100	26
102	133	98	26
102	138	100	26
102	139	90	26
102	144	97	26
102	146	60	26
102	148	100	26
103	102	94	26
103	104	100	26
103	106	91	26
103	107	87	26
103	108	97	26
103	111	100	26
103	113	97	26
103	116	100	26
103	117	4	26
103	118	100	26
103	121	100	26
103	123	99	26
103	124	94	26
103	125	96	26
103	126	98	26
103	130	94	26
103	131	100	26
103	133	92	26
103	138	100	26
103	146	51	26
103	148	94	26
104	103	97	26
104	106	88	26
104	108	16	26
104	111	93	26
104	112	75	26
104	118	86	26
104	121	93	26
104	123	100	26
104	124	94	26
104	126	96	26
104	138	100	26
105	100	94	26
105	101	98	26
105	102	100	26
105	108	99	26
105	109	100	26
105	113	100	26
105	116	17	26
105	118	97	26
105	122	99	26
105	127	98	26
105	130	96	26
105	133	77	26
105	138	14	26
105	139	97	26
105	141	92	26
105	143	97	26
105	144	100	26
105	146	95	26
106	100	0	26
106	101	7	26
106	103	91	26
106	104	100	26
106	108	57	26
106	109	2	26
106	111	96	26
106	116	0	26
106	118	94	26
106	121	96	26
106	122	18	26
106	123	99	26
106	124	97	26
106	125	80	26
106	126	96	26
106	133	99	26
106	138	95	26
107	100	94	26
107	101	94	26
107	102	92	26
107	103	99	26
107	108	100	26
107	109	84	26
107	116	90	26
107	118	96	26
107	121	91	26
107	122	96	26
107	124	98	26
107	125	2	26
107	127	93	26
107	144	92	26
108	100	98	26
108	101	100	26
108	102	96	26
108	103	100	26
108	104	65	26
108	105	95	26
108	106	94	26
108	107	98	26
108	109	99	26
108	111	25	26
108	113	8	26
108	116	94	26
108	117	66	26
108	118	97	26
108	121	95	26
108	122	100	26
108	123	97	26
108	125	88	26
108	127	100	26
108	130	0	26
108	133	97	26
108	138	100	26
108	139	90	26
108	144	100	26
108	148	94	26
109	100	100	26
109	101	99	26
109	102	100	26
109	105	99	26
109	106	70	26
109	107	92	26
109	108	97	26
109	112	100	26
109	116	98	26
109	117	100	26
109	122	99	26
109	125	96	26
109	126	98	26
109	127	100	26
109	130	100	26
109	131	43	26
109	133	93	26
109	138	100	26
109	139	34	26
109	143	76	26
109	144	100	26
109	147	8	26
109	148	98	26
110	112	96	26
110	113	100	26
110	114	97	26
110	115	100	26
110	119	99	26
110	125	100	26
110	128	99	26
110	130	100	26
110	131	98	26
110	135	100	26
110	136	8	26
110	137	100	26
110	139	12	26
110	146	100	26
110	149	96	26
111	103	96	26
111	104	100	26
111	106	100	26
111	113	95	26
111	116	88	26
111	117	95	26
111	118	90	26
111	121	100	26
111	123	91	26
111	124	97	26
111	125	51	26
111	126	100	26
111	133	97	26
111	138	99	26
111	148	83	26
112	102	95	26
112	104	43	26
112	109	87	26
112	110	99	26
112	113	100	26
112	115	95	26
112	116	97	26
112	117	96	26
112	119	97	26
112	125	100	26
112	128	99	26
112	130	96	26
112	131	99	26
112	133	94	26
112	138	97	26
112	139	15	26
112	144	4	26
112	146	59	26
112	148	100	26
112	149	100	26
113	102	96	26
113	103	100	26
113	105	20	26
113	110	100	26
113	111	85	26
113	112	96	26
113	115	100	26
113	116	100	26
113	117	96	26
113	118	97	26
113	119	97	26
113	121	98	26
113	122	95	26
113	125	100	26
113	130	100	26
113	131	100	26
113	133	88	26
113	138	96	26
113	139	100	26
113	143	11	26
113	144	100	26
113	146	97	26
113	148	94	26
113	149	100	26
114	110	99	26
114	115	23	26
114	117	38	26
114	119	99	26
114	120	100	26
114	125	54	26
114	128	100	26
114	129	36	26
114	130	35	26
114	135	94	26
114	136	100	26
114	137	98	26
114	146	17	26
115	110	96	26
115	112	32	26
115	113	100	26
115	114	8	26
115	117	98	26
115	119	100	26
115	125	100	26
115	128	3	26
115	130	95	26
115	131	97	26
115	138	93	26
115	141	6	26
115	146	95	26
115	149	99	26
116	101	97	26
116	102	98	26
116	103	97	26
116	104	0	26
116	107	85	26
116	108	96	26
116	109	100	26
116	111	94	26
116	112	96	26
116	113	91	26
116	115	1	26
116	117	99	26
116	118	100	26
116	122	93	26
116	123	73	26
116	125	100	26
116	126	91	26
116	127	93	26
116	130	96	26
116	133	81	26
116	138	100	26
116	139	100	26
116	144	100	26
116	146	90	26
116	148	100	26
116	149	24	26
117	108	42	26
117	109	99	26
117	110	7	26
117	111	100	26
117	112	97	26
117	113	100	26
117	115	96	26
117	116	95	26
117	118	5	26
117	119	96	26
117	120	5	26
117	125	95	26
117	126	90	26
117	130	100	26
117	131	97	26
117	133	93	26
117	135	75	26
117	137	94	26
117	138	100	26
117	139	29	26
117	144	100	26
117	146	96	26
117	148	93	26
117	149	94	26
118	100	97	26
118	102	97	26
118	103	97	26
118	104	97	26
118	105	10	26
118	106	95	26
118	107	87	26
118	108	95	26
118	111	100	26
118	112	3	26
118	113	99	26
118	116	96	26
118	117	8	26
118	121	94	26
118	122	100	26
118	123	99	26
118	124	91	26
118	125	95	26
118	126	89	26
118	127	11	26
118	130	94	26
118	131	1	26
118	133	90	26
118	138	95	26
118	144	99	26
118	146	93	26
119	110	100	26
119	112	96	26
119	113	95	26
119	114	97	26
119	115	100	26
119	117	92	26
119	120	100	26
119	128	97	26
119	129	99	26
119	130	50	26
119	131	99	26
119	135	100	26
119	136	98	26
119	137	100	26
119	139	0	26
119	144	25	26
119	146	97	26
119	148	100	26
119	149	100	26
120	114	99	26
120	119	84	26
120	128	100	26
120	129	93	26
120	135	94	26
120	136	96	26
120	142	93	26
121	101	93	26
121	103	97	26
121	104	99	26
121	106	100	26
121	107	93	26
121	108	95	26
121	111	95	26
121	113	97	26
121	118	94	26
121	123	94	26
121	124	99	26
121	125	11	26
121	126	94	26
121	133	89	26
121	138	97	26
121	148	9	26
122	100	100	26
122	101	94	26
122	102	96	26
122	105	94	26
122	106	92	26
122	107	99	26
122	108	98	26
122	109	100	26
122	113	95	26
122	116	100	26
122	117	87	26
122	118	100	26
122	121	3	26
122	123	85	26
122	124	100	26
122	125	100	26
122	127	98	26
122	130	1	26
122	133	99	26
122	139	54	26
122	143	93	26
122	144	91	26
122	148	96	26
123	103	100	26
123	104	98	26
123	106	99	26
123	108	100	26
123	111	99	26
123	112	2	26
123	116	54	26
123	118	92	26
123	121	97	26
123	122	0	26
123	124	96	26
123	126	97	26
123	130	45	26
123	133	30	26
123	138	96	26
123	148	59	26
124	103	100	26
124	104	96	26
124	106	96	26
124	107	96	26
124	111	99	26
124	118	92	26
124	121	100	26
124	123	100	26
124	126	76	26
124	138	31	26
125	102	57	26
125	103	99	26
125	106	20	26
125	108	84	26
125	109	96	26
125	110	97	26
125	111	46	26
125	112	100	26
125	113	100	26
125	114	5	26
125	115	99	26
125	116	99	26
125	117	96	26
125	118	96	26
125	121	13	26
125	122	67	26
125	126	100	26
125	127	11	26
125	130	94	26
125	131	100	26
125	133	97	26
125	138	100	26
125	139	0	26
125	144	12	26
125	148	94	26
125	149	98	26
126	102	90	26
126	103	99	26
126	104	99	26
126	106	100	26
126	109	59	26
126	110	4	26
126	111	100	26
126	113	83	26
126	116	100	26
126	117	99	26
126	118	98	26
126	121	96	26
126	123	89	26
126	124	100	26
126	125	100	26
126	133	2	26
126	138	98	26
126	144	89	26
126	146	95	26
126	148	96	26
127	100	96	26
127	101	96	26
127	102	100	26
127	105	100	26
127	107	96	26
127	108	100	26
127	109	97	26
127	113	99	26
127	116	98	26
127	118	94	26
127	122	94	26
127	125	77	26
127	133	56	26
127	143	19	26
127	144	100	26
127	146	94	26
127	148	98	26
128	110	60	26
128	112	91	26
128	114	93	26
128	115	9	26
128	119	100	26
128	120	96	26
128	129	100	26
128	135	100	26
128	136	2	26
128	142	100	26
128	149	94	26
129	114	60	26
129	119	100	26
129	120	99	26
129	128	98	26
129	131	99	26
129	135	0	26
129	136	100	26
129	140	81	26
129	142	94	26
129	147	99	26
130	103	100	26
130	105	50	26
130	109	89	26
130	110	100	26
130	112	96	26
130	113	100	26
130	114	10	26
130	115	97	26
130	116	92	26
130	117	98	26
130	118	98	26
130	119	26	26
130	123	32	26
130	125	94	26
130	131	97	26
130	138	100	26
130	139	94	26
130	141	44	26
130	143	91	26
130	144	98	26
130	146	96	26
130	148	100	26
130	149	75	26
131	103	89	26
131	110	99	26
131	112	90	26
131	113	100	26
131	115	100	26
131	117	97	26
131	119	100	26
131	125	99	26
131	128	0	26
131	129	28	26
131	130	96	26
131	138	31	26
131	139	95	26
131	140	100	26
131	141	100	26
131	142	97	26
131	143	96	26
131	144	85	26
131	146	96	26
131	147	15	26
131	148	97	26
131	149	98	26
132	110	81	26
132	112	3	26
132	114	100	26
132	115	99	26
132	119	98	26
132	120	100	26
132	129	98	26
132	135	95	26
132	136	98	26
132	137	96	26
133	100	17	26
133	101	96	26
133	102	100	26
133	103	90	26
133	106	96	26
133	108	96	26
133	109	68	26
133	111	100	26
133	112	99	26
133	113	92	26
133	116	67	26
133	117	100	26
133	118	100	26
133	121	96	26
133	122	100	26
133	123	58	26
133	125	95	26
133	127	4	26
133	138	100	26
133	144	99	26
133	146	96	26
133	148	95	26
135	110	99	26
135	114	97	26
135	117	98	26
135	119	96	26
135	120	100	26
135	128	100	26
135	136	95	26
135	137	96	26
135	149	99	26
136	114	95	26
136	119	97	26
136	120	96	26
136	128	78	26
136	129	100	26
136	135	99	26
136	137	0	26
136	142	8	26
137	110	100	26
137	112	6	26
137	114	97	26
137	115	82	26
137	117	95	26
137	119	100	26
137	135	97	26
137	136	3	26
138	102	58	26
138	103	94	26
138	104	99	26
138	106	92	26
138	108	91	26
138	109	100	26
138	111	100	26
138	112	100	26
138	113	90	26
138	115	100	26
138	116	96	26
138	117	95	26
138	118	92	26
138	121	92	26
138	123	100	26
138	124	2	26
138	125	100	26
138	126	100	26
138	130	97	26
138	131	24	26
138	133	90	26
138	146	84	26
138	148	91	26
139	102	56	26
139	105	98	26
139	108	52	26
139	112	9	26
139	113	99	26
139	116	93	26
139	117	30	26
139	130	95	26
139	131	97	26
139	140	99	26
139	141	99	26
139	142	100	26
139	143	100	26
139	144	99	26
139	147	93	26
139	148	96	26
139	149	80	26
140	129	5	26
140	131	97	26
140	139	96	26
140	141	92	26
140	143	100	26
140	147	100	26
141	105	47	26
141	112	8	26
141	115	84	26
141	120	11	26
141	125	4	26
141	130	37	26
141	131	100	26
141	139	98	26
141	140	100	26
141	142	99	26
141	143	98	26
141	146	96	26
141	147	83	26
141	148	98	26
141	149	94	26
142	120	100	26
142	128	98	26
142	129	98	26
142	131	92	26
142	136	94	26
142	139	95	26
142	140	1	26
142	141	95	26
142	143	97	26
142	147	92	26
143	105	90	26
143	113	83	26
143	130	75	26
143	131	99	26
143	139	95	26
143	140	99	26
143	141	93	26
143	142	100	26
143	144	80	26
143	146	100	26
143	147	98	26
144	102	90	26
144	105	98	26
144	107	100	26
144	108	99	26
144	109	98	26
144	111	7	26
144	112	71	26
144	113	100	26
144	116	100	26
144	117	97	26
144	118	96	26
144	119	78	26
144	122	97	26
144	125	61	26
144	126	70	26
144	127	99	26
144	130	96	26
144	131	97	26
144	133	94	26
144	139	99	26
144	143	80	26
144	146	97	26
144	148	98	26
146	102	100	26
146	103	94	26
146	105	96	26
146	110	96	26
146	112	98	26
146	113	94	26
146	114	84	26
146	115	95	26
146	116	100	26
146	117	93	26
146	118	96	26
146	119	100	26
146	126	97	26
146	127	91	26
146	128	100	26
146	130	96	26
146	131	98	26
146	133	100	26
146	138	88	26
146	141	95	26
146	143	96	26
146	144	98	26
146	148	99	26
146	149	100	26
147	129	91	26
147	131	81	26
147	139	99	26
147	140	97	26
147	141	93	26
147	142	97	26
147	143	94	26
148	102	100	26
148	103	79	26
148	108	96	26
148	109	98	26
148	111	81	26
148	112	100	26
148	113	99	26
148	116	99	26
148	117	100	26
148	119	98	26
148	122	74	26
148	125	97	26
148	126	96	26
148	127	92	26
148	130	93	26
148	131	97	26
148	133	94	26
148	138	95	26
148	139	98	26
148	141	96	26
148	144	100	26
148	146	99	26
148	149	97	26
149	110	99	26
149	112	96	26
149	113	98	26
149	115	93	26
149	116	13	26
149	117	100	26
149	119	97	26
149	125	99	26
149	128	100	26
149	130	93	26
149	131	99	26
149	135	95	26
149	139	100	26
149	141	97	26
149	146	100	26
149	148	97	26
100	101	64	25
100	102	95	25
100	105	60	25
100	107	97	25
100	108	98	25
100	109	100	25
100	116	74	25
100	118	94	25
100	121	92	25
100	122	100	25
100	127	100	25
100	133	2	25
100	144	15	25
101	100	37	25
101	102	100	25
101	103	69	25
101	105	100	25
101	106	94	25
101	107	96	25
101	108	96	25
101	109	100	25
101	116	100	25
101	118	95	25
101	121	94	25
101	122	99	25
101	123	1	25
101	124	17	25
101	127	99	25
101	133	97	25
101	144	23	25
102	100	96	25
102	101	100	25
102	103	97	25
102	105	100	25
102	107	98	25
102	108	96	25
102	109	100	25
102	112	56	25
102	113	87	25
102	116	100	25
102	118	93	25
102	122	100	25
102	124	96	25
102	125	95	25
102	126	78	25
102	127	96	25
102	133	97	25
102	138	98	25
102	139	98	25
102	144	100	25
102	146	94	25
102	148	69	25
103	101	91	25
103	102	100	25
103	104	100	25
103	106	94	25
103	108	98	25
103	109	97	25
103	111	100	25
103	113	98	25
103	116	100	25
103	118	93	25
103	121	100	25
103	123	100	25
103	124	97	25
103	125	41	25
103	126	100	25
103	130	97	25
103	131	0	25
103	133	100	25
103	138	95	25
103	139	100	25
103	144	35	25
103	146	85	25
104	103	100	25
104	106	100	25
104	108	10	25
104	111	100	25
104	118	57	25
104	121	98	25
104	123	100	25
104	124	100	25
104	125	75	25
104	126	100	25
104	138	97	25
105	100	100	25
105	101	97	25
105	102	97	25
105	103	48	25
105	107	96	25
105	108	98	25
105	109	100	25
105	113	95	25
105	116	88	25
105	117	2	25
105	122	96	25
105	125	96	25
105	127	94	25
105	130	97	25
105	133	100	25
105	138	98	25
105	139	94	25
105	143	95	25
105	144	99	25
105	146	96	25
105	148	9	25
106	101	97	25
106	103	95	25
106	104	100	25
106	107	5	25
106	111	98	25
106	116	20	25
106	118	98	25
106	121	98	25
106	123	99	25
106	124	98	25
106	125	98	25
106	126	14	25
106	130	30	25
106	133	99	25
106	138	98	25
107	100	100	25
107	101	100	25
107	102	98	25
107	105	100	25
107	108	99	25
107	109	100	25
107	116	100	25
107	118	97	25
107	121	96	25
107	122	97	25
107	124	99	25
107	127	92	25
107	133	99	25
107	144	92	25
107	146	79	25
108	100	100	25
108	101	97	25
108	102	96	25
108	103	100	25
108	105	97	25
108	107	100	25
108	109	100	25
108	113	97	25
108	116	100	25
108	118	100	25
108	121	97	25
108	122	100	25
108	123	84	25
108	124	100	25
108	125	96	25
108	127	19	25
108	130	92	25
108	133	92	25
108	138	94	25
108	139	60	25
108	144	93	25
108	148	94	25
109	100	98	25
109	101	96	25
109	102	100	25
109	103	96	25
109	105	91	25
109	107	100	25
109	108	93	25
109	113	98	25
109	116	91	25
109	117	95	25
109	118	100	25
109	122	99	25
109	124	0	25
109	125	96	25
109	127	93	25
109	130	100	25
109	131	3	25
109	133	97	25
109	138	100	25
109	139	97	25
109	141	4	25
109	143	100	25
109	144	100	25
109	146	100	25
109	148	99	25
110	112	100	25
110	113	100	25
110	114	97	25
110	115	93	25
110	117	96	25
110	119	100	25
110	128	100	25
110	130	100	25
110	131	100	25
110	135	100	25
110	137	100	25
110	138	75	25
110	139	68	25
110	143	29	25
110	146	97	25
110	149	96	25
111	103	97	25
111	104	100	25
111	108	6	25
111	113	98	25
111	116	100	25
111	118	97	25
111	125	100	25
111	126	100	25
111	130	10	25
111	133	100	25
111	138	100	25
111	148	99	25
112	102	91	25
112	110	96	25
112	113	100	25
112	115	93	25
112	116	98	25
112	117	100	25
112	119	100	25
112	125	100	25
112	126	2	25
112	128	97	25
112	131	97	25
112	137	98	25
112	138	100	25
112	141	98	25
112	146	96	25
112	148	100	25
112	149	97	25
113	102	96	25
113	103	100	25
113	108	89	25
113	109	0	25
113	110	99	25
113	111	99	25
113	112	100	25
113	115	100	25
113	116	99	25
113	117	100	25
113	118	61	25
113	119	91	25
113	121	0	25
113	125	99	25
113	127	100	25
113	130	97	25
113	131	96	25
113	133	7	25
113	137	84	25
113	138	20	25
113	139	100	25
113	144	100	25
113	146	92	25
113	148	98	25
113	149	99	25
114	110	100	25
114	115	81	25
114	119	100	25
114	120	100	25
114	128	99	25
114	129	12	25
114	130	62	25
114	131	62	25
114	135	100	25
114	136	98	25
114	137	99	25
114	148	0	25
115	110	100	25
115	112	100	25
115	113	100	25
115	114	96	25
115	117	100	25
115	119	100	25
115	125	98	25
115	130	100	25
115	131	97	25
115	146	3	25
115	149	100	25
116	100	79	25
116	101	97	25
116	102	100	25
116	103	100	25
116	105	45	25
116	106	78	25
116	107	100	25
116	108	100	25
116	109	98	25
116	111	98	25
116	112	99	25
116	113	99	25
116	117	93	25
116	118	97	25
116	121	95	25
116	122	100	25
116	123	0	25
116	125	100	25
116	126	78	25
116	127	22	25
116	130	99	25
116	131	93	25
116	133	100	25
116	138	100	25
116	139	8	25
116	144	5	25
116	146	96	25
116	148	98	25
117	109	95	25
117	110	100	25
117	111	0	25
117	112	100	25
117	113	99	25
117	114	89	25
117	115	100	25
117	116	96	25
117	119	97	25
117	125	100	25
117	126	95	25
117	130	69	25
117	131	100	25
117	133	100	25
117	135	100	25
117	137	100	25
117	138	96	25
117	146	94	25
117	148	97	25
117	149	99	25
118	100	95	25
118	101	100	25
118	102	97	25
118	103	100	25
118	104	31	25
118	106	8	25
118	107	96	25
118	108	100	25
118	109	100	25
118	111	96	25
118	113	100	25
118	116	100	25
118	121	94	25
118	122	99	25
118	123	16	25
118	124	100	25
118	125	99	25
118	126	97	25
118	127	88	25
118	130	98	25
118	133	96	25
118	138	96	25
118	146	87	25
118	148	100	25
119	110	100	25
119	112	100	25
119	113	97	25
119	114	94	25
119	115	94	25
119	117	100	25
119	120	100	25
119	125	100	25
119	128	100	25
119	129	100	25
119	130	93	25
119	131	8	25
119	135	100	25
119	136	100	25
119	137	100	25
119	146	95	25
119	148	99	25
119	149	99	25
120	114	100	25
120	119	95	25
120	128	98	25
120	129	94	25
120	131	34	25
120	136	99	25
120	142	90	25
121	100	90	25
121	101	96	25
121	102	3	25
121	103	100	25
121	104	97	25
121	106	98	25
121	107	95	25
121	108	99	25
121	111	35	25
121	113	100	25
121	116	87	25
121	118	100	25
121	122	98	25
121	123	100	25
121	124	96	25
121	125	6	25
121	126	100	25
121	133	98	25
121	138	93	25
121	148	1	25
122	100	100	25
122	101	96	25
122	102	99	25
122	103	85	25
122	105	99	25
122	106	6	25
122	107	100	25
122	108	99	25
122	109	96	25
122	111	98	25
122	113	55	25
122	116	100	25
122	118	97	25
122	121	100	25
122	123	19	25
122	124	40	25
122	125	98	25
122	126	14	25
122	127	97	25
122	130	100	25
122	133	99	25
122	144	97	25
122	148	100	25
123	101	11	25
123	103	96	25
123	104	98	25
123	106	100	25
123	108	99	25
123	118	74	25
123	121	97	25
123	124	100	25
123	126	96	25
123	130	98	25
123	133	90	25
123	138	98	25
123	148	89	25
124	101	62	25
124	102	92	25
124	103	91	25
124	104	100	25
124	106	100	25
124	107	96	25
124	108	98	25
124	111	12	25
124	118	96	25
124	121	100	25
124	123	97	25
125	102	100	25
125	103	92	25
125	104	38	25
125	105	22	25
125	106	100	25
125	108	94	25
125	109	36	25
125	111	98	25
125	112	100	25
125	113	100	25
125	115	100	25
125	116	96	25
125	117	100	25
125	118	99	25
125	119	100	25
125	122	100	25
125	126	99	25
125	130	96	25
125	131	100	25
125	133	98	25
125	138	100	25
125	144	98	25
125	146	97	25
125	148	99	25
126	102	74	25
126	103	99	25
126	104	98	25
126	111	96	25
126	117	100	25
126	118	90	25
126	121	95	25
126	123	95	25
126	125	100	25
126	130	100	25
126	138	97	25
126	144	97	25
126	146	100	25
127	100	98	25
127	101	100	25
127	102	100	25
127	105	100	25
127	107	96	25
127	108	88	25
127	109	100	25
127	113	96	25
127	116	10	25
127	122	97	25
127	125	0	25
127	130	0	25
127	133	98	25
127	138	11	25
127	143	83	25
127	144	96	25
127	146	97	25
127	148	95	25
128	110	99	25
128	114	95	25
128	119	95	25
128	120	100	25
128	129	95	25
128	135	96	25
128	142	98	25
128	149	100	25
129	114	57	25
129	119	100	25
129	120	94	25
129	128	97	25
129	131	69	25
129	136	100	25
129	140	95	25
129	142	100	25
129	143	74	25
129	147	98	25
130	103	95	25
130	105	67	25
130	106	4	25
130	108	100	25
130	109	97	25
130	110	96	25
130	113	98	25
130	114	44	25
130	115	99	25
130	116	96	25
130	118	97	25
130	119	100	25
130	122	13	25
130	123	98	25
130	125	100	25
130	126	97	25
130	131	96	25
130	133	99	25
130	138	99	25
130	139	98	25
130	141	1	25
130	143	99	25
130	144	100	25
130	146	96	25
130	148	100	25
130	149	55	25
131	103	6	25
131	110	95	25
131	112	99	25
131	113	94	25
131	114	80	25
131	115	97	25
131	116	7	25
131	117	100	25
131	120	20	25
131	125	99	25
131	129	48	25
131	130	96	25
131	138	9	25
131	139	96	25
131	141	97	25
131	142	96	25
131	143	98	25
131	144	98	25
131	147	14	25
131	148	100	25
131	149	100	25
132	114	100	25
132	115	93	25
132	119	99	25
132	120	100	25
132	128	38	25
132	129	99	25
132	135	95	25
132	136	97	25
132	137	65	25
133	101	95	25
133	102	100	25
133	103	97	25
133	105	100	25
133	106	94	25
133	107	96	25
133	108	96	25
133	109	100	25
133	111	97	25
133	113	69	25
133	116	100	25
133	117	100	25
133	118	99	25
133	121	95	25
133	122	100	25
133	123	3	25
133	125	95	25
133	127	100	25
133	130	98	25
133	138	100	25
133	144	92	25
133	146	100	25
133	148	100	25
134	102	96	25
134	110	97	25
134	112	96	25
134	113	94	25
134	114	100	25
134	115	100	25
134	116	35	25
134	117	97	25
134	119	100	25
134	120	15	25
134	125	93	25
134	128	97	25
134	130	100	25
134	131	100	25
134	133	85	25
134	137	98	25
134	138	100	25
134	139	47	25
134	141	11	25
134	143	100	25
134	144	93	25
134	146	100	25
134	148	100	25
134	149	73	25
135	110	99	25
135	114	100	25
135	117	99	25
135	119	100	25
135	128	98	25
135	136	100	25
135	137	95	25
135	149	99	25
136	114	98	25
136	119	95	25
136	120	96	25
136	128	21	25
136	129	98	25
136	135	100	25
136	137	26	25
136	142	95	25
137	110	98	25
137	112	94	25
137	113	94	25
137	114	96	25
137	115	23	25
137	117	100	25
137	119	93	25
137	128	5	25
137	135	100	25
137	136	70	25
138	102	96	25
138	103	99	25
138	104	100	25
138	105	2	25
138	106	100	25
138	108	99	25
138	109	13	25
138	110	17	25
138	111	100	25
138	112	100	25
138	116	97	25
138	117	100	25
138	118	91	25
138	121	99	25
138	123	100	25
138	125	100	25
138	126	96	25
138	130	96	25
138	131	5	25
138	133	80	25
138	144	3	25
138	146	100	25
138	148	91	25
138	149	22	25
139	102	97	25
139	103	93	25
139	105	100	25
139	108	82	25
139	109	100	25
139	110	80	25
139	113	98	25
139	128	5	25
139	130	99	25
139	131	100	25
139	140	100	25
139	141	97	25
139	143	100	25
139	144	99	25
139	146	94	25
139	147	100	25
139	149	74	25
140	129	100	25
140	139	99	25
140	141	100	25
140	142	92	25
140	143	98	25
140	147	100	25
141	112	99	25
141	128	1	25
141	130	93	25
141	131	93	25
141	139	97	25
141	140	96	25
141	142	98	25
141	143	100	25
141	144	99	25
141	147	15	25
141	148	97	25
141	149	98	25
142	120	100	25
142	128	100	25
142	129	95	25
142	131	98	25
142	136	98	25
142	139	20	25
142	140	93	25
142	141	100	25
142	143	98	25
142	146	21	25
142	147	99	25
143	105	100	25
143	109	100	25
143	110	30	25
143	129	25	25
143	130	96	25
143	131	96	25
143	139	99	25
143	140	100	25
143	141	100	25
143	142	100	25
143	144	96	25
143	147	97	25
143	148	100	25
144	100	6	25
144	101	90	25
144	102	100	25
144	103	96	25
144	105	99	25
144	107	97	25
144	108	99	25
144	109	94	25
144	113	100	25
144	116	5	25
144	122	99	25
144	125	100	25
144	126	99	25
144	127	100	25
144	130	99	25
144	131	100	25
144	133	100	25
144	138	100	25
144	139	100	25
144	141	97	25
144	143	99	25
144	146	100	25
144	148	100	25
144	149	23	25
146	102	97	25
146	103	100	25
146	105	92	25
146	107	99	25
146	108	5	25
146	109	99	25
146	110	100	25
146	112	95	25
146	113	95	25
146	116	100	25
146	117	100	25
146	118	96	25
146	119	100	25
146	125	91	25
146	126	97	25
146	127	100	25
146	128	68	25
146	130	99	25
146	133	96	25
146	138	100	25
146	139	99	25
146	142	40	25
146	144	99	25
146	148	94	25
146	149	98	25
147	129	100	25
147	131	40	25
147	139	100	25
147	140	100	25
147	142	100	25
147	143	94	25
148	102	96	25
148	108	99	25
148	109	96	25
148	110	4	25
148	111	100	25
148	112	97	25
148	113	97	25
148	114	75	25
148	116	100	25
148	117	100	25
148	118	97	25
148	119	100	25
148	123	96	25
148	125	100	25
148	126	55	25
148	127	96	25
148	130	95	25
148	131	100	25
148	133	100	25
148	138	100	25
148	141	100	25
148	143	96	25
148	144	99	25
148	146	97	25
148	149	100	25
149	108	3	25
149	110	98	25
149	112	93	25
149	113	100	25
149	115	97	25
149	117	100	25
149	119	100	25
149	128	94	25
149	130	98	25
149	131	96	25
149	135	97	25
149	138	97	25
149	139	98	25
149	141	99	25
149	143	5	25
149	144	26	25
149	146	100	25
149	148	96	25
100	101	77	24
100	102	95	24
100	105	89	24
100	107	97	24
100	108	100	24
100	109	37	24
100	116	0	24
100	118	96	24
100	122	72	24
100	127	97	24
100	133	91	24
100	144	28	24
101	102	97	24
101	103	97	24
101	105	96	24
101	107	100	24
101	108	100	24
101	109	97	24
101	116	100	24
101	118	100	24
101	121	93	24
101	122	92	24
101	123	73	24
101	124	51	24
101	127	93	24
101	133	100	24
102	100	87	24
102	101	98	24
102	103	91	24
102	107	97	24
102	108	100	24
102	109	92	24
102	112	52	24
102	113	100	24
102	116	96	24
102	117	83	24
102	118	100	24
102	122	97	24
102	123	10	24
102	124	100	24
102	125	96	24
102	126	87	24
102	127	91	24
102	130	5	24
102	133	97	24
102	138	100	24
102	139	9	24
102	144	95	24
102	146	100	24
102	148	99	24
103	101	64	24
103	102	99	24
103	104	100	24
103	106	100	24
103	107	98	24
103	108	98	24
103	111	100	24
103	113	100	24
103	116	100	24
103	118	94	24
103	121	100	24
103	122	69	24
103	123	100	24
103	124	8	24
103	125	98	24
103	126	100	24
103	130	100	24
103	131	87	24
103	133	98	24
103	138	100	24
103	139	99	24
103	144	97	24
103	146	0	24
103	148	100	24
104	103	98	24
104	106	87	24
104	111	100	24
104	113	93	24
104	116	100	24
104	117	51	24
104	118	93	24
104	121	98	24
104	123	98	24
104	124	97	24
104	125	47	24
104	126	100	24
104	133	10	24
104	138	98	24
104	148	44	24
105	100	93	24
105	101	100	24
105	103	26	24
105	108	100	24
105	109	92	24
105	112	45	24
105	116	100	24
105	117	59	24
105	118	11	24
105	122	98	24
105	125	97	24
105	126	2	24
105	127	97	24
105	130	98	24
105	133	97	24
105	138	95	24
105	139	94	24
105	141	100	24
105	143	94	24
105	144	100	24
105	146	96	24
105	148	100	24
105	149	3	24
106	101	26	24
106	102	10	24
106	103	100	24
106	104	59	24
106	107	13	24
106	108	0	24
106	111	96	24
106	113	66	24
106	116	42	24
106	117	71	24
106	118	22	24
106	121	99	24
106	123	100	24
106	124	98	24
106	125	68	24
106	126	95	24
106	130	45	24
106	133	97	24
106	138	100	24
107	100	89	24
107	101	91	24
107	102	99	24
107	103	100	24
107	108	97	24
107	109	100	24
107	116	100	24
107	118	98	24
107	121	98	24
107	122	100	24
107	123	29	24
107	124	100	24
107	127	90	24
107	133	100	24
107	144	97	24
107	146	25	24
107	148	63	24
108	100	64	24
108	101	89	24
108	102	96	24
108	103	92	24
108	105	58	24
108	106	9	24
108	107	100	24
108	109	90	24
108	113	5	24
108	116	98	24
108	117	31	24
108	118	100	24
108	121	97	24
108	122	92	24
108	123	1	24
108	124	100	24
108	125	100	24
108	126	92	24
108	127	5	24
108	130	96	24
108	133	97	24
108	144	96	24
108	146	73	24
108	148	94	24
109	100	92	24
109	101	98	24
109	102	99	24
109	103	43	24
109	105	99	24
109	107	100	24
109	108	96	24
109	111	2	24
109	112	94	24
109	113	100	24
109	115	14	24
109	116	100	24
109	117	100	24
109	118	100	24
109	119	33	24
109	122	100	24
109	124	19	24
109	125	100	24
109	127	100	24
109	130	96	24
109	131	47	24
109	133	100	24
109	138	100	24
109	139	93	24
109	140	15	24
109	143	89	24
109	144	98	24
109	146	97	24
109	148	100	24
109	149	90	24
110	112	100	24
110	113	100	24
110	114	100	24
110	115	100	24
110	117	100	24
110	119	93	24
110	120	99	24
110	125	96	24
110	128	59	24
110	130	100	24
110	131	96	24
110	135	93	24
110	137	98	24
110	139	55	24
110	146	99	24
110	148	90	24
110	149	100	24
111	102	2	24
111	103	100	24
111	104	100	24
111	106	93	24
111	108	2	24
111	112	82	24
111	117	87	24
111	118	58	24
111	121	95	24
111	123	92	24
111	124	47	24
111	125	100	24
111	126	99	24
111	130	96	24
111	133	100	24
111	138	97	24
111	144	7	24
111	146	31	24
111	148	100	24
112	102	51	24
112	109	57	24
112	110	94	24
112	111	54	24
112	113	95	24
112	115	100	24
112	116	89	24
112	117	94	24
112	118	60	24
112	119	100	24
112	125	96	24
112	130	98	24
112	131	96	24
112	135	65	24
112	137	98	24
112	138	100	24
112	139	99	24
112	141	72	24
112	146	100	24
112	148	100	24
112	149	98	24
113	102	93	24
113	103	90	24
113	104	100	24
113	106	0	24
113	108	10	24
113	109	92	24
113	110	89	24
113	112	100	24
113	115	97	24
113	116	97	24
113	117	100	24
113	118	99	24
113	119	97	24
113	121	2	24
113	125	100	24
113	127	99	24
113	130	100	24
113	131	100	24
113	133	90	24
113	135	64	24
113	137	92	24
113	138	100	24
113	139	100	24
113	143	73	24
113	144	100	24
113	146	98	24
113	148	97	24
113	149	98	24
114	110	100	24
114	112	14	24
114	115	93	24
114	117	97	24
114	119	100	24
114	120	100	24
114	125	2	24
114	128	100	24
114	129	100	24
114	130	69	24
114	131	9	24
114	135	100	24
114	136	97	24
114	137	100	24
114	148	91	24
114	149	100	24
115	110	100	24
115	112	98	24
115	113	96	24
115	114	95	24
115	116	27	24
115	117	100	24
115	119	96	24
115	125	100	24
115	130	96	24
115	131	14	24
115	135	44	24
115	137	96	24
115	139	99	24
115	146	91	24
115	148	29	24
115	149	97	24
116	100	11	24
116	101	97	24
116	102	97	24
116	103	99	24
116	104	97	24
116	105	56	24
116	106	51	24
116	107	97	24
116	108	100	24
116	109	94	24
116	112	100	24
116	113	92	24
116	115	45	24
116	117	100	24
116	118	98	24
116	121	28	24
116	122	95	24
116	123	75	24
116	124	75	24
116	125	95	24
116	126	100	24
116	127	86	24
116	130	98	24
116	131	92	24
116	133	100	24
116	138	100	24
116	144	63	24
116	146	99	24
116	148	96	24
116	149	98	24
117	102	79	24
117	104	23	24
117	106	16	24
117	108	18	24
117	109	100	24
117	110	94	24
117	111	77	24
117	112	100	24
117	113	96	24
117	114	96	24
117	115	99	24
117	116	94	24
117	119	95	24
117	125	96	24
117	126	100	24
117	128	11	24
117	130	99	24
117	131	100	24
117	133	97	24
117	135	100	24
117	137	96	24
117	138	100	24
117	144	100	24
117	146	100	24
117	148	100	24
117	149	98	24
118	100	96	24
118	101	100	24
118	102	94	24
118	103	100	24
118	104	100	24
118	106	82	24
118	107	98	24
118	108	98	24
118	109	100	24
118	111	37	24
118	112	69	24
118	113	96	24
118	116	100	24
118	121	97	24
118	122	70	24
118	123	100	24
118	124	79	24
118	125	98	24
118	126	9	24
118	130	97	24
118	131	18	24
118	133	96	24
118	138	90	24
118	144	59	24
118	146	0	24
118	148	97	24
119	110	95	24
119	112	95	24
119	113	100	24
119	114	98	24
119	115	96	24
119	117	100	24
119	120	100	24
119	125	99	24
119	128	100	24
119	129	100	24
119	130	100	24
119	131	100	24
119	135	94	24
119	139	9	24
119	144	2	24
119	146	99	24
119	148	97	24
119	149	100	24
120	110	97	24
120	114	99	24
120	119	99	24
120	128	100	24
120	129	94	24
120	135	94	24
120	136	96	24
120	137	94	24
121	101	97	24
121	103	96	24
121	104	99	24
121	106	99	24
121	107	99	24
121	108	98	24
121	111	94	24
121	113	11	24
121	118	98	24
121	122	98	24
121	123	97	24
121	124	98	24
121	125	100	24
121	126	100	24
121	130	13	24
121	133	97	24
121	138	98	24
122	100	79	24
122	101	96	24
122	102	97	24
122	103	97	24
122	105	100	24
122	107	97	24
122	108	95	24
122	109	100	24
122	111	5	24
122	113	94	24
122	116	40	24
122	118	96	24
122	121	97	24
122	124	9	24
122	125	93	24
122	126	17	24
122	127	100	24
122	130	34	24
122	133	93	24
122	138	97	24
122	143	91	24
122	144	94	24
122	146	23	24
122	148	82	24
123	101	91	24
123	102	45	24
123	103	96	24
123	104	100	24
123	106	100	24
123	107	4	24
123	108	14	24
123	111	94	24
123	116	64	24
123	118	98	24
123	121	95	24
123	124	91	24
123	125	100	24
123	126	96	24
123	130	100	24
123	133	100	24
123	138	99	24
124	101	100	24
124	102	93	24
124	103	53	24
124	104	95	24
124	106	100	24
124	107	95	24
124	108	96	24
124	118	70	24
124	121	94	24
124	123	99	24
124	125	100	24
124	126	15	24
124	133	88	24
125	102	96	24
125	103	91	24
125	104	12	24
125	105	85	24
125	106	58	24
125	108	84	24
125	109	11	24
125	110	99	24
125	111	100	24
125	112	97	24
125	113	100	24
125	115	98	24
125	116	95	24
125	117	100	24
125	118	95	24
125	119	94	24
125	121	93	24
125	122	35	24
125	123	65	24
125	124	95	24
125	126	95	24
125	130	97	24
125	133	100	24
125	138	96	24
125	144	12	24
125	146	100	24
125	148	97	24
126	102	75	24
126	103	96	24
126	104	95	24
126	106	91	24
126	108	88	24
126	111	100	24
126	116	100	24
126	117	94	24
126	118	31	24
126	121	95	24
126	123	96	24
126	125	98	24
126	130	100	24
126	138	98	24
126	144	96	24
126	146	97	24
126	148	96	24
127	100	100	24
127	101	76	24
127	102	98	24
127	105	95	24
127	107	100	24
127	108	67	24
127	109	96	24
127	113	100	24
127	116	97	24
127	122	100	24
127	130	33	24
127	133	94	24
127	143	99	24
127	144	100	24
127	146	100	24
127	148	100	24
128	114	97	24
128	119	99	24
128	120	93	24
128	129	25	24
128	135	99	24
128	137	7	24
128	140	2	24
128	142	100	24
128	149	99	24
129	114	97	24
129	119	99	24
129	120	100	24
129	128	95	24
129	131	98	24
129	136	100	24
129	140	90	24
129	143	72	24
129	147	88	24
129	149	72	24
130	102	3	24
130	103	91	24
130	105	10	24
130	106	8	24
130	108	93	24
130	109	97	24
130	110	92	24
130	111	93	24
130	112	92	24
130	113	95	24
130	114	97	24
130	115	100	24
130	116	96	24
130	117	99	24
130	118	93	24
130	119	100	24
130	121	0	24
130	123	90	24
130	125	93	24
130	126	99	24
130	131	100	24
130	133	95	24
130	138	100	24
130	139	97	24
130	141	30	24
130	143	2	24
130	144	100	24
130	146	100	24
130	148	97	24
130	149	58	24
131	103	97	24
131	110	91	24
131	112	96	24
131	113	96	24
131	114	28	24
131	115	29	24
131	116	90	24
131	117	100	24
131	118	35	24
131	119	94	24
131	125	1	24
131	129	100	24
131	130	96	24
131	138	87	24
131	139	100	24
131	140	93	24
131	141	100	24
131	142	95	24
131	143	97	24
131	144	97	24
131	146	98	24
131	147	83	24
131	148	100	24
131	149	96	24
132	110	89	24
132	112	97	24
132	114	98	24
132	115	95	24
132	119	95	24
132	120	100	24
132	128	96	24
132	129	100	24
132	135	100	24
132	136	99	24
132	137	100	24
132	149	94	24
133	100	92	24
133	101	95	24
133	102	100	24
133	103	94	24
133	105	99	24
133	106	100	24
133	107	98	24
133	108	96	24
133	109	99	24
133	111	97	24
133	113	100	24
133	116	100	24
133	117	100	24
133	118	98	24
133	121	100	24
133	122	95	24
133	123	64	24
133	124	94	24
133	125	91	24
133	127	89	24
133	130	100	24
133	138	100	24
133	144	96	24
133	146	99	24
133	148	92	24
135	110	94	24
135	112	81	24
135	113	75	24
135	114	93	24
135	117	81	24
135	119	100	24
135	120	91	24
135	128	100	24
135	136	98	24
135	137	96	24
135	149	98	24
136	114	95	24
136	120	100	24
136	129	100	24
136	135	94	24
137	110	98	24
137	112	97	24
137	113	87	24
137	114	90	24
137	115	98	24
137	117	96	24
137	120	98	24
137	125	8	24
137	128	27	24
137	135	98	24
137	136	2	24
137	149	100	24
138	102	78	24
138	103	89	24
138	104	97	24
138	105	62	24
138	106	100	24
138	108	5	24
138	109	61	24
138	111	97	24
138	112	99	24
138	113	95	24
138	116	95	24
138	117	98	24
138	118	98	24
138	121	25	24
138	123	86	24
138	125	98	24
138	126	100	24
138	130	100	24
138	131	56	24
138	133	52	24
138	144	96	24
138	146	97	24
138	148	100	24
139	102	35	24
139	103	96	24
139	105	63	24
139	109	92	24
139	110	64	24
139	112	100	24
139	113	97	24
139	115	99	24
139	119	1	24
139	130	97	24
139	131	100	24
139	140	100	24
139	141	100	24
139	142	96	24
139	143	96	24
139	144	100	24
139	146	98	24
139	147	100	24
139	148	32	24
139	149	96	24
140	128	52	24
140	129	96	24
140	131	97	24
140	139	100	24
140	141	100	24
140	142	95	24
140	143	92	24
140	146	78	24
140	147	98	24
141	105	74	24
141	110	37	24
141	112	100	24
141	113	4	24
141	130	93	24
141	131	100	24
141	139	98	24
141	140	100	24
141	142	97	24
141	143	100	24
141	144	99	24
141	146	100	24
141	147	99	24
141	148	100	24
141	149	100	24
142	114	0	24
142	128	100	24
142	131	96	24
142	139	100	24
142	140	98	24
142	141	96	24
142	143	98	24
142	147	95	24
143	105	86	24
143	109	99	24
143	113	81	24
143	122	0	24
143	127	2	24
143	129	71	24
143	130	15	24
143	131	100	24
143	139	99	24
143	140	97	24
143	141	100	24
143	142	97	24
143	144	96	24
143	146	53	24
143	147	94	24
143	148	4	24
143	149	49	24
144	100	7	24
144	102	100	24
144	103	95	24
144	105	97	24
144	107	91	24
144	108	95	24
144	109	99	24
144	111	6	24
144	113	97	24
144	116	66	24
144	117	95	24
144	118	6	24
144	122	61	24
144	125	12	24
144	126	99	24
144	127	78	24
144	130	100	24
144	131	99	24
144	133	100	24
144	138	98	24
144	139	96	24
144	141	95	24
144	143	97	24
144	146	100	24
144	148	100	24
144	149	91	24
146	102	100	24
146	103	13	24
146	105	80	24
146	107	65	24
146	108	89	24
146	109	100	24
146	110	94	24
146	111	6	24
146	112	100	24
146	113	100	24
146	115	100	24
146	116	94	24
146	117	96	24
146	118	9	24
146	119	99	24
146	125	97	24
146	126	95	24
146	127	88	24
146	130	96	24
146	131	95	24
146	133	100	24
146	138	100	24
146	139	95	24
146	140	83	24
146	141	93	24
146	143	60	24
146	144	98	24
146	148	100	24
146	149	100	24
147	129	80	24
147	131	96	24
147	139	92	24
147	140	99	24
147	141	100	24
147	142	100	24
147	143	100	24
148	102	85	24
148	103	85	24
148	104	29	24
148	105	23	24
148	107	64	24
148	108	91	24
148	109	90	24
148	110	88	24
148	111	90	24
148	112	90	24
148	113	86	24
148	114	100	24
148	115	46	24
148	116	91	24
148	117	90	24
148	118	90	24
148	119	94	24
148	125	88	24
148	126	90	24
148	127	81	24
148	130	83	24
148	131	88	24
148	133	88	24
148	138	89	24
148	139	2	24
148	141	86	24
148	144	80	24
148	146	81	24
148	149	85	24
149	110	94	24
149	112	100	24
149	113	96	24
149	114	96	24
149	115	97	24
149	116	76	24
149	117	99	24
149	119	99	24
149	128	96	24
149	129	55	24
149	130	73	24
149	131	100	24
149	135	100	24
149	137	100	24
149	139	98	24
149	141	97	24
149	143	39	24
149	144	97	24
149	146	97	24
149	148	100	24
100	101	95	23
100	102	16	23
100	105	92	23
100	107	39	23
100	108	100	23
100	109	93	23
100	118	93	23
100	122	98	23
100	124	5	23
100	127	98	23
101	100	97	23
101	102	100	23
101	105	96	23
101	107	97	23
101	108	99	23
101	109	93	23
101	116	95	23
101	118	93	23
101	121	99	23
101	122	99	23
101	123	95	23
101	124	97	23
101	127	96	23
101	133	99	23
101	144	0	23
102	101	100	23
102	103	99	23
102	105	100	23
102	107	95	23
102	108	95	23
102	109	100	23
102	111	91	23
102	113	97	23
102	116	99	23
102	117	92	23
102	118	96	23
102	122	100	23
102	125	97	23
102	127	98	23
102	133	93	23
102	138	97	23
102	144	96	23
102	146	93	23
102	148	96	23
103	101	5	23
103	102	99	23
103	104	96	23
103	105	11	23
103	106	88	23
103	107	99	23
103	108	100	23
103	111	94	23
103	113	99	23
103	116	98	23
103	118	74	23
103	121	93	23
103	122	83	23
103	123	100	23
103	124	81	23
103	125	97	23
103	126	95	23
103	127	0	23
103	130	100	23
103	131	62	23
103	133	95	23
103	138	78	23
103	146	40	23
103	148	69	23
104	103	91	23
104	106	93	23
104	111	97	23
104	113	0	23
104	116	89	23
104	118	30	23
104	123	97	23
104	124	58	23
104	125	90	23
104	126	96	23
104	138	99	23
105	100	87	23
105	101	89	23
105	102	89	23
105	103	84	23
105	107	43	23
105	108	72	23
105	109	99	23
105	113	99	23
105	116	87	23
105	122	92	23
105	125	96	23
105	127	97	23
105	133	89	23
105	138	88	23
105	139	75	23
105	141	99	23
105	143	98	23
105	144	100	23
105	148	100	23
106	103	95	23
106	104	100	23
106	107	69	23
106	108	75	23
106	111	100	23
106	116	98	23
106	117	36	23
106	118	8	23
106	121	95	23
106	123	99	23
106	124	100	23
106	126	95	23
106	133	28	23
106	138	96	23
107	101	89	23
107	102	97	23
107	103	100	23
107	106	81	23
107	108	100	23
107	109	98	23
107	116	100	23
107	118	96	23
107	121	96	23
107	122	97	23
107	124	75	23
107	127	95	23
107	133	81	23
108	100	100	23
108	101	99	23
108	102	98	23
108	103	100	23
108	105	72	23
108	106	83	23
108	107	97	23
108	109	99	23
108	111	16	23
108	116	100	23
108	117	76	23
108	118	98	23
108	121	94	23
108	122	100	23
108	123	100	23
108	126	100	23
108	127	97	23
108	133	96	23
108	138	90	23
108	144	100	23
108	146	80	23
108	148	8	23
109	100	94	23
109	101	97	23
109	102	97	23
109	103	95	23
109	105	100	23
109	107	98	23
109	108	99	23
109	112	98	23
109	113	100	23
109	115	42	23
109	116	100	23
109	117	90	23
109	118	80	23
109	121	20	23
109	122	100	23
109	126	59	23
109	127	93	23
109	130	94	23
109	133	94	23
109	138	98	23
109	139	89	23
109	141	96	23
109	143	100	23
109	144	96	23
109	146	91	23
109	148	94	23
110	112	100	23
110	113	100	23
110	114	83	23
110	115	99	23
110	117	98	23
110	119	97	23
110	120	8	23
110	125	88	23
110	128	2	23
110	130	96	23
110	131	97	23
110	135	90	23
110	137	99	23
110	138	60	23
110	139	34	23
110	146	88	23
110	149	97	23
111	102	75	23
111	103	94	23
111	104	95	23
111	106	100	23
111	108	69	23
111	116	73	23
111	117	87	23
111	118	63	23
111	121	94	23
111	123	100	23
111	124	1	23
111	125	97	23
111	126	96	23
111	130	19	23
111	133	68	23
111	138	100	23
111	148	58	23
112	109	70	23
112	110	100	23
112	113	96	23
112	114	96	23
112	115	98	23
112	117	95	23
112	118	11	23
112	119	100	23
112	125	100	23
112	130	100	23
112	131	95	23
112	138	99	23
112	139	97	23
112	146	80	23
112	148	100	23
112	149	100	23
113	102	93	23
113	103	97	23
113	104	71	23
113	105	70	23
113	109	92	23
113	110	90	23
113	112	100	23
113	115	98	23
113	116	8	23
113	117	97	23
113	118	76	23
113	119	100	23
113	125	100	23
113	130	100	23
113	131	80	23
113	135	86	23
113	138	93	23
113	139	97	23
113	143	85	23
113	144	100	23
113	146	100	23
113	148	98	23
113	149	97	23
114	112	8	23
114	115	100	23
114	117	93	23
114	119	100	23
114	120	97	23
114	128	98	23
114	129	100	23
114	135	100	23
114	136	96	23
114	142	7	23
114	149	23	23
115	110	90	23
115	112	99	23
115	113	97	23
115	114	84	23
115	117	89	23
115	119	100	23
115	125	89	23
115	130	95	23
115	131	4	23
115	135	91	23
115	137	15	23
115	138	64	23
115	139	4	23
115	141	3	23
115	143	13	23
115	146	98	23
115	149	96	23
116	101	97	23
116	102	89	23
116	103	100	23
116	104	93	23
116	105	97	23
116	106	94	23
116	107	92	23
116	108	100	23
116	109	91	23
116	111	97	23
116	113	42	23
116	117	96	23
116	118	93	23
116	122	91	23
116	123	83	23
116	125	94	23
116	126	100	23
116	127	87	23
116	130	97	23
116	133	100	23
116	138	99	23
116	144	100	23
116	146	96	23
116	148	100	23
117	101	0	23
117	102	94	23
117	106	21	23
117	108	73	23
117	109	91	23
117	110	94	23
117	111	86	23
117	112	100	23
117	113	92	23
117	114	92	23
117	115	100	23
117	116	100	23
117	119	99	23
117	125	100	23
117	126	100	23
117	130	97	23
117	131	96	23
117	133	100	23
117	138	99	23
117	141	7	23
117	144	37	23
117	146	100	23
117	148	8	23
117	149	97	23
118	100	73	23
118	101	95	23
118	102	98	23
118	103	90	23
118	104	7	23
118	106	4	23
118	107	95	23
118	108	100	23
118	109	96	23
118	111	46	23
118	113	96	23
118	116	97	23
118	121	96	23
118	122	30	23
118	123	98	23
118	124	93	23
118	125	100	23
118	127	0	23
118	130	87	23
118	133	99	23
118	138	94	23
118	144	81	23
118	146	88	23
119	110	100	23
119	112	98	23
119	113	96	23
119	114	96	23
119	115	98	23
119	117	98	23
119	120	99	23
119	125	89	23
119	128	97	23
119	129	98	23
119	130	100	23
119	131	98	23
119	135	60	23
119	137	95	23
119	144	1	23
119	148	92	23
119	149	96	23
120	114	100	23
120	119	100	23
120	128	98	23
120	129	100	23
120	135	98	23
120	136	99	23
121	100	19	23
121	101	97	23
121	103	97	23
121	104	19	23
121	106	100	23
121	107	86	23
121	108	90	23
121	109	75	23
121	111	95	23
121	113	12	23
121	116	79	23
121	117	5	23
121	118	97	23
121	122	94	23
121	123	100	23
121	124	100	23
121	125	84	23
121	126	97	23
121	133	92	23
121	138	74	23
122	100	96	23
122	101	94	23
122	102	99	23
122	103	96	23
122	105	95	23
122	106	63	23
122	107	95	23
122	108	99	23
122	109	98	23
122	113	56	23
122	116	89	23
122	121	98	23
122	123	20	23
122	124	58	23
122	127	98	23
122	133	100	23
122	138	29	23
122	144	100	23
122	146	97	23
123	101	83	23
123	103	90	23
123	104	100	23
123	106	95	23
123	108	70	23
123	111	100	23
123	118	75	23
123	121	99	23
123	124	96	23
123	126	97	23
123	133	85	23
123	138	88	23
124	101	90	23
124	103	86	23
124	104	99	23
124	106	94	23
124	107	86	23
124	118	90	23
124	121	96	23
124	122	54	23
124	123	100	23
124	126	25	23
124	133	83	23
125	102	97	23
125	103	98	23
125	104	100	23
125	105	66	23
125	106	3	23
125	108	68	23
125	110	44	23
125	111	97	23
125	112	100	23
125	113	96	23
125	115	98	23
125	116	94	23
125	117	100	23
125	118	93	23
125	119	95	23
125	121	6	23
125	126	100	23
125	130	100	23
125	133	100	23
125	138	98	23
125	144	98	23
125	146	100	23
125	148	100	23
126	103	99	23
126	104	100	23
126	106	90	23
126	108	79	23
126	111	98	23
126	116	98	23
126	117	100	23
126	121	96	23
126	123	86	23
126	124	15	23
126	125	100	23
126	130	98	23
126	138	96	23
126	144	2	23
126	146	91	23
126	148	3	23
127	100	97	23
127	101	98	23
127	102	94	23
127	103	88	23
127	105	97	23
127	107	92	23
127	108	89	23
127	109	94	23
127	113	2	23
127	116	79	23
127	118	49	23
127	122	93	23
127	130	93	23
127	133	84	23
127	139	1	23
127	143	95	23
127	144	98	23
127	148	100	23
128	114	69	23
128	119	96	23
128	120	79	23
128	129	91	23
128	135	65	23
128	142	100	23
129	114	100	23
129	119	96	23
129	120	94	23
129	128	94	23
129	131	89	23
129	136	96	23
129	140	95	23
129	142	100	23
129	143	17	23
130	103	97	23
130	109	97	23
130	110	96	23
130	111	2	23
130	112	99	23
130	113	100	23
130	114	15	23
130	115	95	23
130	116	96	23
130	117	100	23
130	118	61	23
130	119	94	23
130	125	100	23
130	126	100	23
130	127	57	23
130	131	97	23
130	133	100	23
130	139	15	23
130	141	92	23
130	144	99	23
130	146	100	23
130	148	100	23
131	103	91	23
131	110	97	23
131	112	100	23
131	113	91	23
131	115	95	23
131	117	96	23
131	119	99	23
131	128	33	23
131	129	94	23
131	130	93	23
131	140	99	23
131	141	97	23
131	142	95	23
131	144	97	23
131	146	100	23
131	147	100	23
131	149	92	23
132	110	100	23
132	112	0	23
132	114	100	23
132	119	99	23
132	120	94	23
132	128	99	23
132	135	99	23
132	136	100	23
133	101	89	23
133	102	86	23
133	103	100	23
133	104	16	23
133	105	76	23
133	107	87	23
133	108	97	23
133	109	93	23
133	111	94	23
133	116	97	23
133	117	90	23
133	118	99	23
133	121	93	23
133	122	93	23
133	123	89	23
133	124	73	23
133	125	100	23
133	127	85	23
133	130	95	23
133	138	0	23
133	139	14	23
133	144	7	23
133	146	90	23
135	110	64	23
135	113	2	23
135	114	97	23
135	115	69	23
135	119	70	23
135	120	93	23
135	128	77	23
135	136	100	23
135	137	99	23
135	149	73	23
136	114	98	23
136	120	93	23
136	129	100	23
136	135	100	23
136	142	97	23
137	110	100	23
137	112	39	23
137	114	98	23
137	115	95	23
137	119	98	23
137	120	15	23
137	128	2	23
137	135	100	23
137	136	2	23
138	102	97	23
138	103	65	23
138	104	96	23
138	105	67	23
138	106	82	23
138	108	91	23
138	109	2	23
138	111	99	23
138	112	93	23
138	113	100	23
138	115	59	23
138	116	100	23
138	117	98	23
138	118	87	23
138	123	91	23
138	125	100	23
138	126	99	23
138	144	99	23
138	148	36	23
139	105	4	23
139	112	94	23
139	113	100	23
139	115	16	23
139	130	28	23
139	133	30	23
139	138	4	23
139	140	99	23
139	141	100	23
139	142	74	23
139	143	97	23
139	144	92	23
139	146	100	23
139	147	100	23
139	148	93	23
139	149	94	23
140	129	100	23
140	131	100	23
140	139	54	23
140	141	96	23
140	142	99	23
140	143	98	23
140	146	6	23
140	147	100	23
141	105	96	23
141	109	72	23
141	115	25	23
141	117	20	23
141	130	92	23
141	131	98	23
141	139	98	23
141	140	100	23
141	142	99	23
141	143	97	23
141	144	99	23
141	146	92	23
141	147	96	23
141	149	99	23
142	114	46	23
142	128	93	23
142	129	100	23
142	131	96	23
142	136	98	23
142	139	95	23
142	140	95	23
142	141	100	23
142	143	97	23
142	146	2	23
142	147	95	23
143	105	97	23
143	109	100	23
143	113	86	23
143	115	34	23
143	127	89	23
143	139	100	23
143	140	92	23
143	141	96	23
143	142	98	23
143	147	100	23
144	101	78	23
144	102	98	23
144	103	20	23
144	105	100	23
144	108	97	23
144	109	100	23
144	113	99	23
144	116	99	23
144	117	88	23
144	118	73	23
144	119	37	23
144	122	94	23
144	125	99	23
144	126	88	23
144	127	100	23
144	130	100	23
144	131	100	23
144	133	51	23
144	138	93	23
144	139	88	23
144	141	96	23
144	143	49	23
144	146	100	23
144	148	98	23
146	101	0	23
146	102	100	23
146	103	34	23
146	108	47	23
146	109	97	23
146	110	16	23
146	112	78	23
146	113	90	23
146	115	88	23
146	116	100	23
146	117	99	23
146	118	17	23
146	122	34	23
146	125	96	23
146	126	89	23
146	128	32	23
146	130	100	23
146	131	95	23
146	133	81	23
146	138	8	23
146	139	92	23
146	141	95	23
146	144	100	23
146	148	95	23
146	149	40	23
147	131	91	23
147	139	90	23
147	140	98	23
147	141	92	23
147	142	96	23
147	143	95	23
148	102	96	23
148	103	90	23
148	105	88	23
148	108	82	23
148	109	89	23
148	111	94	23
148	112	98	23
148	113	97	23
148	116	97	23
148	117	90	23
148	118	55	23
148	119	87	23
148	122	4	23
148	123	30	23
148	125	98	23
148	126	91	23
148	127	84	23
148	130	100	23
148	138	95	23
148	139	91	23
148	143	5	23
148	144	100	23
148	146	100	23
148	149	16	23
149	110	90	23
149	112	96	23
149	113	90	23
149	114	96	23
149	115	91	23
149	117	91	23
149	119	99	23
149	131	96	23
149	135	98	23
149	139	96	23
149	141	100	23
149	146	94	23
100	101	97	22
100	102	100	22
100	105	75	22
100	107	95	22
100	108	62	22
100	109	87	22
100	116	41	22
100	118	23	22
100	121	87	22
100	122	99	22
100	127	90	22
101	100	93	22
101	102	97	22
101	103	87	22
101	105	100	22
101	107	100	22
101	108	100	22
101	109	99	22
101	116	95	22
101	118	92	22
101	121	100	22
101	122	94	22
101	123	63	22
101	124	58	22
101	127	99	22
101	133	71	22
101	144	10	22
102	100	86	22
102	101	97	22
102	103	94	22
102	105	99	22
102	106	31	22
102	107	98	22
102	108	96	22
102	109	98	22
102	111	12	22
102	113	100	22
102	116	99	22
102	117	92	22
102	118	100	22
102	121	92	22
102	122	93	22
102	124	90	22
102	125	97	22
102	126	50	22
102	127	97	22
102	130	100	22
102	138	100	22
102	146	100	22
102	148	100	22
103	101	4	22
103	102	100	22
103	104	100	22
103	106	94	22
103	107	93	22
103	108	91	22
103	109	98	22
103	111	99	22
103	113	98	22
103	116	100	22
103	118	96	22
103	121	93	22
103	122	93	22
103	123	97	22
103	124	95	22
103	125	27	22
103	126	100	22
103	127	4	22
103	131	54	22
103	133	98	22
103	138	94	22
103	146	10	22
103	148	5	22
104	103	93	22
104	106	95	22
104	111	100	22
104	113	44	22
104	121	100	22
104	123	88	22
104	124	40	22
104	125	97	22
104	126	4	22
104	138	100	22
105	100	90	22
105	101	98	22
105	102	96	22
105	103	68	22
105	107	87	22
105	108	86	22
105	109	97	22
105	113	91	22
105	122	95	22
105	124	25	22
105	125	62	22
105	127	97	22
105	130	66	22
105	133	11	22
105	138	67	22
105	139	63	22
105	141	53	22
105	143	83	22
105	144	99	22
105	146	98	22
105	148	98	22
106	102	75	22
106	103	92	22
106	104	99	22
106	107	76	22
106	108	84	22
106	111	97	22
106	116	90	22
106	118	19	22
106	121	60	22
106	122	6	22
106	123	100	22
106	124	99	22
106	125	93	22
106	126	93	22
106	133	12	22
106	138	95	22
107	100	100	22
107	101	92	22
107	102	100	22
107	103	92	22
107	105	66	22
107	108	100	22
107	109	95	22
107	116	93	22
107	118	95	22
107	122	93	22
107	124	100	22
107	127	94	22
107	130	74	22
107	133	7	22
108	100	3	22
108	101	97	22
108	102	97	22
108	103	61	22
108	105	97	22
108	106	100	22
108	107	100	22
108	109	96	22
108	111	75	22
108	116	98	22
108	117	81	22
108	118	98	22
108	121	89	22
108	122	95	22
108	124	94	22
108	125	36	22
108	127	90	22
108	130	28	22
108	133	96	22
108	144	98	22
108	148	83	22
109	100	90	22
109	101	95	22
109	102	100	22
109	103	100	22
109	105	94	22
109	107	100	22
109	108	96	22
109	112	99	22
109	113	98	22
109	116	94	22
109	117	91	22
109	118	93	22
109	121	98	22
109	122	100	22
109	125	94	22
109	126	100	22
109	127	100	22
109	130	99	22
109	133	100	22
109	138	95	22
109	139	90	22
109	143	95	22
109	144	98	22
109	148	99	22
109	149	12	22
110	112	98	22
110	113	95	22
110	114	97	22
110	115	98	22
110	117	98	22
110	119	97	22
110	120	3	22
110	128	100	22
110	130	97	22
110	131	100	22
110	135	100	22
110	137	99	22
110	138	3	22
110	139	92	22
110	146	98	22
110	149	97	22
111	102	97	22
111	103	98	22
111	104	100	22
111	106	98	22
111	107	11	22
111	108	95	22
111	113	85	22
111	116	93	22
111	117	96	22
111	118	95	22
111	121	90	22
111	122	11	22
111	123	98	22
111	124	96	22
111	125	100	22
111	126	100	22
111	130	100	22
111	133	99	22
111	138	100	22
111	146	9	22
112	102	72	22
112	109	89	22
112	110	96	22
112	113	93	22
112	114	100	22
112	115	100	22
112	117	99	22
112	119	100	22
112	125	100	22
112	126	97	22
112	130	59	22
112	131	93	22
112	133	92	22
112	135	88	22
112	137	100	22
112	138	100	22
112	139	100	22
112	144	93	22
112	146	96	22
112	148	94	22
112	149	93	22
113	102	100	22
113	103	89	22
113	104	0	22
113	105	67	22
113	109	92	22
113	110	99	22
113	111	75	22
113	112	98	22
113	115	55	22
113	117	100	22
113	119	97	22
113	121	7	22
113	122	1	22
113	125	96	22
113	126	98	22
113	130	100	22
113	131	88	22
113	133	33	22
113	135	99	22
113	138	100	22
113	139	21	22
113	143	99	22
113	144	98	22
113	146	93	22
113	149	100	22
114	110	96	22
114	112	93	22
114	115	99	22
114	117	100	22
114	119	92	22
114	120	98	22
114	128	100	22
114	129	97	22
114	130	8	22
114	131	53	22
114	135	100	22
114	136	98	22
114	137	97	22
114	142	0	22
115	102	17	22
115	110	97	22
115	112	100	22
115	113	86	22
115	114	97	22
115	117	100	22
115	119	98	22
115	125	89	22
115	130	72	22
115	131	98	22
115	135	96	22
115	137	97	22
115	138	86	22
115	139	88	22
115	146	89	22
115	149	99	22
116	100	77	22
116	101	93	22
116	102	100	22
116	103	96	22
116	106	88	22
116	107	96	22
116	108	94	22
116	109	100	22
116	111	96	22
116	117	96	22
116	118	100	22
116	121	92	22
116	122	88	22
116	124	93	22
116	125	98	22
116	126	100	22
116	130	97	22
116	133	97	22
116	138	92	22
116	144	96	22
116	146	96	22
116	148	99	22
117	102	91	22
117	108	74	22
117	109	65	22
117	110	94	22
117	111	84	22
117	112	99	22
117	113	96	22
117	114	93	22
117	115	98	22
117	116	79	22
117	118	71	22
117	119	92	22
117	125	96	22
117	126	96	22
117	130	96	22
117	131	100	22
117	133	87	22
117	135	24	22
117	137	50	22
117	138	99	22
117	144	80	22
117	146	92	22
117	148	93	22
117	149	91	22
118	100	5	22
118	101	96	22
118	102	93	22
118	103	96	22
118	106	4	22
118	107	95	22
118	108	93	22
118	109	87	22
118	111	92	22
118	116	92	22
118	117	83	22
118	121	95	22
118	122	82	22
118	123	90	22
118	124	96	22
118	125	90	22
118	133	100	22
118	138	91	22
118	139	4	22
118	144	21	22
118	146	16	22
119	110	93	22
119	112	94	22
119	113	99	22
119	114	96	22
119	115	94	22
119	117	92	22
119	120	97	22
119	128	100	22
119	129	93	22
119	130	89	22
119	131	90	22
119	135	100	22
119	136	42	22
119	137	97	22
119	144	53	22
119	146	56	22
119	149	96	22
120	110	92	22
120	114	61	22
120	119	100	22
120	128	93	22
120	129	97	22
120	135	98	22
120	136	100	22
120	142	100	22
121	100	70	22
121	101	95	22
121	102	90	22
121	103	93	22
121	104	90	22
121	106	31	22
121	107	100	22
121	108	100	22
121	109	91	22
121	111	96	22
121	113	70	22
121	116	98	22
121	118	100	22
121	122	98	22
121	123	96	22
121	124	99	22
121	125	90	22
121	126	97	22
121	130	98	22
121	133	100	22
121	138	100	22
121	148	95	22
122	100	100	22
122	101	94	22
122	102	92	22
122	103	90	22
122	105	100	22
122	106	32	22
122	107	96	22
122	108	100	22
122	109	94	22
122	111	23	22
122	113	80	22
122	116	95	22
122	118	80	22
122	121	92	22
122	123	63	22
122	124	93	22
122	125	95	22
122	127	100	22
122	130	98	22
122	133	92	22
122	143	90	22
122	144	100	22
122	148	5	22
123	101	41	22
123	102	1	22
123	103	89	22
123	104	94	22
123	106	95	22
123	111	93	22
123	118	41	22
123	121	82	22
123	122	21	22
123	124	84	22
123	126	82	22
123	133	53	22
124	101	93	22
124	102	88	22
124	103	97	22
124	104	64	22
124	106	98	22
124	107	74	22
124	108	88	22
124	111	88	22
124	116	83	22
124	118	87	22
124	121	91	22
124	122	89	22
124	123	93	22
124	126	90	22
124	133	88	22
125	102	93	22
125	103	95	22
125	104	99	22
125	105	5	22
125	106	90	22
125	108	75	22
125	109	90	22
125	111	93	22
125	112	100	22
125	113	100	22
125	114	18	22
125	115	100	22
125	116	94	22
125	117	95	22
125	118	94	22
125	121	53	22
125	122	82	22
125	126	95	22
125	130	100	22
125	131	41	22
125	133	93	22
125	138	99	22
125	139	93	22
125	141	77	22
125	144	100	22
125	146	0	22
125	148	96	22
125	149	100	22
126	102	55	22
126	103	95	22
126	106	100	22
126	109	6	22
126	111	100	22
126	112	52	22
126	113	100	22
126	116	89	22
126	117	88	22
126	121	92	22
126	123	97	22
126	124	93	22
126	125	96	22
126	130	100	22
126	133	92	22
126	138	100	22
126	148	46	22
127	100	91	22
127	101	93	22
127	102	95	22
127	103	87	22
127	105	98	22
127	107	92	22
127	108	88	22
127	109	100	22
127	118	1	22
127	122	89	22
127	130	75	22
127	133	95	22
127	139	81	22
127	143	90	22
127	144	98	22
127	146	97	22
128	110	95	22
128	114	96	22
128	119	97	22
128	120	94	22
128	129	95	22
128	135	99	22
128	142	94	22
129	114	100	22
129	119	93	22
129	120	92	22
129	128	97	22
129	136	100	22
129	140	97	22
129	141	12	22
129	142	100	22
129	143	60	22
129	147	87	22
129	149	10	22
130	102	93	22
130	109	94	22
130	110	98	22
130	111	98	22
130	113	100	22
130	114	13	22
130	115	7	22
130	116	86	22
130	117	100	22
130	119	95	22
130	122	76	22
130	125	98	22
130	126	100	22
130	131	96	22
130	138	96	22
130	139	90	22
130	141	10	22
130	144	96	22
130	146	100	22
130	148	97	22
130	149	95	22
131	103	85	22
131	110	91	22
131	112	100	22
131	113	98	22
131	114	97	22
131	115	100	22
131	117	95	22
131	119	97	22
131	126	24	22
131	130	98	22
131	139	96	22
131	140	98	22
131	141	100	22
131	143	99	22
131	144	96	22
131	146	98	22
131	147	96	22
131	148	11	22
131	149	95	22
132	110	5	22
132	114	96	22
132	119	95	22
132	120	95	22
132	128	97	22
132	129	98	22
132	135	99	22
132	136	97	22
132	137	37	22
133	101	6	22
133	102	89	22
133	103	97	22
133	105	18	22
133	106	94	22
133	108	93	22
133	109	90	22
133	111	92	22
133	112	93	22
133	116	100	22
133	117	97	22
133	118	96	22
133	121	97	22
133	122	90	22
133	123	75	22
133	124	93	22
133	125	88	22
133	126	94	22
133	127	78	22
133	138	17	22
133	139	33	22
133	144	4	22
133	146	92	22
135	110	85	22
135	112	89	22
135	113	88	22
135	114	76	22
135	115	100	22
135	119	96	22
135	120	98	22
135	128	96	22
135	136	95	22
135	137	98	22
136	114	97	22
136	119	45	22
136	120	100	22
136	128	47	22
136	129	95	22
136	135	96	22
136	142	43	22
137	110	97	22
137	112	95	22
137	113	6	22
137	114	100	22
137	115	100	22
137	117	38	22
137	119	100	22
137	135	100	22
138	102	92	22
138	103	88	22
138	104	100	22
138	106	100	22
138	109	94	22
138	111	97	22
138	112	96	22
138	113	98	22
138	115	86	22
138	116	96	22
138	117	100	22
138	118	92	22
138	121	99	22
138	125	95	22
138	126	98	22
138	130	100	22
138	144	96	22
138	146	23	22
138	148	92	22
139	102	11	22
139	105	12	22
139	109	14	22
139	110	91	22
139	112	91	22
139	113	90	22
139	115	86	22
139	125	95	22
139	127	17	22
139	130	89	22
139	131	94	22
139	140	97	22
139	141	96	22
139	142	47	22
139	143	100	22
139	144	96	22
139	146	100	22
139	147	97	22
139	148	95	22
139	149	92	22
140	129	4	22
140	131	100	22
140	139	93	22
140	141	98	22
140	142	100	22
140	143	100	22
140	147	90	22
141	102	0	22
141	105	4	22
141	125	80	22
141	128	4	22
141	129	19	22
141	130	75	22
141	131	100	22
141	139	98	22
141	140	92	22
141	142	93	22
141	143	97	22
141	144	94	22
141	146	100	22
141	147	100	22
141	148	66	22
142	114	50	22
142	120	100	22
142	128	99	22
142	129	96	22
142	131	16	22
142	136	10	22
142	139	9	22
142	140	80	22
142	141	94	22
142	143	93	22
142	147	85	22
143	105	4	22
143	109	91	22
143	113	98	22
143	122	66	22
143	127	95	22
143	129	6	22
143	131	100	22
143	139	100	22
143	140	100	22
143	141	100	22
143	142	97	22
143	144	97	22
143	147	97	22
143	148	98	22
144	101	76	22
144	105	100	22
144	108	98	22
144	109	92	22
144	111	46	22
144	112	96	22
144	113	99	22
144	116	97	22
144	117	94	22
144	118	7	22
144	119	93	22
144	122	100	22
144	125	91	22
144	126	34	22
144	127	94	22
144	130	95	22
144	131	97	22
144	133	93	22
144	138	100	22
144	139	95	22
144	141	94	22
144	143	99	22
144	146	100	22
144	148	99	22
146	102	96	22
146	103	22	22
146	105	8	22
146	110	98	22
146	111	6	22
146	112	93	22
146	113	98	22
146	114	1	22
146	115	97	22
146	116	93	22
146	117	95	22
146	118	7	22
146	119	89	22
146	125	10	22
146	126	41	22
146	127	78	22
146	130	100	22
146	131	90	22
146	133	24	22
146	138	93	22
146	139	92	22
146	141	96	22
146	144	96	22
146	148	99	22
146	149	99	22
147	129	43	22
147	131	99	22
147	139	88	22
147	140	100	22
147	141	96	22
147	142	96	22
147	143	91	22
148	102	95	22
148	103	93	22
148	105	91	22
148	108	84	22
148	109	91	22
148	111	20	22
148	112	94	22
148	113	86	22
148	115	28	22
148	116	88	22
148	117	92	22
148	121	94	22
148	122	34	22
148	125	98	22
148	126	100	22
148	130	100	22
148	131	8	22
148	138	99	22
148	139	99	22
148	141	31	22
148	143	93	22
148	144	99	22
148	146	93	22
148	149	62	22
149	109	12	22
149	110	94	22
149	112	95	22
149	113	90	22
149	115	94	22
149	117	100	22
149	119	100	22
149	125	94	22
149	129	68	22
149	130	100	22
149	131	95	22
149	135	100	22
149	139	89	22
149	143	11	22
149	146	93	22
149	148	69	22
100	101	98	21
100	105	97	21
100	106	28	21
100	108	100	21
100	116	88	21
100	118	87	21
100	121	90	21
100	122	93	21
100	127	99	21
100	133	71	21
100	144	72	21
101	100	98	21
101	102	95	21
101	105	91	21
101	106	82	21
101	107	98	21
101	108	97	21
101	109	96	21
101	116	49	21
101	118	79	21
101	121	96	21
101	122	95	21
101	127	93	21
101	133	21	21
102	101	92	21
102	103	89	21
102	105	100	21
102	107	95	21
102	108	100	21
102	109	100	21
102	111	96	21
102	113	96	21
102	116	100	21
102	117	38	21
102	118	92	21
102	121	86	21
102	122	92	21
102	125	94	21
102	126	46	21
102	127	95	21
102	130	41	21
102	133	94	21
102	138	99	21
102	144	92	21
102	146	100	21
103	102	42	21
103	106	63	21
103	107	61	21
103	109	87	21
103	111	97	21
103	116	100	21
103	118	97	21
103	121	100	21
103	122	90	21
103	123	100	21
103	124	92	21
103	126	100	21
103	131	32	21
103	133	96	21
103	138	100	21
103	144	28	21
104	106	66	21
104	111	95	21
104	116	72	21
104	121	85	21
104	123	93	21
104	125	96	21
104	126	89	21
104	138	100	21
105	100	83	21
105	101	88	21
105	102	95	21
105	107	86	21
105	108	94	21
105	109	100	21
105	113	100	21
105	116	47	21
105	118	58	21
105	122	91	21
105	125	4	21
105	127	98	21
105	133	87	21
105	139	96	21
105	143	97	21
105	144	100	21
105	146	98	21
105	148	97	21
106	101	68	21
106	103	53	21
106	104	59	21
106	107	6	21
106	108	81	21
106	111	94	21
106	116	62	21
106	118	92	21
106	121	93	21
106	123	97	21
106	124	93	21
106	126	100	21
106	133	14	21
106	138	69	21
107	100	4	21
107	101	92	21
107	102	95	21
107	103	88	21
107	105	52	21
107	108	97	21
107	109	66	21
107	116	84	21
107	118	100	21
107	121	94	21
107	122	31	21
107	124	76	21
107	127	2	21
107	133	47	21
107	144	42	21
108	100	89	21
108	101	100	21
108	102	100	21
108	103	65	21
108	105	94	21
108	106	100	21
108	107	100	21
108	109	98	21
108	116	98	21
108	118	96	21
108	121	100	21
108	122	93	21
108	124	5	21
108	127	98	21
108	133	100	21
108	138	92	21
108	144	85	21
108	146	100	21
109	101	95	21
109	102	100	21
109	103	100	21
109	105	99	21
109	107	84	21
109	108	97	21
109	111	0	21
109	112	100	21
109	113	87	21
109	116	97	21
109	117	5	21
109	118	92	21
109	122	97	21
109	125	96	21
109	126	93	21
109	127	97	21
109	130	78	21
109	133	92	21
109	138	100	21
109	139	98	21
109	141	16	21
109	143	90	21
109	144	97	21
109	146	4	21
109	148	98	21
110	112	98	21
110	113	13	21
110	114	93	21
110	115	97	21
110	117	99	21
110	119	100	21
110	125	40	21
110	128	55	21
110	130	85	21
110	131	97	21
110	135	95	21
110	137	97	21
110	139	48	21
110	146	83	21
110	149	96	21
111	102	14	21
111	103	99	21
111	104	100	21
111	106	91	21
111	113	12	21
111	116	93	21
111	117	91	21
111	118	33	21
111	121	99	21
111	123	99	21
111	124	42	21
111	125	85	21
111	126	100	21
111	133	92	21
111	138	99	21
111	144	3	21
112	109	99	21
112	110	97	21
112	113	96	21
112	114	89	21
112	115	95	21
112	116	75	21
112	117	100	21
112	119	100	21
112	126	98	21
112	130	100	21
112	131	94	21
112	133	95	21
112	135	95	21
112	138	97	21
112	139	94	21
112	144	98	21
112	146	99	21
112	148	0	21
112	149	90	21
113	102	66	21
113	105	94	21
113	109	92	21
113	110	92	21
113	111	59	21
113	112	66	21
113	116	45	21
113	117	95	21
113	119	96	21
113	125	95	21
113	126	94	21
113	127	29	21
113	130	100	21
113	131	91	21
113	135	86	21
113	138	100	21
113	139	93	21
113	144	92	21
113	146	99	21
113	148	56	21
113	149	98	21
114	110	97	21
114	112	94	21
114	115	100	21
114	117	90	21
114	119	100	21
114	128	98	21
114	129	100	21
114	131	17	21
114	135	99	21
114	136	92	21
114	137	93	21
115	110	97	21
115	112	100	21
115	114	97	21
115	117	100	21
115	119	100	21
115	125	98	21
115	131	99	21
115	135	93	21
115	137	100	21
115	138	94	21
115	139	89	21
115	146	56	21
115	149	98	21
116	100	4	21
116	101	83	21
116	102	90	21
116	103	98	21
116	105	3	21
116	106	56	21
116	107	94	21
116	108	98	21
116	109	100	21
116	111	96	21
116	117	68	21
116	118	94	21
116	121	90	21
116	122	97	21
116	125	98	21
116	126	55	21
116	133	100	21
116	138	100	21
116	144	96	21
116	146	99	21
116	148	95	21
117	110	100	21
117	111	90	21
117	112	99	21
117	113	91	21
117	114	100	21
117	115	99	21
117	116	90	21
117	118	81	21
117	119	55	21
117	125	100	21
117	126	100	21
117	130	97	21
117	131	100	21
117	133	4	21
117	135	6	21
117	138	100	21
117	144	92	21
117	146	87	21
117	149	97	21
118	100	86	21
118	101	7	21
118	102	99	21
118	103	96	21
118	105	21	21
118	106	100	21
118	107	100	21
118	108	96	21
118	109	94	21
118	111	91	21
118	116	100	21
118	117	100	21
118	121	97	21
118	122	98	21
118	123	100	21
118	124	86	21
118	125	8	21
118	126	38	21
118	127	98	21
118	131	33	21
118	133	98	21
118	138	91	21
118	144	76	21
118	146	34	21
119	110	99	21
119	112	84	21
119	113	100	21
119	114	94	21
119	115	100	21
119	117	77	21
119	120	97	21
119	128	96	21
119	129	33	21
119	131	100	21
119	135	100	21
119	136	95	21
119	149	98	21
120	110	97	21
120	114	99	21
120	119	91	21
120	128	100	21
120	129	96	21
120	136	99	21
121	101	96	21
121	102	87	21
121	103	96	21
121	104	98	21
121	106	100	21
121	107	95	21
121	108	97	21
121	111	94	21
121	116	91	21
121	118	90	21
121	122	93	21
121	123	92	21
121	124	100	21
121	125	5	21
121	126	97	21
121	133	100	21
121	138	96	21
122	100	95	21
122	101	96	21
122	102	85	21
122	103	84	21
122	105	94	21
122	106	4	21
122	107	67	21
122	108	100	21
122	109	96	21
122	116	93	21
122	118	99	21
122	121	94	21
122	123	95	21
122	127	95	21
122	131	10	21
122	133	62	21
122	143	83	21
122	144	100	21
122	146	76	21
123	101	0	21
123	103	88	21
123	104	96	21
123	106	96	21
123	111	100	21
123	118	100	21
123	121	94	21
123	122	61	21
123	124	94	21
123	126	93	21
123	138	47	21
124	101	73	21
124	103	91	21
124	106	95	21
124	111	91	21
124	118	95	21
124	121	94	21
124	123	100	21
124	126	97	21
124	133	97	21
125	102	93	21
125	103	28	21
125	104	91	21
125	105	37	21
125	109	91	21
125	110	98	21
125	111	89	21
125	113	100	21
125	115	92	21
125	116	88	21
125	117	96	21
125	118	80	21
125	121	63	21
125	126	89	21
125	130	100	21
125	133	93	21
125	138	100	21
125	139	77	21
125	144	94	21
125	146	74	21
125	148	97	21
126	103	95	21
126	104	99	21
126	106	94	21
126	109	37	21
126	111	97	21
126	112	99	21
126	113	100	21
126	116	91	21
126	117	96	21
126	118	4	21
126	121	97	21
126	123	97	21
126	124	91	21
126	125	95	21
126	138	100	21
126	146	73	21
127	100	96	21
127	101	96	21
127	102	100	21
127	105	96	21
127	107	16	21
127	108	92	21
127	109	100	21
127	113	1	21
127	116	21	21
127	118	34	21
127	122	100	21
127	139	77	21
127	143	86	21
127	144	95	21
128	110	84	21
128	114	100	21
128	119	100	21
128	120	95	21
128	129	97	21
128	131	12	21
128	135	12	21
128	149	84	21
129	110	8	21
129	114	99	21
129	120	97	21
129	128	94	21
129	131	70	21
129	136	94	21
129	140	96	21
129	142	94	21
129	143	8	21
130	102	85	21
130	105	8	21
130	109	97	21
130	110	96	21
130	111	99	21
130	112	97	21
130	113	92	21
130	114	87	21
130	115	100	21
130	116	86	21
130	117	96	21
130	122	0	21
130	125	93	21
130	126	89	21
130	131	98	21
130	133	90	21
130	135	11	21
130	138	96	21
130	139	100	21
130	144	100	21
130	146	95	21
130	148	96	21
130	149	94	21
131	103	51	21
131	110	100	21
131	112	99	21
131	113	94	21
131	114	35	21
131	115	94	21
131	117	96	21
131	119	98	21
131	129	0	21
131	130	98	21
131	135	52	21
131	139	99	21
131	140	99	21
131	141	94	21
131	142	88	21
131	144	93	21
131	147	99	21
131	149	100	21
132	114	95	21
132	119	90	21
132	120	96	21
132	128	99	21
132	129	94	21
132	135	100	21
132	136	100	21
132	142	80	21
133	101	81	21
133	102	88	21
133	103	95	21
133	105	78	21
133	106	55	21
133	107	29	21
133	108	97	21
133	109	98	21
133	111	90	21
133	112	91	21
133	116	100	21
133	118	92	21
133	121	96	21
133	122	73	21
133	124	93	21
133	125	93	21
133	130	100	21
133	131	4	21
133	138	100	21
133	144	100	21
133	146	62	21
135	110	100	21
135	112	87	21
135	114	91	21
135	115	95	21
135	119	100	21
135	131	65	21
135	136	93	21
135	137	100	21
136	114	89	21
136	119	77	21
136	120	99	21
136	129	100	21
136	135	100	21
137	110	99	21
137	112	28	21
137	114	97	21
137	115	100	21
137	117	90	21
137	135	98	21
138	102	89	21
138	103	89	21
138	104	100	21
138	106	3	21
138	109	79	21
138	111	92	21
138	112	51	21
138	113	100	21
138	116	97	21
138	117	96	21
138	121	89	21
138	123	76	21
138	125	99	21
138	126	99	21
138	130	100	21
138	133	87	21
138	144	90	21
138	148	44	21
139	105	86	21
139	109	89	21
139	110	93	21
139	112	100	21
139	113	0	21
139	115	0	21
139	125	8	21
139	127	4	21
139	130	59	21
139	131	100	21
139	140	95	21
139	141	96	21
139	143	98	21
139	144	97	21
139	146	98	21
139	147	15	21
139	148	97	21
140	129	55	21
140	131	100	21
140	139	100	21
140	141	97	21
140	142	100	21
140	143	100	21
140	147	51	21
141	105	2	21
141	109	88	21
141	129	100	21
141	131	93	21
141	139	100	21
141	140	97	21
141	142	96	21
141	143	96	21
141	144	98	21
141	146	97	21
141	147	100	21
142	114	35	21
142	129	87	21
142	131	91	21
142	139	4	21
142	140	100	21
142	141	65	21
142	143	100	21
142	147	93	21
143	105	86	21
143	109	82	21
143	122	13	21
143	127	53	21
143	129	10	21
143	131	10	21
143	139	100	21
143	140	96	21
143	141	100	21
143	142	97	21
143	144	100	21
143	146	87	21
143	147	92	21
143	148	10	21
144	102	10	21
144	103	78	21
144	105	87	21
144	107	0	21
144	108	3	21
144	109	93	21
144	112	79	21
144	113	93	21
144	116	95	21
144	117	100	21
144	118	26	21
144	122	82	21
144	125	100	21
144	127	90	21
144	130	99	21
144	131	95	21
144	133	87	21
144	138	92	21
144	139	94	21
144	141	97	21
144	143	100	21
144	146	100	21
144	148	100	21
146	102	74	21
146	105	92	21
146	108	90	21
146	109	4	21
146	110	98	21
146	112	98	21
146	113	100	21
146	116	84	21
146	117	99	21
146	118	16	21
146	122	19	21
146	125	26	21
146	126	89	21
146	127	2	21
146	130	99	21
146	131	49	21
146	133	28	21
146	139	99	21
146	141	94	21
146	143	97	21
146	144	99	21
146	148	96	21
146	149	96	21
147	131	95	21
147	139	90	21
147	140	34	21
147	141	100	21
147	142	100	21
147	143	98	21
148	102	0	21
148	103	91	21
148	105	100	21
148	109	86	21
148	110	3	21
148	112	83	21
148	113	28	21
148	116	100	21
148	117	94	21
148	121	80	21
148	123	72	21
148	125	100	21
148	126	99	21
148	130	100	21
148	138	100	21
148	139	96	21
148	143	93	21
148	144	98	21
148	146	100	21
148	149	98	21
149	110	100	21
149	112	82	21
149	113	100	21
149	114	91	21
149	115	96	21
149	117	96	21
149	119	96	21
149	128	98	21
149	129	14	21
149	130	87	21
149	131	96	21
149	135	97	21
149	138	8	21
149	140	6	21
149	146	100	21
149	148	81	21
100	101	100	20
100	102	93	20
100	106	60	20
100	107	100	20
100	108	96	20
100	109	10	20
100	116	89	20
100	118	100	20
100	121	7	20
100	122	99	20
100	124	10	20
100	127	98	20
100	133	88	20
100	144	100	20
101	100	98	20
101	102	100	20
101	105	47	20
101	106	98	20
101	107	99	20
101	108	100	20
101	109	100	20
101	116	97	20
101	118	100	20
101	121	100	20
101	122	99	20
101	123	100	20
101	127	100	20
101	144	32	20
101	146	33	20
102	100	96	20
102	101	97	20
102	103	97	20
102	105	98	20
102	107	98	20
102	108	98	20
102	109	99	20
102	111	100	20
102	113	95	20
102	116	100	20
102	118	100	20
102	121	100	20
102	122	100	20
102	124	96	20
102	125	100	20
102	126	100	20
102	127	99	20
102	130	100	20
102	133	98	20
102	138	100	20
102	139	85	20
102	146	30	20
102	148	95	20
103	101	0	20
103	102	96	20
103	104	94	20
103	106	94	20
103	108	98	20
103	109	95	20
103	111	98	20
103	113	100	20
103	116	94	20
103	117	67	20
103	118	97	20
103	121	99	20
103	122	88	20
103	123	93	20
103	124	94	20
103	130	100	20
103	131	100	20
103	133	99	20
103	138	94	20
103	148	98	20
104	103	92	20
104	106	100	20
104	108	17	20
104	111	100	20
104	112	74	20
104	113	46	20
104	116	98	20
104	121	100	20
104	123	100	20
104	124	96	20
104	125	99	20
104	126	100	20
104	138	36	20
105	100	37	20
105	101	81	20
105	102	100	20
105	107	99	20
105	108	97	20
105	109	97	20
105	113	100	20
105	118	96	20
105	122	97	20
105	125	98	20
105	127	100	20
105	130	99	20
105	131	61	20
105	133	0	20
105	139	82	20
105	141	100	20
105	143	100	20
105	144	95	20
105	146	100	20
105	148	99	20
106	100	89	20
106	101	100	20
106	102	3	20
106	103	100	20
106	104	100	20
106	108	98	20
106	111	96	20
106	116	92	20
106	118	99	20
106	121	100	20
106	123	100	20
106	124	100	20
106	125	74	20
106	126	93	20
106	130	77	20
106	133	100	20
107	100	93	20
107	101	99	20
107	102	100	20
107	105	99	20
107	106	15	20
107	108	97	20
107	109	98	20
107	111	54	20
107	116	77	20
107	118	98	20
107	121	100	20
107	122	100	20
107	123	99	20
107	124	96	20
107	125	12	20
107	127	6	20
107	130	10	20
107	133	96	20
107	148	13	20
108	100	96	20
108	101	100	20
108	102	100	20
108	103	97	20
108	104	3	20
108	105	36	20
108	106	100	20
108	107	98	20
108	109	99	20
108	112	40	20
108	116	100	20
108	117	13	20
108	118	100	20
108	121	94	20
108	122	96	20
108	123	60	20
108	124	98	20
108	125	99	20
108	126	100	20
108	127	98	20
108	130	99	20
108	133	92	20
108	138	95	20
108	139	100	20
108	144	96	20
108	146	92	20
108	148	91	20
109	100	76	20
109	101	100	20
109	102	100	20
109	103	100	20
109	105	96	20
109	107	86	20
109	108	96	20
109	111	81	20
109	112	97	20
109	113	3	20
109	115	93	20
109	116	100	20
109	117	100	20
109	118	94	20
109	122	97	20
109	125	96	20
109	127	99	20
109	131	65	20
109	133	95	20
109	138	93	20
109	139	100	20
109	141	95	20
109	143	100	20
109	144	100	20
109	146	80	20
109	148	98	20
110	112	99	20
110	113	96	20
110	114	99	20
110	115	92	20
110	117	97	20
110	119	99	20
110	120	95	20
110	125	98	20
110	128	100	20
110	130	97	20
110	131	100	20
110	135	96	20
110	137	100	20
110	138	92	20
110	146	100	20
110	149	96	20
111	102	93	20
111	103	100	20
111	104	96	20
111	106	98	20
111	107	88	20
111	109	2	20
111	113	98	20
111	116	100	20
111	117	27	20
111	118	50	20
111	121	100	20
111	123	100	20
111	124	76	20
111	125	4	20
111	126	100	20
111	130	100	20
111	133	94	20
111	138	94	20
111	144	100	20
111	148	9	20
112	104	92	20
112	108	33	20
112	109	97	20
112	110	96	20
112	113	99	20
112	114	97	20
112	115	98	20
112	116	94	20
112	117	100	20
112	118	44	20
112	119	100	20
112	125	100	20
112	126	100	20
112	130	98	20
112	131	97	20
112	135	98	20
112	137	98	20
112	138	94	20
112	139	100	20
112	143	93	20
112	144	0	20
112	146	95	20
112	148	84	20
112	149	95	20
113	102	92	20
113	103	97	20
113	104	32	20
113	105	96	20
113	110	100	20
113	111	74	20
113	112	100	20
113	114	46	20
113	115	93	20
113	116	93	20
113	117	99	20
113	118	25	20
113	119	96	20
113	121	10	20
113	125	100	20
113	126	100	20
113	127	66	20
113	130	100	20
113	131	98	20
113	133	99	20
113	137	0	20
113	138	92	20
113	139	92	20
113	143	83	20
113	144	100	20
113	146	98	20
113	148	91	20
113	149	100	20
114	110	100	20
114	112	100	20
114	113	78	20
114	115	99	20
114	117	98	20
114	119	100	20
114	120	100	20
114	125	7	20
114	128	100	20
114	130	97	20
114	131	81	20
114	135	95	20
114	136	100	20
114	137	97	20
115	110	100	20
115	112	99	20
115	113	95	20
115	114	99	20
115	117	97	20
115	119	100	20
115	125	98	20
115	130	100	20
115	131	98	20
115	135	97	20
115	136	22	20
115	137	94	20
115	138	57	20
115	139	35	20
115	144	0	20
115	149	98	20
116	100	97	20
116	101	97	20
116	102	100	20
116	103	100	20
116	104	93	20
116	106	95	20
116	107	63	20
116	108	98	20
116	109	100	20
116	111	97	20
116	112	98	20
116	113	100	20
116	117	99	20
116	118	92	20
116	121	98	20
116	122	100	20
116	123	28	20
116	124	66	20
116	125	98	20
116	126	90	20
116	130	96	20
116	133	97	20
116	138	97	20
116	144	96	20
116	146	24	20
116	148	100	20
117	103	89	20
117	108	4	20
117	109	32	20
117	110	100	20
117	111	0	20
117	112	95	20
117	113	95	20
117	114	100	20
117	115	96	20
117	116	100	20
117	118	88	20
117	119	99	20
117	120	1	20
117	125	100	20
117	126	94	20
117	130	98	20
117	131	99	20
117	133	100	20
117	137	59	20
117	138	100	20
117	143	4	20
117	144	96	20
117	146	100	20
117	148	100	20
117	149	97	20
118	100	96	20
118	101	97	20
118	102	100	20
118	103	98	20
118	104	0	20
118	105	95	20
118	106	93	20
118	107	98	20
118	108	98	20
118	111	7	20
118	112	5	20
118	116	100	20
118	117	100	20
118	121	99	20
118	122	68	20
118	123	100	20
118	124	99	20
118	125	100	20
118	126	3	20
118	127	100	20
118	130	90	20
118	131	94	20
118	133	100	20
118	144	92	20
118	148	96	20
119	110	94	20
119	112	98	20
119	113	100	20
119	114	100	20
119	115	100	20
119	117	100	20
119	120	98	20
119	125	85	20
119	128	97	20
119	131	100	20
119	135	95	20
119	136	96	20
119	137	95	20
119	144	94	20
119	148	93	20
119	149	97	20
120	110	99	20
120	114	95	20
120	117	23	20
120	119	92	20
120	128	100	20
120	129	99	20
120	135	61	20
120	136	95	20
120	142	57	20
121	100	83	20
121	101	99	20
121	102	95	20
121	103	97	20
121	104	100	20
121	106	90	20
121	107	100	20
121	108	99	20
121	111	100	20
121	113	42	20
121	116	97	20
121	118	99	20
121	122	100	20
121	123	96	20
121	124	98	20
121	126	100	20
121	127	3	20
121	130	98	20
121	133	100	20
121	138	100	20
122	100	93	20
122	101	96	20
122	102	100	20
122	103	92	20
122	105	100	20
122	107	95	20
122	108	99	20
122	109	91	20
122	116	98	20
122	117	67	20
122	118	93	20
122	121	97	20
122	123	40	20
122	125	97	20
122	127	97	20
122	131	6	20
122	133	47	20
122	139	40	20
122	143	97	20
122	144	99	20
122	146	95	20
123	101	88	20
123	103	100	20
123	104	98	20
123	106	100	20
123	107	100	20
123	108	94	20
123	111	98	20
123	116	46	20
123	118	98	20
123	121	95	20
123	124	98	20
123	125	100	20
123	126	100	20
123	130	79	20
123	138	100	20
123	148	93	20
124	102	97	20
124	103	99	20
124	104	37	20
124	106	100	20
124	107	95	20
124	108	93	20
124	111	93	20
124	116	100	20
124	118	98	20
124	121	98	20
124	123	94	20
124	125	13	20
124	126	99	20
124	133	100	20
124	138	90	20
125	102	98	20
125	104	97	20
125	105	77	20
125	106	27	20
125	108	63	20
125	109	100	20
125	110	99	20
125	112	100	20
125	113	98	20
125	114	20	20
125	115	100	20
125	116	99	20
125	117	96	20
125	118	89	20
125	119	17	20
125	123	96	20
125	124	9	20
125	126	96	20
125	130	95	20
125	131	97	20
125	133	98	20
125	138	97	20
125	139	95	20
125	144	99	20
125	146	96	20
125	148	100	20
126	102	93	20
126	104	100	20
126	106	98	20
126	108	91	20
126	111	100	20
126	112	98	20
126	113	100	20
126	116	100	20
126	117	99	20
126	121	97	20
126	123	98	20
126	124	100	20
126	125	100	20
126	130	100	20
126	138	100	20
126	146	100	20
126	148	99	20
127	100	93	20
127	101	100	20
127	102	99	20
127	105	97	20
127	107	98	20
127	108	100	20
127	109	97	20
127	112	0	20
127	113	100	20
127	116	0	20
127	118	96	20
127	121	9	20
127	122	95	20
127	125	78	20
127	133	100	20
127	138	24	20
127	139	97	20
127	143	54	20
127	144	99	20
128	110	100	20
128	114	99	20
128	119	97	20
128	120	100	20
128	129	100	20
128	131	97	20
128	135	9	20
128	136	22	20
128	142	96	20
128	149	99	20
129	114	96	20
129	120	96	20
129	128	96	20
129	131	0	20
129	136	96	20
129	139	62	20
129	140	100	20
129	141	97	20
129	142	99	20
129	143	27	20
129	147	63	20
130	102	100	20
130	103	92	20
130	105	52	20
130	106	35	20
130	107	0	20
130	108	100	20
130	110	97	20
130	111	92	20
130	112	99	20
130	113	96	20
130	114	84	20
130	115	100	20
130	116	100	20
130	117	98	20
130	118	47	20
130	121	96	20
130	123	33	20
130	125	96	20
130	126	97	20
130	131	94	20
130	133	100	20
130	135	33	20
130	138	100	20
130	139	100	20
130	144	99	20
130	146	94	20
130	148	100	20
130	149	96	20
131	103	91	20
131	110	100	20
131	112	97	20
131	113	100	20
131	114	99	20
131	115	99	20
131	117	98	20
131	118	77	20
131	119	100	20
131	125	100	20
131	128	93	20
131	130	100	20
131	133	67	20
131	135	98	20
131	138	20	20
131	139	96	20
131	140	100	20
131	141	97	20
131	143	14	20
131	144	8	20
131	146	3	20
131	147	94	20
131	149	100	20
132	114	100	20
132	115	92	20
132	119	100	20
132	120	100	20
132	128	100	20
132	129	100	20
132	135	100	20
132	136	100	20
132	137	98	20
132	142	7	20
132	149	99	20
133	100	95	20
133	101	34	20
133	102	100	20
133	103	96	20
133	104	6	20
133	106	100	20
133	107	75	20
133	108	100	20
133	109	100	20
133	111	99	20
133	113	92	20
133	116	98	20
133	117	100	20
133	118	100	20
133	121	95	20
133	124	99	20
133	125	97	20
133	127	100	20
133	130	100	20
133	131	95	20
133	138	100	20
133	144	100	20
133	146	87	20
133	148	100	20
135	110	99	20
135	112	96	20
135	114	97	20
135	115	95	20
135	119	94	20
135	120	14	20
135	130	79	20
135	131	93	20
135	136	92	20
135	137	96	20
135	149	9	20
136	114	100	20
136	115	3	20
136	119	97	20
136	120	100	20
136	128	19	20
136	129	100	20
136	135	98	20
136	137	96	20
137	110	94	20
137	112	95	20
137	113	75	20
137	114	96	20
137	115	93	20
137	117	32	20
137	119	97	20
137	135	97	20
137	136	95	20
138	102	96	20
138	103	100	20
138	105	2	20
138	106	0	20
138	108	93	20
138	109	91	20
138	110	93	20
138	111	97	20
138	112	100	20
138	113	93	20
138	115	22	20
138	116	98	20
138	117	97	20
138	121	95	20
138	123	100	20
138	124	62	20
138	125	100	20
138	126	100	20
138	130	98	20
138	131	0	20
138	133	100	20
138	144	96	20
138	146	7	20
138	148	99	20
138	149	87	20
139	102	74	20
139	105	6	20
139	108	91	20
139	109	90	20
139	112	100	20
139	113	100	20
139	114	3	20
139	115	86	20
139	116	49	20
139	125	100	20
139	127	95	20
139	129	50	20
139	130	100	20
139	131	100	20
139	140	96	20
139	141	95	20
139	142	100	20
139	143	96	20
139	144	100	20
139	146	100	20
139	147	97	20
139	148	99	20
139	149	100	20
140	129	100	20
140	131	100	20
140	139	100	20
140	141	100	20
140	142	93	20
140	143	99	20
140	147	100	20
140	149	100	20
141	105	78	20
141	109	99	20
141	113	23	20
141	119	1	20
141	129	94	20
141	131	99	20
141	139	100	20
141	140	100	20
141	142	92	20
141	143	96	20
141	144	100	20
141	146	100	20
141	147	100	20
141	148	96	20
141	149	96	20
142	114	0	20
142	120	70	20
142	128	99	20
142	129	96	20
142	139	100	20
142	140	100	20
142	141	100	20
142	143	99	20
142	146	35	20
142	147	100	20
143	105	100	20
143	109	96	20
143	112	86	20
143	113	97	20
143	117	4	20
143	122	84	20
143	129	98	20
143	130	18	20
143	131	55	20
143	139	92	20
143	140	97	20
143	141	100	20
143	142	100	20
143	144	98	20
143	146	99	20
143	147	96	20
143	148	100	20
144	100	100	20
144	101	39	20
144	102	19	20
144	105	99	20
144	108	98	20
144	109	94	20
144	111	83	20
144	113	100	20
144	116	100	20
144	117	100	20
144	118	94	20
144	119	7	20
144	122	96	20
144	125	100	20
144	126	4	20
144	127	95	20
144	130	100	20
144	133	97	20
144	138	100	20
144	139	100	20
144	141	97	20
144	143	96	20
144	146	95	20
144	148	95	20
144	149	65	20
146	101	66	20
146	102	88	20
146	105	100	20
146	108	99	20
146	109	69	20
146	110	96	20
146	112	100	20
146	113	95	20
146	116	44	20
146	117	95	20
146	122	51	20
146	125	95	20
146	126	100	20
146	130	99	20
146	138	58	20
146	139	96	20
146	141	97	20
146	142	38	20
146	143	100	20
146	144	99	20
146	148	99	20
146	149	97	20
147	131	99	20
147	139	98	20
147	140	98	20
147	141	96	20
147	142	98	20
147	143	97	20
148	102	100	20
148	103	91	20
148	105	95	20
148	107	7	20
148	108	82	20
148	109	100	20
148	112	48	20
148	113	100	20
148	116	100	20
148	117	99	20
148	118	92	20
148	119	90	20
148	123	97	20
148	125	97	20
148	126	94	20
148	130	96	20
148	133	95	20
148	138	100	20
148	139	97	20
148	140	2	20
148	141	33	20
148	143	100	20
148	144	100	20
148	146	98	20
148	149	99	20
149	110	99	20
149	112	100	20
149	113	95	20
149	115	99	20
149	117	94	20
149	119	100	20
149	128	96	20
149	130	99	20
149	131	93	20
149	135	66	20
149	138	99	20
149	139	100	20
149	140	94	20
149	141	96	20
149	144	65	20
149	146	100	20
149	148	97	20
100	101	95	15
100	102	16	15
100	105	67	15
100	107	98	15
100	109	77	15
100	118	88	15
100	121	84	15
100	122	96	15
100	124	3	15
100	127	88	15
100	133	5	15
101	100	97	15
101	102	87	15
101	103	83	15
101	105	96	15
101	106	73	15
101	107	90	15
101	108	85	15
101	109	91	15
101	116	92	15
101	118	81	15
101	121	61	15
101	122	96	15
101	123	89	15
101	124	51	15
101	127	100	15
101	133	9	15
101	144	72	15
102	100	0	15
102	101	83	15
102	103	76	15
102	105	97	15
102	107	92	15
102	108	100	15
102	109	95	15
102	112	100	15
102	113	94	15
102	116	80	15
102	117	100	15
102	118	89	15
102	122	80	15
102	125	94	15
102	127	89	15
102	130	94	15
102	131	2	15
102	133	83	15
102	138	93	15
102	139	93	15
102	144	94	15
102	146	100	15
102	148	27	15
103	100	4	15
103	101	74	15
103	102	12	15
103	104	68	15
103	106	74	15
103	108	94	15
103	109	81	15
103	111	98	15
103	113	40	15
103	116	83	15
103	118	80	15
103	121	86	15
103	123	83	15
103	124	77	15
103	125	97	15
103	126	100	15
103	127	67	15
103	130	98	15
103	131	99	15
103	133	82	15
103	138	90	15
103	144	76	15
103	148	86	15
104	103	88	15
104	106	87	15
104	111	95	15
104	116	62	15
104	118	82	15
104	121	85	15
104	123	99	15
104	125	99	15
104	126	94	15
104	138	100	15
105	100	70	15
105	101	88	15
105	102	94	15
105	107	23	15
105	108	76	15
105	109	91	15
105	113	90	15
105	116	70	15
105	118	59	15
105	121	6	15
105	122	100	15
105	126	32	15
105	127	100	15
105	133	75	15
105	138	14	15
105	139	6	15
105	141	4	15
105	143	74	15
105	144	98	15
105	146	94	15
105	148	58	15
106	101	89	15
106	103	86	15
106	104	100	15
106	107	15	15
106	108	81	15
106	111	100	15
106	116	79	15
106	117	20	15
106	118	91	15
106	121	100	15
106	123	100	15
106	124	92	15
106	126	94	15
106	133	30	15
106	138	100	15
107	100	94	15
107	101	88	15
107	102	95	15
107	105	2	15
107	108	84	15
107	109	94	15
107	111	10	15
107	116	4	15
107	118	86	15
107	121	91	15
107	122	88	15
107	124	85	15
107	127	88	15
107	133	84	15
107	144	92	15
108	100	2	15
108	101	99	15
108	102	100	15
108	103	97	15
108	105	100	15
108	106	93	15
108	107	84	15
108	109	95	15
108	111	76	15
108	112	71	15
108	113	51	15
108	116	100	15
108	117	20	15
108	118	98	15
108	121	92	15
108	122	100	15
108	124	0	15
108	125	86	15
108	126	60	15
108	127	85	15
108	130	60	15
108	133	86	15
108	138	35	15
108	139	3	15
108	144	98	15
108	146	96	15
108	148	91	15
109	100	83	15
109	101	90	15
109	102	94	15
109	103	75	15
109	105	94	15
109	107	79	15
109	108	90	15
109	113	100	15
109	116	93	15
109	117	69	15
109	118	19	15
109	122	92	15
109	125	84	15
109	127	100	15
109	130	90	15
109	133	89	15
109	138	73	15
109	139	82	15
109	143	94	15
109	144	100	15
109	146	98	15
109	147	5	15
109	148	7	15
110	112	100	15
110	113	100	15
110	114	100	15
110	115	98	15
110	117	100	15
110	119	98	15
110	125	98	15
110	128	96	15
110	130	81	15
110	131	96	15
110	135	99	15
110	137	96	15
110	146	40	15
110	149	100	15
111	103	95	15
111	104	90	15
111	106	91	15
111	107	62	15
111	108	53	15
111	113	93	15
111	116	94	15
111	118	77	15
111	121	88	15
111	123	100	15
111	124	92	15
111	125	85	15
111	126	96	15
111	130	65	15
111	138	96	15
111	144	27	15
111	148	94	15
112	102	81	15
112	108	82	15
112	109	18	15
112	110	100	15
112	113	98	15
112	114	12	15
112	115	100	15
112	116	81	15
112	117	100	15
112	125	87	15
112	126	56	15
112	130	97	15
112	131	97	15
112	133	47	15
112	135	96	15
112	138	99	15
112	139	25	15
112	143	87	15
112	144	89	15
112	146	5	15
112	148	95	15
113	102	83	15
113	105	87	15
113	108	43	15
113	109	92	15
113	110	100	15
113	111	43	15
113	112	99	15
113	116	55	15
113	117	100	15
113	118	55	15
113	121	15	15
113	125	100	15
113	126	69	15
113	127	67	15
113	130	97	15
113	131	92	15
113	133	6	15
113	138	92	15
113	139	87	15
113	143	71	15
113	144	53	15
113	146	98	15
113	148	92	15
113	149	93	15
114	110	100	15
114	113	17	15
114	115	96	15
114	117	97	15
114	119	100	15
114	120	97	15
114	128	100	15
114	130	90	15
114	131	94	15
114	135	100	15
114	136	100	15
114	137	97	15
114	139	16	15
114	148	0	15
114	149	100	15
115	110	97	15
115	112	100	15
115	114	97	15
115	117	97	15
115	119	100	15
115	125	89	15
115	130	94	15
115	131	91	15
115	135	100	15
115	144	87	15
115	146	83	15
115	149	95	15
116	101	76	15
116	102	88	15
116	103	100	15
116	104	64	15
116	105	87	15
116	106	51	15
116	107	71	15
116	108	90	15
116	109	97	15
116	111	49	15
116	112	100	15
116	113	100	15
116	117	97	15
116	118	88	15
116	121	57	15
116	122	89	15
116	123	87	15
116	124	82	15
116	125	100	15
116	126	87	15
116	127	46	15
116	130	100	15
116	131	95	15
116	133	100	15
116	138	96	15
116	139	95	15
116	144	87	15
116	146	90	15
116	148	94	15
117	102	84	15
117	108	44	15
117	109	83	15
117	110	97	15
117	112	99	15
117	113	100	15
117	114	96	15
117	115	98	15
117	116	82	15
117	119	100	15
117	121	60	15
117	122	19	15
117	125	98	15
117	126	14	15
117	128	5	15
117	130	100	15
117	131	90	15
117	133	76	15
117	138	95	15
117	139	17	15
117	144	51	15
117	146	93	15
117	148	95	15
117	149	94	15
118	100	82	15
118	101	85	15
118	102	87	15
118	103	81	15
118	104	66	15
118	106	75	15
118	107	93	15
118	108	100	15
118	109	3	15
118	111	64	15
118	113	69	15
118	116	86	15
118	121	97	15
118	122	96	15
118	123	8	15
118	124	85	15
118	125	100	15
118	126	69	15
118	127	93	15
118	131	13	15
118	133	94	15
118	146	20	15
118	148	88	15
119	110	95	15
119	114	100	15
119	115	91	15
119	117	88	15
119	120	54	15
119	125	89	15
119	128	100	15
119	129	65	15
119	130	87	15
119	135	98	15
119	136	86	15
119	137	97	15
119	139	23	15
119	144	5	15
119	148	7	15
119	149	98	15
120	114	26	15
120	119	81	15
120	128	3	15
120	129	54	15
120	135	7	15
120	136	100	15
120	142	0	15
121	100	83	15
121	101	21	15
121	103	93	15
121	104	100	15
121	106	91	15
121	107	85	15
121	108	99	15
121	111	87	15
121	113	17	15
121	116	73	15
121	117	26	15
121	118	90	15
121	122	90	15
121	123	100	15
121	124	99	15
121	125	66	15
121	126	94	15
121	133	86	15
121	138	100	15
122	100	94	15
122	101	94	15
122	102	96	15
122	105	96	15
122	107	87	15
122	108	96	15
122	109	100	15
122	113	4	15
122	116	85	15
122	117	49	15
122	118	86	15
122	121	87	15
122	127	100	15
122	130	11	15
122	133	88	15
122	138	23	15
122	139	3	15
122	143	83	15
122	144	100	15
122	148	7	15
123	101	80	15
123	103	88	15
123	104	100	15
123	106	100	15
123	107	13	15
123	111	96	15
123	116	86	15
123	118	31	15
123	121	87	15
123	124	83	15
123	125	15	15
123	126	94	15
123	138	89	15
123	148	73	15
124	100	4	15
124	101	81	15
124	103	80	15
124	106	96	15
124	107	70	15
124	111	92	15
124	116	2	15
124	118	76	15
124	121	97	15
124	123	99	15
124	126	42	15
124	133	60	15
125	102	78	15
125	103	89	15
125	104	100	15
125	108	77	15
125	109	51	15
125	110	100	15
125	111	85	15
125	112	54	15
125	113	94	15
125	115	98	15
125	116	92	15
125	117	99	15
125	118	91	15
125	119	98	15
125	123	5	15
125	126	88	15
125	127	33	15
125	130	100	15
125	131	92	15
125	133	82	15
125	138	100	15
125	144	91	15
125	146	95	15
125	148	93	15
125	149	74	15
126	103	84	15
126	104	98	15
126	106	85	15
126	111	98	15
126	112	13	15
126	113	97	15
126	116	92	15
126	118	38	15
126	121	92	15
126	123	91	15
126	125	100	15
126	130	69	15
126	138	99	15
126	144	92	15
126	146	84	15
127	100	100	15
127	101	100	15
127	102	92	15
127	103	91	15
127	105	94	15
127	107	93	15
127	109	100	15
127	113	81	15
127	116	8	15
127	118	88	15
127	122	94	15
127	125	81	15
127	133	87	15
127	143	55	15
127	144	100	15
127	148	100	15
128	110	96	15
128	113	8	15
128	114	96	15
128	117	5	15
128	119	98	15
128	129	95	15
128	131	90	15
128	135	95	15
128	136	93	15
128	141	4	15
128	142	97	15
128	149	98	15
129	119	92	15
129	120	13	15
129	128	99	15
129	131	21	15
129	136	100	15
129	140	19	15
129	141	83	15
129	142	100	15
129	143	4	15
129	147	11	15
129	149	95	15
130	102	89	15
130	103	93	15
130	105	33	15
130	108	30	15
130	109	95	15
130	110	97	15
130	111	60	15
130	112	100	15
130	113	100	15
130	114	99	15
130	115	100	15
130	116	87	15
130	117	98	15
130	119	99	15
130	125	96	15
130	126	86	15
130	131	100	15
130	133	85	15
130	138	98	15
130	139	100	15
130	141	20	15
130	146	97	15
130	148	98	15
130	149	93	15
131	103	80	15
131	110	97	15
131	112	99	15
131	113	94	15
131	114	88	15
131	115	100	15
131	116	74	15
131	117	94	15
131	125	99	15
131	128	90	15
131	129	22	15
131	130	100	15
131	139	85	15
131	140	86	15
131	141	98	15
131	142	86	15
131	143	96	15
131	147	90	15
131	149	100	15
132	110	81	15
132	114	96	15
132	115	0	15
132	119	100	15
132	120	96	15
132	128	93	15
132	135	99	15
132	136	99	15
132	142	13	15
132	149	63	15
133	100	75	15
133	101	85	15
133	102	95	15
133	103	91	15
133	105	98	15
133	106	2	15
133	107	82	15
133	108	95	15
133	109	91	15
133	111	18	15
133	112	0	15
133	113	32	15
133	116	96	15
133	117	100	15
133	118	100	15
133	121	86	15
133	122	100	15
133	123	25	15
133	124	75	15
133	125	89	15
133	127	89	15
133	130	95	15
133	138	5	15
133	139	72	15
133	144	94	15
133	146	22	15
133	148	97	15
135	110	97	15
135	112	99	15
135	114	97	15
135	115	100	15
135	119	100	15
135	128	92	15
135	136	90	15
135	137	99	15
136	114	92	15
136	119	96	15
136	120	97	15
136	128	100	15
136	129	99	15
136	135	100	15
136	142	4	15
137	110	96	15
137	112	38	15
137	114	94	15
137	115	41	15
137	117	87	15
137	119	100	15
137	120	19	15
137	135	100	15
137	136	91	15
137	149	47	15
138	102	82	15
138	103	89	15
138	104	79	15
138	105	0	15
138	106	85	15
138	109	15	15
138	111	99	15
138	112	98	15
138	113	97	15
138	116	89	15
138	117	96	15
138	121	83	15
138	123	79	15
138	125	99	15
138	126	96	15
138	130	96	15
138	133	23	15
138	139	13	15
138	144	68	15
138	146	13	15
138	148	87	15
138	149	97	15
139	102	87	15
139	109	83	15
139	112	85	15
139	113	95	15
139	114	5	15
139	116	85	15
139	117	54	15
139	119	7	15
139	122	0	15
139	130	87	15
139	131	93	15
139	133	35	15
139	138	70	15
139	140	76	15
139	141	95	15
139	142	93	15
139	143	100	15
139	144	100	15
139	146	99	15
139	147	76	15
139	148	93	15
139	149	93	15
140	129	3	15
140	131	99	15
140	139	88	15
140	141	95	15
140	142	96	15
140	143	98	15
140	147	74	15
140	149	1	15
141	109	34	15
141	112	85	15
141	128	60	15
141	129	89	15
141	130	82	15
141	131	91	15
141	139	96	15
141	140	88	15
141	142	98	15
141	143	78	15
141	144	100	15
141	146	100	15
141	147	85	15
141	148	96	15
141	149	58	15
142	128	100	15
142	129	57	15
142	131	95	15
142	136	9	15
142	139	100	15
142	140	86	15
142	141	89	15
142	143	84	15
142	147	96	15
143	105	100	15
143	109	97	15
143	112	87	15
143	113	80	15
143	122	89	15
143	125	28	15
143	127	50	15
143	129	19	15
143	131	98	15
143	139	100	15
143	140	100	15
143	141	32	15
143	142	88	15
143	144	87	15
143	146	74	15
143	147	98	15
143	149	87	15
144	101	76	15
144	102	72	15
144	103	57	15
144	105	100	15
144	107	79	15
144	108	84	15
144	109	100	15
144	110	3	15
144	112	93	15
144	113	93	15
144	115	86	15
144	116	75	15
144	117	12	15
144	118	2	15
144	122	100	15
144	125	94	15
144	126	75	15
144	127	90	15
144	131	53	15
144	133	64	15
144	138	73	15
144	139	96	15
144	141	86	15
144	143	79	15
144	146	100	15
144	148	95	15
144	149	87	15
146	101	10	15
146	102	96	15
146	103	5	15
146	105	82	15
146	107	48	15
146	108	96	15
146	109	98	15
146	110	99	15
146	111	47	15
146	113	96	15
146	115	100	15
146	116	81	15
146	117	96	15
146	118	78	15
146	121	13	15
146	125	97	15
146	126	81	15
146	130	95	15
146	131	91	15
146	133	67	15
146	138	95	15
146	139	91	15
146	141	91	15
146	142	7	15
146	143	88	15
146	144	100	15
146	147	2	15
146	148	96	15
146	149	93	15
147	128	43	15
147	129	14	15
147	131	72	15
147	139	85	15
147	140	68	15
147	141	68	15
147	142	91	15
147	143	93	15
148	103	83	15
148	105	52	15
148	108	95	15
148	109	28	15
148	111	92	15
148	112	97	15
148	113	98	15
148	114	19	15
148	115	3	15
148	116	83	15
148	117	95	15
148	118	78	15
148	119	11	15
148	123	77	15
148	125	92	15
148	127	91	15
148	130	96	15
148	131	2	15
148	133	93	15
148	138	95	15
148	139	96	15
148	141	90	15
148	143	6	15
148	144	96	15
148	146	97	15
148	149	85	15
149	110	100	15
149	113	84	15
149	114	99	15
149	115	95	15
149	117	91	15
149	119	100	15
149	125	44	15
149	128	95	15
149	129	38	15
149	130	92	15
149	131	99	15
149	138	88	15
149	139	88	15
149	144	86	15
149	146	95	15
149	147	3	15
149	148	90	15
