100	101	93	26
100	102	100	26
100	105	100	26
100	106	32	26
100	107	90	26
100	108	92	26
100	109	100	26
100	118	91	26
100	122	100	26
100	127	95	26
100	133	71	26
101	100	94	26
101	102	98	26
101	105	100	26
101	106	98	26
101	107	91	26
101	108	96	26
101	109	93	26
101	116	90	26
101	121	99	26
101	122	99	26
101	127	91	26
101	133	93	26
101	148	8	26
102	100	87	26
102	101	91	26
102	103	100	26
102	105	97	26
102	107	91	26
102	108	97	26
102	109	96	26
102	112	92	26
102	113	92	26
102	115	12	26
102	116	97	26
102	118	99	26
102	122	100	26
102	125	16	26
102	126	81	26
102	127	97	26
102	133	100	26
102	138	97	26
102	139	99	26
102	144	100	26
102	146	66	26
102	148	96	26
103	102	98	26
103	104	88	26
103	106	99	26
103	107	93	26
103	108	99	26
103	111	100	26
103	113	99	26
103	116	92	26
103	117	10	26
103	118	86	26
103	121	96	26
103	123	95	26
103	124	91	26
103	125	98	26
103	126	100	26
103	130	99	26
103	131	91	26
103	133	82	26
103	138	90	26
103	146	56	26
103	148	97	26
104	103	95	26
104	106	96	26
104	108	15	26
104	111	96	26
104	112	79	26
104	118	90	26
104	121	93	26
104	123	97	26
104	124	84	26
104	126	89	26
104	138	100	26
105	100	96	26
105	101	97	26
105	102	96	26
105	108	94	26
105	109	100	26
105	113	95	26
105	116	26	26
105	118	90	26
105	122	100	26
105	127	100	26
105	130	91	26
105	133	70	26
105	138	8	26
105	139	97	26
105	141	89	26
105	143	97	26
105	144	100	26
105	146	100	26
106	100	5	26
106	101	15	26
106	103	100	26
106	104	93	26
106	108	60	26
106	109	2	26
106	111	100	26
106	116	11	26
106	118	96	26
106	121	100	26
106	122	12	26
106	123	98	26
106	124	90	26
106	125	78	26
106	126	100	26
106	133	96	26
106	138	100	26
107	100	100	26
107	101	90	26
107	102	91	26
107	103	100	26
107	108	97	26
107	109	75	26
107	116	88	26
107	118	90	26
107	121	91	26
107	122	90	26
107	124	94	26
107	125	1	26
107	127	87	26
107	144	99	26
108	100	95	26
108	101	98	26
108	102	100	26
108	103	96	26
108	104	69	26
108	105	100	26
108	106	91	26
108	107	90	26
108	109	97	26
108	111	20	26
108	113	12	26
108	116	90	26
108	117	70	26
108	118	94	26
108	121	98	26
108	122	96	26
108	123	92	26
108	125	93	26
108	127	98	26
108	130	6	26
108	133	97	26
108	138	93	26
108	139	98	26
108	144	99	26
108	148	98	26
109	100	91	26
109	101	96	26
109	102	95	26
109	105	93	26
109	106	65	26
109	107	93	26
109	108	97	26
109	112	89	26
109	116	90	26
109	117	91	26
109	122	97	26
109	125	91	26
109	126	96	26
109	127	100	26
109	130	97	26
109	131	51	26
109	133	91	26
109	138	90	26
109	139	31	26
109	143	75	26
109	144	100	26
109	147	5	26
109	148	99	26
110	112	94	26
110	113	96	26
110	114	95	26
110	115	100	26
110	119	90	26
110	125	92	26
110	128	97	26
110	130	98	26
110	131	93	26
110	135	93	26
110	136	9	26
110	137	97	26
110	139	20	26
110	146	93	26
110	149	100	26
111	103	97	26
111	104	99	26
111	106	95	26
111	113	100	26
111	116	89	26
111	117	100	26
111	118	94	26
111	121	96	26
111	123	96	26
111	124	100	26
111	125	59	26
111	126	92	26
111	133	90	26
111	138	93	26
111	148	99	26
112	102	94	26
112	104	45	26
112	109	96	26
112	110	100	26
112	113	92	26
112	115	79	26
112	116	98	26
112	117	100	26
112	119	100	26
112	125	97	26
112	128	98	26
112	130	97	26
112	131	100	26
112	133	75	26
112	138	93	26
112	139	16	26
112	144	20	26
112	146	59	26
112	148	93	26
112	149	90	26
113	102	93	26
113	103	95	26
113	105	9	26
113	110	97	26
113	111	89	26
113	112	95	26
113	115	99	26
113	116	93	26
113	117	90	26
113	118	97	26
113	119	98	26
113	121	95	26
113	122	98	26
113	125	89	26
113	130	100	26
113	131	100	26
113	133	87	26
113	138	92	26
113	139	100	26
113	143	27	26
113	144	100	26
113	146	100	26
113	148	95	26
113	149	99	26
114	110	92	26
114	115	21	26
114	117	42	26
114	119	100	26
114	120	99	26
114	125	59	26
114	128	99	26
114	129	31	26
114	130	30	26
114	135	94	26
114	136	93	26
114	137	92	26
114	146	21	26
115	110	100	26
115	112	28	26
115	113	90	26
115	114	0	26
115	117	95	26
115	119	100	26
115	125	98	26
115	128	5	26
115	130	86	26
115	131	91	26
115	138	86	26
115	141	0	26
115	146	93	26
115	149	92	26
116	101	98	26
116	102	99	26
116	103	94	26
116	104	2	26
116	107	86	26
116	108	95	26
116	109	92	26
116	111	99	26
116	112	98	26
116	113	100	26
116	115	4	26
116	117	91	26
116	118	97	26
116	122	94	26
116	123	73	26
116	125	92	26
116	126	93	26
116	127	82	26
116	130	92	26
116	133	79	26
116	138	100	26
116	139	85	26
116	144	96	26
116	146	94	26
116	148	93	26
116	149	29	26
117	108	62	26
117	109	92	26
117	110	19	26
117	111	95	26
117	112	94	26
117	113	92	26
117	115	100	26
117	116	94	26
117	118	0	26
117	119	94	26
117	120	9	26
117	125	100	26
117	126	90	26
117	130	100	26
117	131	91	26
117	133	90	26
117	135	82	26
117	137	100	26
117	138	97	26
117	139	43	26
117	144	99	26
117	146	98	26
117	148	100	26
117	149	100	26
118	100	91	26
118	102	95	26
118	103	100	26
118	104	100	26
118	105	10	26
118	106	95	26
118	107	86	26
118	108	100	26
118	111	99	26
118	112	4	26
118	113	100	26
118	116	99	26
118	117	9	26
118	121	100	26
118	122	89	26
118	123	100	26
118	124	96	26
118	125	99	26
118	126	80	26
118	127	16	26
118	130	99	26
118	131	10	26
118	133	100	26
118	138	100	26
118	144	100	26
118	146	93	26
119	110	98	26
119	112	93	26
119	113	98	26
119	114	98	26
119	115	96	26
119	117	81	26
119	120	94	26
119	128	100	26
119	129	99	26
119	130	44	26
119	131	97	26
119	135	86	26
119	136	95	26
119	137	97	26
119	139	1	26
119	144	27	26
119	146	94	26
119	148	98	26
119	149	96	26
120	114	96	26
120	119	81	26
120	128	95	26
120	129	97	26
120	135	97	26
120	136	100	26
120	142	96	26
121	101	96	26
121	103	96	26
121	104	95	26
121	106	94	26
121	107	100	26
121	108	93	26
121	111	97	26
121	113	98	26
121	118	97	26
121	123	93	26
121	124	90	26
121	125	14	26
121	126	92	26
121	133	93	26
121	138	95	26
121	148	0	26
122	100	90	26
122	101	79	26
122	102	97	26
122	105	92	26
122	106	94	26
122	107	95	26
122	108	100	26
122	109	100	26
122	113	89	26
122	116	99	26
122	117	88	26
122	118	97	26
122	121	0	26
122	123	94	26
122	124	100	26
122	125	97	26
122	127	94	26
122	130	11	26
122	133	92	26
122	139	51	26
122	143	92	26
122	144	93	26
122	148	96	26
123	103	96	26
123	104	95	26
123	106	100	26
123	108	97	26
123	111	88	26
123	112	10	26
123	116	51	26
123	118	96	26
123	121	100	26
123	122	0	26
123	124	98	26
123	126	94	26
123	130	41	26
123	133	26	26
123	138	91	26
123	148	49	26
124	103	90	26
124	104	100	26
124	106	97	26
124	107	97	26
124	111	91	26
124	118	93	26
124	121	100	26
124	123	98	26
124	126	67	26
124	138	27	26
125	102	43	26
125	103	96	26
125	106	13	26
125	108	87	26
125	109	97	26
125	110	93	26
125	111	59	26
125	112	99	26
125	113	97	26
125	114	3	26
125	115	95	26
125	116	95	26
125	117	99	26
125	118	87	26
125	121	22	26
125	122	63	26
125	126	100	26
125	127	6	26
125	130	97	26
125	131	96	26
125	133	100	26
125	138	96	26
125	139	14	26
125	144	16	26
125	148	80	26
125	149	94	26
126	102	87	26
126	103	99	26
126	104	95	26
126	106	92	26
126	109	66	26
126	110	0	26
126	111	97	26
126	113	92	26
126	116	92	26
126	117	100	26
126	118	99	26
126	121	96	26
126	123	100	26
126	124	100	26
126	125	100	26
126	133	11	26
126	138	94	26
126	144	99	26
126	146	97	26
126	148	97	26
127	100	98	26
127	101	89	26
127	102	99	26
127	105	99	26
127	107	91	26
127	108	100	26
127	109	94	26
127	113	99	26
127	116	95	26
127	118	93	26
127	122	100	26
127	125	69	26
127	133	68	26
127	143	22	26
127	144	91	26
127	146	96	26
127	148	100	26
128	110	63	26
128	112	86	26
128	114	98	26
128	115	7	26
128	119	100	26
128	120	96	26
128	129	97	26
128	135	100	26
128	136	0	26
128	142	91	26
128	149	97	26
129	114	62	26
129	119	97	26
129	120	97	26
129	128	87	26
129	131	92	26
129	135	9	26
129	136	95	26
129	140	84	26
129	142	93	26
129	147	98	26
130	103	99	26
130	105	53	26
130	109	93	26
130	110	94	26
130	112	100	26
130	113	99	26
130	114	11	26
130	115	98	26
130	116	100	26
130	117	99	26
130	118	94	26
130	119	21	26
130	123	38	26
130	125	100	26
130	131	94	26
130	138	100	26
130	139	83	26
130	141	30	26
130	143	87	26
130	144	96	26
130	146	90	26
130	148	95	26
130	149	82	26
131	103	92	26
131	110	100	26
131	112	97	26
131	113	98	26
131	115	100	26
131	117	100	26
131	119	99	26
131	125	96	26
131	128	5	26
131	129	32	26
131	130	100	26
131	138	38	26
131	139	95	26
131	140	99	26
131	141	89	26
131	142	100	26
131	143	92	26
131	144	87	26
131	146	97	26
131	147	18	26
131	148	100	26
131	149	100	26
132	110	90	26
132	112	0	26
132	114	98	26
132	115	97	26
132	119	96	26
132	120	96	26
132	129	100	26
132	135	100	26
132	136	100	26
132	137	98	26
133	100	17	26
133	101	92	26
133	102	96	26
133	103	98	26
133	106	91	26
133	108	93	26
133	109	75	26
133	111	96	26
133	112	97	26
133	113	96	26
133	116	72	26
133	117	96	26
133	118	91	26
133	121	100	26
133	122	97	26
133	123	46	26
133	125	87	26
133	127	6	26
133	138	99	26
133	144	96	26
133	146	93	26
133	148	100	26
135	110	92	26
135	114	100	26
135	117	93	26
135	119	96	26
135	120	95	26
135	128	97	26
135	136	100	26
135	137	96	26
135	149	100	26
136	114	87	26
136	119	99	26
136	120	94	26
136	128	72	26
136	129	92	26
136	135	88	26
136	137	5	26
136	142	9	26
137	110	97	26
137	112	1	26
137	114	93	26
137	115	86	26
137	117	88	26
137	119	94	26
137	135	100	26
137	136	3	26
138	102	56	26
138	103	100	26
138	104	92	26
138	106	93	26
138	108	87	26
138	109	98	26
138	111	97	26
138	112	99	26
138	113	100	26
138	115	98	26
138	116	97	26
138	117	89	26
138	118	87	26
138	121	99	26
138	123	97	26
138	124	10	26
138	125	97	26
138	126	92	26
138	130	100	26
138	131	37	26
138	133	92	26
138	146	84	26
138	148	100	26
139	102	43	26
139	105	100	26
139	108	55	26
139	112	3	26
139	113	96	26
139	116	99	26
139	117	38	26
139	130	97	26
139	131	94	26
139	140	99	26
139	141	100	26
139	142	95	26
139	143	100	26
139	144	96	26
139	147	91	26
139	148	96	26
139	149	89	26
140	129	10	26
140	131	97	26
140	139	94	26
140	141	99	26
140	143	99	26
140	147	85	26
141	105	49	26
141	112	0	26
141	115	91	26
141	120	3	26
141	125	4	26
141	130	51	26
141	131	97	26
141	139	100	26
141	140	96	26
141	142	98	26
141	143	89	26
141	146	97	26
141	147	99	26
141	148	91	26
141	149	93	26
142	120	99	26
142	128	100	26
142	129	95	26
142	131	89	26
142	136	91	26
142	139	87	26
142	140	0	26
142	141	97	26
142	143	97	26
142	147	94	26
143	105	85	26
143	113	76	26
143	130	62	26
143	131	100	26
143	139	92	26
143	140	96	26
143	141	90	26
143	142	95	26
143	144	72	26
143	146	100	26
143	147	94	26
144	102	94	26
144	105	84	26
144	107	95	26
144	108	100	26
144	109	100	26
144	111	6	26
144	112	66	26
144	113	91	26
144	116	93	26
144	117	95	26
144	118	100	26
144	119	83	26
144	122	93	26
144	125	60	26
144	126	59	26
144	127	99	26
144	130	94	26
144	131	89	26
144	133	100	26
144	139	99	26
144	143	80	26
144	146	93	26
144	148	98	26
146	102	93	26
146	103	94	26
146	105	100	26
146	110	98	26
146	112	98	26
146	113	92	26
146	114	80	26
146	115	93	26
146	116	93	26
146	117	92	26
146	118	88	26
146	119	100	26
146	126	99	26
146	127	92	26
146	128	100	26
146	130	97	26
146	131	99	26
146	133	95	26
146	138	92	26
146	141	97	26
146	143	97	26
146	144	97	26
146	148	90	26
146	149	99	26
147	129	91	26
147	131	81	26
147	139	92	26
147	140	93	26
147	141	89	26
147	142	96	26
147	143	100	26
148	102	92	26
148	103	82	26
148	108	100	26
148	109	100	26
148	111	78	26
148	112	100	26
148	113	99	26
148	116	89	26
148	117	96	26
148	119	94	26
148	122	80	26
148	125	96	26
148	126	94	26
148	127	99	26
148	130	93	26
148	131	100	26
148	133	96	26
148	138	100	26
148	139	100	26
148	141	99	26
148	144	99	26
148	146	97	26
148	149	96	26
149	110	100	26
149	112	100	26
149	113	96	26
149	115	97	26
149	116	17	26
149	117	96	26
149	119	99	26
149	125	100	26
149	128	99	26
149	130	99	26
149	131	95	26
149	135	96	26
149	139	100	26
149	141	98	26
149	146	100	26
149	148	93	26
100	101	59	25
100	102	100	25
100	105	62	25
100	107	97	25
100	108	96	25
100	109	98	25
100	116	77	25
100	118	97	25
100	121	81	25
100	122	91	25
100	127	97	25
100	133	0	25
100	144	0	25
101	100	44	25
101	102	100	25
101	103	61	25
101	105	100	25
101	106	81	25
101	107	95	25
101	108	95	25
101	109	97	25
101	116	98	25
101	118	95	25
101	121	84	25
101	122	100	25
101	123	3	25
101	124	9	25
101	127	100	25
101	133	95	25
101	144	20	25
102	100	99	25
102	101	97	25
102	103	95	25
102	105	93	25
102	107	97	25
102	108	98	25
102	109	95	25
102	112	45	25
102	113	86	25
102	116	97	25
102	118	96	25
102	122	100	25
102	124	87	25
102	125	97	25
102	126	68	25
102	127	100	25
102	133	100	25
102	138	99	25
102	139	87	25
102	144	99	25
102	146	93	25
102	148	66	25
103	101	96	25
103	102	94	25
103	104	98	25
103	106	93	25
103	108	96	25
103	109	90	25
103	111	100	25
103	113	89	25
103	116	100	25
103	118	100	25
103	121	95	25
103	123	91	25
103	124	99	25
103	125	45	25
103	126	99	25
103	130	97	25
103	131	10	25
103	133	95	25
103	138	92	25
103	139	99	25
103	144	37	25
103	146	92	25
104	103	95	25
104	106	94	25
104	108	6	25
104	111	98	25
104	118	57	25
104	121	100	25
104	123	99	25
104	124	99	25
104	125	75	25
104	126	98	25
104	138	90	25
105	100	100	25
105	101	94	25
105	102	95	25
105	103	49	25
105	107	100	25
105	108	96	25
105	109	92	25
105	113	100	25
105	116	89	25
105	117	5	25
105	122	100	25
105	125	100	25
105	127	96	25
105	130	96	25
105	133	98	25
105	138	98	25
105	139	100	25
105	143	100	25
105	144	88	25
105	146	95	25
105	148	12	25
106	101	97	25
106	103	94	25
106	104	87	25
106	107	0	25
106	111	97	25
106	116	24	25
106	118	100	25
106	121	100	25
106	123	100	25
106	124	86	25
106	125	100	25
106	126	0	25
106	130	28	25
106	133	99	25
106	138	91	25
107	100	96	25
107	101	91	25
107	102	97	25
107	105	100	25
107	108	99	25
107	109	100	25
107	116	85	25
107	118	98	25
107	121	99	25
107	122	87	25
107	124	100	25
107	127	96	25
107	133	100	25
107	144	93	25
107	146	88	25
108	100	98	25
108	101	100	25
108	102	99	25
108	103	98	25
108	105	96	25
108	107	96	25
108	109	100	25
108	113	100	25
108	116	100	25
108	118	100	25
108	121	100	25
108	122	94	25
108	123	82	25
108	124	97	25
108	125	90	25
108	127	17	25
108	130	87	25
108	133	98	25
108	138	96	25
108	139	71	25
108	144	100	25
108	148	97	25
109	100	98	25
109	101	98	25
109	102	100	25
109	103	100	25
109	105	100	25
109	107	98	25
109	108	95	25
109	113	100	25
109	116	100	25
109	117	100	25
109	118	100	25
109	122	95	25
109	124	9	25
109	125	92	25
109	127	90	25
109	130	100	25
109	131	1	25
109	133	100	25
109	138	96	25
109	139	97	25
109	141	2	25
109	143	98	25
109	144	91	25
109	146	95	25
109	148	100	25
110	112	94	25
110	113	86	25
110	114	100	25
110	115	91	25
110	117	97	25
110	119	98	25
110	128	94	25
110	130	100	25
110	131	93	25
110	135	100	25
110	137	97	25
110	138	79	25
110	139	71	25
110	143	13	25
110	146	98	25
110	149	96	25
111	103	95	25
111	104	100	25
111	108	1	25
111	113	98	25
111	116	97	25
111	118	96	25
111	125	93	25
111	126	98	25
111	130	33	25
111	133	95	25
111	138	100	25
111	148	100	25
112	102	91	25
112	110	97	25
112	113	91	25
112	115	96	25
112	116	98	25
112	117	96	25
112	119	97	25
112	125	96	25
112	126	3	25
112	128	100	25
112	131	96	25
112	137	96	25
112	138	100	25
112	141	100	25
112	146	96	25
112	148	98	25
112	149	89	25
113	102	86	25
113	103	100	25
113	108	84	25
113	109	0	25
113	110	100	25
113	111	93	25
113	112	94	25
113	115	100	25
113	116	100	25
113	117	93	25
113	118	63	25
113	119	90	25
113	121	1	25
113	125	98	25
113	127	96	25
113	130	98	25
113	131	92	25
113	133	7	25
113	137	88	25
113	138	14	25
113	139	92	25
113	144	98	25
113	146	96	25
113	148	100	25
113	149	99	25
114	110	99	25
114	115	79	25
114	119	96	25
114	120	100	25
114	128	99	25
114	129	16	25
114	130	64	25
114	131	57	25
114	135	100	25
114	136	98	25
114	137	96	25
114	148	12	25
115	110	95	25
115	112	95	25
115	113	100	25
115	114	99	25
115	117	100	25
115	119	93	25
115	125	100	25
115	130	90	25
115	131	91	25
115	146	1	25
115	149	95	25
116	100	72	25
116	101	90	25
116	102	96	25
116	103	94	25
116	105	47	25
116	106	75	25
116	107	100	25
116	108	91	25
116	109	93	25
116	111	99	25
116	112	87	25
116	113	93	25
116	117	100	25
116	118	98	25
116	121	91	25
116	122	85	25
116	123	4	25
116	125	98	25
116	126	76	25
116	127	30	25
116	130	89	25
116	131	95	25
116	133	92	25
116	138	96	25
116	139	0	25
116	144	17	25
116	146	89	25
116	148	88	25
117	109	96	25
117	110	100	25
117	111	5	25
117	112	98	25
117	113	91	25
117	114	93	25
117	115	100	25
117	116	100	25
117	119	98	25
117	125	91	25
117	126	100	25
117	130	70	25
117	131	94	25
117	133	98	25
117	135	100	25
117	137	86	25
117	138	100	25
117	146	93	25
117	148	96	25
117	149	96	25
118	100	98	25
118	101	99	25
118	102	95	25
118	103	99	25
118	104	28	25
118	106	1	25
118	107	98	25
118	108	91	25
118	109	91	25
118	111	100	25
118	113	100	25
118	116	98	25
118	121	97	25
118	122	100	25
118	123	18	25
118	124	93	25
118	125	100	25
118	126	100	25
118	127	98	25
118	130	97	25
118	133	95	25
118	138	96	25
118	146	87	25
118	148	91	25
119	110	88	25
119	112	96	25
119	113	100	25
119	114	90	25
119	115	100	25
119	117	99	25
119	120	98	25
119	125	81	25
119	128	97	25
119	129	100	25
119	130	93	25
119	131	0	25
119	135	93	25
119	136	100	25
119	137	99	25
119	146	93	25
119	148	97	25
119	149	94	25
120	114	88	25
120	119	95	25
120	128	100	25
120	129	100	25
120	131	23	25
120	136	89	25
120	142	100	25
121	100	81	25
121	101	98	25
121	102	7	25
121	103	100	25
121	104	100	25
121	106	87	25
121	107	90	25
121	108	92	25
121	111	42	25
121	113	100	25
121	116	75	25
121	118	97	25
121	122	95	25
121	123	98	25
121	124	97	25
121	125	1	25
121	126	100	25
121	133	100	25
121	138	100	25
121	148	7	25
122	100	100	25
122	101	97	25
122	102	92	25
122	103	85	25
122	105	91	25
122	106	0	25
122	107	89	25
122	108	98	25
122	109	91	25
122	111	98	25
122	113	51	25
122	116	95	25
122	118	99	25
122	121	95	25
122	123	19	25
122	124	49	25
122	125	93	25
122	126	16	25
122	127	97	25
122	130	100	25
122	133	100	25
122	144	91	25
122	148	93	25
123	101	4	25
123	103	98	25
123	104	95	25
123	106	100	25
123	108	100	25
123	118	81	25
123	121	90	25
123	124	100	25
123	126	99	25
123	130	100	25
123	133	87	25
123	138	99	25
123	148	81	25
124	101	63	25
124	102	89	25
124	103	91	25
124	104	100	25
124	106	100	25
124	107	97	25
124	108	95	25
124	111	9	25
124	118	87	25
124	121	98	25
124	123	100	25
125	102	98	25
125	103	78	25
125	104	37	25
125	105	21	25
125	106	97	25
125	108	98	25
125	109	38	25
125	111	96	25
125	112	100	25
125	113	95	25
125	115	99	25
125	116	100	25
125	117	94	25
125	118	90	25
125	119	100	25
125	122	95	25
125	126	98	25
125	130	100	25
125	131	95	25
125	133	89	25
125	138	94	25
125	144	100	25
125	146	98	25
125	148	94	25
126	102	70	25
126	103	96	25
126	104	94	25
126	111	96	25
126	117	97	25
126	118	88	25
126	121	100	25
126	123	91	25
126	125	100	25
126	130	98	25
126	138	100	25
126	144	99	25
126	146	91	25
127	100	97	25
127	101	100	25
127	102	96	25
127	105	96	25
127	107	100	25
127	108	83	25
127	109	100	25
127	113	94	25
127	116	15	25
127	122	96	25
127	125	1	25
127	130	2	25
127	133	99	25
127	138	16	25
127	143	81	25
127	144	94	25
127	146	100	25
127	148	99	25
128	110	85	25
128	114	98	25
128	119	100	25
128	120	93	25
128	129	92	25
128	135	93	25
128	142	100	25
128	149	100	25
129	114	63	25
129	119	88	25
129	120	100	25
129	128	91	25
129	131	61	25
129	136	100	25
129	140	99	25
129	142	91	25
129	143	77	25
129	147	89	25
130	103	99	25
130	105	72	25
130	106	7	25
130	108	98	25
130	109	95	25
130	110	93	25
130	113	93	25
130	114	46	25
130	115	100	25
130	116	91	25
130	118	98	25
130	119	100	25
130	122	3	25
130	123	100	25
130	125	100	25
130	126	100	25
130	131	97	25
130	133	97	25
130	138	96	25
130	139	99	25
130	141	4	25
130	143	98	25
130	144	96	25
130	146	89	25
130	148	97	25
130	149	46	25
131	103	6	25
131	110	98	25
131	112	96	25
131	113	97	25
131	114	80	25
131	115	97	25
131	116	0	25
131	117	100	25
131	120	16	25
131	125	100	25
131	129	48	25
131	130	87	25
131	138	10	25
131	139	97	25
131	141	98	25
131	142	100	25
131	143	91	25
131	144	100	25
131	147	16	25
131	148	89	25
131	149	98	25
132	114	95	25
132	115	96	25
132	119	92	25
132	120	95	25
132	128	22	25
132	129	91	25
132	135	100	25
132	136	100	25
132	137	56	25
133	101	99	25
133	102	98	25
133	103	98	25
133	105	89	25
133	106	98	25
133	107	100	25
133	108	98	25
133	109	94	25
133	111	95	25
133	113	66	25
133	116	93	25
133	117	92	25
133	118	97	25
133	121	100	25
133	122	94	25
133	123	9	25
133	125	92	25
133	127	100	25
133	130	96	25
133	138	97	25
133	144	96	25
133	146	92	25
133	148	100	25
134	102	91	25
134	110	96	25
134	112	100	25
134	113	97	25
134	114	99	25
134	115	99	25
134	116	39	25
134	117	98	25
134	119	87	25
134	120	9	25
134	125	99	25
134	128	100	25
134	130	97	25
134	131	97	25
134	133	84	25
134	137	90	25
134	138	97	25
134	139	43	25
134	141	16	25
134	143	100	25
134	144	98	25
134	146	100	25
134	148	94	25
134	149	71	25
135	110	100	25
135	114	96	25
135	117	98	25
135	119	96	25
135	128	99	25
135	136	96	25
135	137	100	25
135	149	97	25
136	114	93	25
136	119	100	25
136	120	95	25
136	128	2	25
136	129	99	25
136	135	100	25
136	137	38	25
136	142	96	25
137	110	96	25
137	112	80	25
137	113	97	25
137	114	98	25
137	115	14	25
137	117	98	25
137	119	99	25
137	128	12	25
137	135	100	25
137	136	71	25
138	102	86	25
138	103	98	25
138	104	100	25
138	105	1	25
138	106	92	25
138	108	88	25
138	109	12	25
138	110	17	25
138	111	93	25
138	112	95	25
138	116	94	25
138	117	97	25
138	118	91	25
138	121	91	25
138	123	97	25
138	125	100	25
138	126	100	25
138	130	96	25
138	131	2	25
138	133	83	25
138	144	7	25
138	146	98	25
138	148	97	25
138	149	10	25
139	102	94	25
139	103	100	25
139	105	100	25
139	108	83	25
139	109	96	25
139	110	83	25
139	113	98	25
139	128	15	25
139	130	99	25
139	131	99	25
139	140	100	25
139	141	97	25
139	143	96	25
139	144	97	25
139	146	100	25
139	147	92	25
139	149	89	25
140	129	100	25
140	139	96	25
140	141	94	25
140	142	97	25
140	143	100	25
140	147	100	25
141	112	99	25
141	128	0	25
141	130	94	25
141	131	100	25
141	139	100	25
141	140	100	25
141	142	97	25
141	143	97	25
141	144	95	25
141	147	5	25
141	148	96	25
141	149	97	25
142	120	93	25
142	128	95	25
142	129	93	25
142	131	99	25
142	136	98	25
142	139	20	25
142	140	90	25
142	141	99	25
142	143	98	25
142	146	8	25
142	147	95	25
143	105	100	25
143	109	97	25
143	110	17	25
143	129	26	25
143	130	88	25
143	131	100	25
143	139	88	25
143	140	96	25
143	141	98	25
143	142	97	25
143	144	97	25
143	147	96	25
143	148	94	25
144	100	12	25
144	101	94	25
144	102	100	25
144	103	97	25
144	105	96	25
144	107	100	25
144	108	90	25
144	109	93	25
144	113	98	25
144	116	7	25
144	122	92	25
144	125	97	25
144	126	96	25
144	127	97	25
144	130	99	25
144	131	100	25
144	133	98	25
144	138	94	25
144	139	92	25
144	141	94	25
144	143	96	25
144	146	98	25
144	148	100	25
144	149	18	25
146	102	100	25
146	103	84	25
146	105	85	25
146	107	92	25
146	108	6	25
146	109	97	25
146	110	96	25
146	112	99	25
146	113	97	25
146	116	100	25
146	117	97	25
146	118	96	25
146	119	100	25
146	125	98	25
146	126	100	25
146	127	98	25
146	128	61	25
146	130	100	25
146	133	97	25
146	138	92	25
146	139	95	25
146	142	57	25
146	144	97	25
146	148	89	25
146	149	100	25
147	129	94	25
147	131	25	25
147	139	100	25
147	140	100	25
147	142	99	25
147	143	97	25
148	102	92	25
148	108	94	25
148	109	100	25
148	110	0	25
148	111	97	25
148	112	97	25
148	113	97	25
148	114	66	25
148	116	100	25
148	117	98	25
148	118	98	25
148	119	97	25
148	123	86	25
148	125	100	25
148	126	50	25
148	127	93	25
148	130	99	25
148	131	100	25
148	133	97	25
148	138	93	25
148	141	98	25
148	143	100	25
148	144	96	25
148	146	93	25
148	149	98	25
149	108	8	25
149	110	100	25
149	112	92	25
149	113	94	25
149	115	95	25
149	117	100	25
149	119	90	25
149	128	98	25
149	130	100	25
149	131	93	25
149	135	99	25
149	138	100	25
149	139	86	25
149	141	92	25
149	143	14	25
149	144	14	25
149	146	98	25
149	148	88	25
100	101	77	24
100	102	96	24
100	105	92	24
100	107	93	24
100	108	100	24
100	109	32	24
100	116	4	24
100	118	97	24
100	122	78	24
100	127	88	24
100	133	87	24
100	144	32	24
101	102	85	24
101	103	92	24
101	105	96	24
101	107	97	24
101	108	97	24
101	109	100	24
101	116	100	24
101	118	93	24
101	121	87	24
101	122	98	24
101	123	81	24
101	124	54	24
101	127	98	24
101	133	90	24
102	100	94	24
102	101	88	24
102	103	99	24
102	107	95	24
102	108	95	24
102	109	99	24
102	112	50	24
102	113	98	24
102	116	98	24
102	117	88	24
102	118	89	24
102	122	95	24
102	123	3	24
102	124	100	24
102	125	91	24
102	126	94	24
102	127	97	24
102	130	10	24
102	133	100	24
102	138	100	24
102	139	4	24
102	144	100	24
102	146	97	24
102	148	96	24
103	101	62	24
103	102	100	24
103	104	100	24
103	106	97	24
103	107	99	24
103	108	95	24
103	111	89	24
103	113	96	24
103	116	96	24
103	118	90	24
103	121	85	24
103	122	79	24
103	123	98	24
103	124	12	24
103	125	88	24
103	126	97	24
103	130	100	24
103	131	86	24
103	133	100	24
103	138	95	24
103	139	100	24
103	144	95	24
103	146	10	24
103	148	94	24
104	103	99	24
104	106	95	24
104	111	89	24
104	113	89	24
104	116	94	24
104	117	59	24
104	118	88	24
104	121	91	24
104	123	94	24
104	124	99	24
104	125	32	24
104	126	92	24
104	133	7	24
104	138	100	24
104	148	45	24
105	100	100	24
105	101	94	24
105	103	13	24
105	108	98	24
105	109	100	24
105	112	38	24
105	116	96	24
105	117	61	24
105	118	19	24
105	122	97	24
105	125	99	24
105	126	13	24
105	127	87	24
105	130	97	24
105	133	89	24
105	138	97	24
105	139	99	24
105	141	96	24
105	143	98	24
105	144	97	24
105	146	98	24
105	148	96	24
105	149	2	24
106	101	20	24
106	102	19	24
106	103	99	24
106	104	65	24
106	107	3	24
106	108	11	24
106	111	94	24
106	113	66	24
106	116	52	24
106	117	68	24
106	118	31	24
106	121	97	24
106	123	100	24
106	124	100	24
106	125	59	24
106	126	98	24
106	130	45	24
106	133	100	24
106	138	98	24
107	100	87	24
107	101	100	24
107	102	100	24
107	103	100	24
107	108	95	24
107	109	91	24
107	116	96	24
107	118	94	24
107	121	100	24
107	122	100	24
107	123	26	24
107	124	96	24
107	127	94	24
107	133	98	24
107	144	98	24
107	146	23	24
107	148	59	24
108	100	71	24
108	101	96	24
108	102	100	24
108	103	100	24
108	105	55	24
108	106	16	24
108	107	95	24
108	109	89	24
108	113	8	24
108	116	99	24
108	117	32	24
108	118	100	24
108	121	90	24
108	122	92	24
108	123	8	24
108	124	97	24
108	125	100	24
108	126	94	24
108	127	6	24
108	130	96	24
108	133	99	24
108	144	96	24
108	146	69	24
108	148	95	24
109	100	94	24
109	101	91	24
109	102	100	24
109	103	55	24
109	105	93	24
109	107	89	24
109	108	97	24
109	111	9	24
109	112	95	24
109	113	95	24
109	115	3	24
109	116	99	24
109	117	98	24
109	118	90	24
109	119	21	24
109	122	97	24
109	124	19	24
109	125	93	24
109	127	98	24
109	130	99	24
109	131	57	24
109	133	100	24
109	138	100	24
109	139	96	24
109	140	8	24
109	143	92	24
109	144	98	24
109	146	87	24
109	148	95	24
109	149	87	24
110	112	89	24
110	113	95	24
110	114	96	24
110	115	100	24
110	117	85	24
110	119	98	24
110	120	91	24
110	125	97	24
110	128	62	24
110	130	98	24
110	131	99	24
110	135	99	24
110	137	98	24
110	139	48	24
110	146	85	24
110	148	98	24
110	149	94	24
111	102	10	24
111	103	93	24
111	104	96	24
111	106	92	24
111	108	11	24
111	112	80	24
111	117	87	24
111	118	56	24
111	121	96	24
111	123	100	24
111	124	46	24
111	125	100	24
111	126	97	24
111	130	97	24
111	133	92	24
111	138	99	24
111	144	3	24
111	146	18	24
111	148	100	24
112	102	49	24
112	109	60	24
112	110	92	24
112	111	64	24
112	113	100	24
112	115	94	24
112	116	100	24
112	117	100	24
112	118	52	24
112	119	97	24
112	125	100	24
112	130	94	24
112	131	100	24
112	135	72	24
112	137	100	24
112	138	97	24
112	139	96	24
112	141	81	24
112	146	97	24
112	148	97	24
112	149	99	24
113	102	86	24
113	103	89	24
113	104	97	24
113	106	5	24
113	108	3	24
113	109	99	24
113	110	91	24
113	112	100	24
113	115	91	24
113	116	97	24
113	117	99	24
113	118	93	24
113	119	96	24
113	121	4	24
113	125	98	24
113	127	98	24
113	130	99	24
113	131	99	24
113	133	80	24
113	135	70	24
113	137	88	24
113	138	92	24
113	139	93	24
113	143	80	24
113	144	92	24
113	146	87	24
113	148	90	24
113	149	100	24
114	110	100	24
114	112	18	24
114	115	100	24
114	117	91	24
114	119	95	24
114	120	100	24
114	125	0	24
114	128	93	24
114	129	93	24
114	130	78	24
114	131	0	24
114	135	96	24
114	136	98	24
114	137	86	24
114	148	82	24
114	149	95	24
115	110	94	24
115	112	91	24
115	113	100	24
115	114	100	24
115	116	23	24
115	117	100	24
115	119	100	24
115	125	88	24
115	130	96	24
115	131	32	24
115	135	42	24
115	137	100	24
115	139	98	24
115	146	95	24
115	148	31	24
115	149	100	24
116	100	7	24
116	101	100	24
116	102	100	24
116	103	97	24
116	104	100	24
116	105	66	24
116	106	43	24
116	107	100	24
116	108	96	24
116	109	83	24
116	112	95	24
116	113	100	24
116	115	54	24
116	117	100	24
116	118	98	24
116	121	11	24
116	122	94	24
116	123	83	24
116	124	72	24
116	125	100	24
116	126	94	24
116	127	90	24
116	130	98	24
116	131	81	24
116	133	96	24
116	138	100	24
116	144	71	24
116	146	98	24
116	148	98	24
116	149	96	24
117	102	69	24
117	104	18	24
117	106	6	24
117	108	11	24
117	109	95	24
117	110	100	24
117	111	89	24
117	112	95	24
117	113	100	24
117	114	100	24
117	115	100	24
117	116	98	24
117	119	97	24
117	125	96	24
117	126	98	24
117	128	10	24
117	130	95	24
117	131	100	24
117	133	89	24
117	135	98	24
117	137	100	24
117	138	100	24
117	144	97	24
117	146	100	24
117	148	95	24
117	149	86	24
118	100	88	24
118	101	89	24
118	102	99	24
118	103	83	24
118	104	98	24
118	106	85	24
118	107	100	24
118	108	92	24
118	109	97	24
118	111	39	24
118	112	65	24
118	113	96	24
118	116	88	24
118	121	99	24
118	122	73	24
118	123	98	24
118	124	78	24
118	125	96	24
118	126	4	24
118	130	99	24
118	131	15	24
118	133	100	24
118	138	68	24
118	144	57	24
118	146	0	24
118	148	100	24
119	110	97	24
119	112	95	24
119	113	99	24
119	114	97	24
119	115	95	24
119	117	100	24
119	120	97	24
119	125	98	24
119	128	86	24
119	129	98	24
119	130	89	24
119	131	100	24
119	135	98	24
119	139	8	24
119	144	0	24
119	146	93	24
119	148	96	24
119	149	99	24
120	110	100	24
120	114	90	24
120	119	88	24
120	128	100	24
120	129	100	24
120	135	93	24
120	136	100	24
120	137	98	24
121	101	100	24
121	103	94	24
121	104	95	24
121	106	94	24
121	107	87	24
121	108	94	24
121	111	95	24
121	113	14	24
121	118	97	24
121	122	91	24
121	123	96	24
121	124	93	24
121	125	100	24
121	126	100	24
121	130	13	24
121	133	93	24
121	138	94	24
122	100	85	24
122	101	94	24
122	102	96	24
122	103	100	24
122	105	93	24
122	107	100	24
122	108	94	24
122	109	89	24
122	111	5	24
122	113	96	24
122	116	43	24
122	118	100	24
122	121	97	24
122	124	21	24
122	125	97	24
122	126	25	24
122	127	95	24
122	130	37	24
122	133	95	24
122	138	97	24
122	143	98	24
122	144	97	24
122	146	28	24
122	148	73	24
123	101	90	24
123	102	44	24
123	103	86	24
123	104	96	24
123	106	100	24
123	107	3	24
123	108	20	24
123	111	97	24
123	116	71	24
123	118	97	24
123	121	100	24
123	124	91	24
123	125	93	24
123	126	100	24
123	130	100	24
123	133	90	24
123	138	100	24
124	101	100	24
124	102	86	24
124	103	62	24
124	104	93	24
124	106	96	24
124	107	100	24
124	108	95	24
124	118	54	24
124	121	99	24
124	123	100	24
124	125	91	24
124	126	24	24
124	133	84	24
125	102	95	24
125	103	91	24
125	104	15	24
125	105	86	24
125	106	53	24
125	108	83	24
125	109	5	24
125	110	99	24
125	111	89	24
125	112	96	24
125	113	100	24
125	115	97	24
125	116	96	24
125	117	97	24
125	118	96	24
125	119	97	24
125	121	98	24
125	122	39	24
125	123	68	24
125	124	93	24
125	126	98	24
125	130	89	24
125	133	92	24
125	138	95	24
125	144	18	24
125	146	95	24
125	148	98	24
126	102	75	24
126	103	100	24
126	104	97	24
126	106	87	24
126	108	93	24
126	111	97	24
126	116	96	24
126	117	98	24
126	118	20	24
126	121	94	24
126	123	94	24
126	125	92	24
126	130	94	24
126	138	99	24
126	144	95	24
126	146	91	24
126	148	87	24
127	100	100	24
127	101	67	24
127	102	100	24
127	105	82	24
127	107	100	24
127	108	75	24
127	109	97	24
127	113	97	24
127	116	97	24
127	122	96	24
127	130	30	24
127	133	100	24
127	143	88	24
127	144	99	24
127	146	99	24
127	148	94	24
128	114	99	24
128	119	98	24
128	120	100	24
128	129	28	24
128	135	92	24
128	137	5	24
128	140	8	24
128	142	100	24
128	149	97	24
129	114	88	24
129	119	97	24
129	120	99	24
129	128	98	24
129	131	100	24
129	136	83	24
129	140	100	24
129	143	64	24
129	147	87	24
129	149	61	24
130	102	0	24
130	103	98	24
130	105	15	24
130	106	17	24
130	108	88	24
130	109	96	24
130	110	90	24
130	111	93	24
130	112	100	24
130	113	89	24
130	114	85	24
130	115	100	24
130	116	93	24
130	117	97	24
130	118	96	24
130	119	95	24
130	121	0	24
130	123	96	24
130	125	96	24
130	126	100	24
130	131	83	24
130	133	86	24
130	138	100	24
130	139	94	24
130	141	27	24
130	143	7	24
130	144	100	24
130	146	97	24
130	148	97	24
130	149	54	24
131	103	87	24
131	110	93	24
131	112	92	24
131	113	92	24
131	114	26	24
131	115	32	24
131	116	91	24
131	117	97	24
131	118	33	24
131	119	91	24
131	125	8	24
131	129	91	24
131	130	100	24
131	138	100	24
131	139	100	24
131	140	86	24
131	141	98	24
131	142	93	24
131	143	100	24
131	144	95	24
131	146	99	24
131	147	87	24
131	148	97	24
131	149	100	24
132	110	84	24
132	112	96	24
132	114	100	24
132	115	94	24
132	119	95	24
132	120	96	24
132	128	91	24
132	129	87	24
132	135	99	24
132	136	98	24
132	137	100	24
132	149	95	24
133	100	94	24
133	101	87	24
133	102	88	24
133	103	100	24
133	105	99	24
133	106	97	24
133	107	100	24
133	108	99	24
133	109	91	24
133	111	100	24
133	113	100	24
133	116	88	24
133	117	100	24
133	118	99	24
133	121	97	24
133	122	84	24
133	123	69	24
133	124	100	24
133	125	98	24
133	127	84	24
133	130	98	24
133	138	93	24
133	144	96	24
133	146	93	24
133	148	91	24
135	110	93	24
135	112	66	24
135	113	75	24
135	114	100	24
135	117	80	24
135	119	99	24
135	120	98	24
135	128	90	24
135	136	99	24
135	137	100	24
135	149	98	24
136	114	93	24
136	120	100	24
136	129	97	24
136	135	92	24
137	110	100	24
137	112	100	24
137	113	96	24
137	114	92	24
137	115	97	24
137	117	100	24
137	120	88	24
137	125	9	24
137	128	33	24
137	135	99	24
137	136	4	24
137	149	98	24
138	102	85	24
138	103	96	24
138	104	95	24
138	105	59	24
138	106	95	24
138	108	2	24
138	109	50	24
138	111	98	24
138	112	93	24
138	113	90	24
138	116	99	24
138	117	96	24
138	118	96	24
138	121	25	24
138	123	86	24
138	125	98	24
138	126	99	24
138	130	96	24
138	131	48	24
138	133	52	24
138	144	95	24
138	146	100	24
138	148	92	24
139	102	48	24
139	103	83	24
139	105	64	24
139	109	96	24
139	110	61	24
139	112	100	24
139	113	96	24
139	115	99	24
139	119	0	24
139	130	97	24
139	131	96	24
139	140	96	24
139	141	92	24
139	142	96	24
139	143	100	24
139	144	92	24
139	146	95	24
139	147	94	24
139	148	24	24
139	149	93	24
140	128	63	24
140	129	99	24
140	131	100	24
140	139	95	24
140	141	100	24
140	142	100	24
140	143	95	24
140	146	82	24
140	147	93	24
141	105	77	24
141	110	37	24
141	112	95	24
141	113	14	24
141	130	98	24
141	131	97	24
141	139	100	24
141	140	100	24
141	142	100	24
141	143	97	24
141	144	100	24
141	146	96	24
141	147	92	24
141	148	99	24
141	149	100	24
142	114	4	24
142	128	100	24
142	131	97	24
142	139	98	24
142	140	92	24
142	141	98	24
142	143	91	24
142	147	96	24
143	105	99	24
143	109	81	24
143	113	82	24
143	122	0	24
143	127	0	24
143	129	80	24
143	130	22	24
143	131	96	24
143	139	94	24
143	140	98	24
143	141	96	24
143	142	87	24
143	144	85	24
143	146	58	24
143	147	100	24
143	148	0	24
143	149	47	24
144	100	5	24
144	102	100	24
144	103	91	24
144	105	94	24
144	107	86	24
144	108	94	24
144	109	98	24
144	111	12	24
144	113	96	24
144	116	61	24
144	117	100	24
144	118	3	24
144	122	53	24
144	125	15	24
144	126	95	24
144	127	71	24
144	130	100	24
144	131	88	24
144	133	91	24
144	138	100	24
144	139	100	24
144	141	97	24
144	143	84	24
144	146	98	24
144	148	100	24
144	149	93	24
146	102	95	24
146	103	10	24
146	105	76	24
146	107	67	24
146	108	95	24
146	109	98	24
146	110	95	24
146	111	7	24
146	112	94	24
146	113	100	24
146	115	98	24
146	116	90	24
146	117	96	24
146	118	6	24
146	119	97	24
146	125	94	24
146	126	89	24
146	127	90	24
146	130	100	24
146	131	97	24
146	133	95	24
146	138	100	24
146	139	92	24
146	140	73	24
146	141	94	24
146	143	51	24
146	144	91	24
146	148	100	24
146	149	91	24
147	129	82	24
147	131	95	24
147	139	90	24
147	140	100	24
147	141	96	24
147	142	99	24
147	143	93	24
148	102	92	24
148	103	85	24
148	104	16	24
148	105	24	24
148	107	62	24
148	108	86	24
148	109	89	24
148	110	80	24
148	111	86	24
148	112	95	24
148	113	86	24
148	114	91	24
148	115	59	24
148	116	96	24
148	117	93	24
148	118	86	24
148	119	95	24
148	125	85	24
148	126	92	24
148	127	96	24
148	130	85	24
148	131	89	24
148	133	91	24
148	138	82	24
148	139	0	24
148	141	82	24
148	144	91	24
148	146	97	24
148	149	87	24
149	110	97	24
149	112	93	24
149	113	91	24
149	114	87	24
149	115	100	24
149	116	78	24
149	117	87	24
149	119	97	24
149	128	92	24
149	129	58	24
149	130	89	24
149	131	100	24
149	135	97	24
149	137	96	24
149	139	94	24
149	141	100	24
149	143	36	24
149	144	96	24
149	146	96	24
149	148	98	24
100	101	94	23
100	102	4	23
100	105	94	23
100	107	40	23
100	108	89	23
100	109	95	23
100	118	92	23
100	122	95	23
100	124	5	23
100	127	99	23
101	100	98	23
101	102	99	23
101	105	98	23
101	107	92	23
101	108	87	23
101	109	79	23
101	116	94	23
101	118	100	23
101	121	91	23
101	122	92	23
101	123	86	23
101	124	93	23
101	127	93	23
101	133	93	23
101	144	3	23
102	101	95	23
102	103	100	23
102	105	93	23
102	107	96	23
102	108	92	23
102	109	99	23
102	111	90	23
102	113	91	23
102	116	91	23
102	117	99	23
102	118	98	23
102	122	100	23
102	125	100	23
102	127	96	23
102	133	100	23
102	138	94	23
102	144	98	23
102	146	97	23
102	148	92	23
103	101	10	23
103	102	96	23
103	104	93	23
103	105	17	23
103	106	100	23
103	107	97	23
103	108	97	23
103	111	100	23
103	113	100	23
103	116	92	23
103	118	77	23
103	121	96	23
103	122	69	23
103	123	99	23
103	124	88	23
103	125	82	23
103	126	98	23
103	127	0	23
103	130	84	23
103	131	76	23
103	133	94	23
103	138	82	23
103	146	51	23
103	148	63	23
104	103	97	23
104	106	89	23
104	111	96	23
104	113	4	23
104	116	78	23
104	118	30	23
104	123	98	23
104	124	53	23
104	125	88	23
104	126	99	23
104	138	100	23
105	100	84	23
105	101	94	23
105	102	88	23
105	103	94	23
105	107	40	23
105	108	80	23
105	109	96	23
105	113	95	23
105	116	93	23
105	122	91	23
105	125	96	23
105	127	93	23
105	133	89	23
105	138	76	23
105	139	84	23
105	141	96	23
105	143	96	23
105	144	94	23
105	148	100	23
106	103	100	23
106	104	87	23
106	107	75	23
106	108	75	23
106	111	99	23
106	116	98	23
106	117	35	23
106	118	11	23
106	121	100	23
106	123	95	23
106	124	97	23
106	126	97	23
106	133	32	23
106	138	92	23
107	101	95	23
107	102	95	23
107	103	98	23
107	106	79	23
107	108	99	23
107	109	92	23
107	116	100	23
107	118	89	23
107	121	100	23
107	122	84	23
107	124	78	23
107	127	92	23
107	133	86	23
108	100	97	23
108	101	100	23
108	102	94	23
108	103	100	23
108	105	69	23
108	106	94	23
108	107	95	23
108	109	95	23
108	111	15	23
108	116	100	23
108	117	78	23
108	118	93	23
108	121	100	23
108	122	98	23
108	123	88	23
108	126	97	23
108	127	97	23
108	133	98	23
108	138	80	23
108	144	99	23
108	146	73	23
108	148	18	23
109	100	92	23
109	101	100	23
109	102	97	23
109	103	88	23
109	105	90	23
109	107	92	23
109	108	99	23
109	112	92	23
109	113	94	23
109	115	48	23
109	116	95	23
109	117	97	23
109	118	90	23
109	121	19	23
109	122	87	23
109	126	63	23
109	127	93	23
109	130	100	23
109	133	98	23
109	138	85	23
109	139	93	23
109	141	100	23
109	143	97	23
109	144	92	23
109	146	84	23
109	148	94	23
110	112	98	23
110	113	96	23
110	114	89	23
110	115	94	23
110	117	92	23
110	119	96	23
110	120	3	23
110	125	85	23
110	128	9	23
110	130	100	23
110	131	96	23
110	135	97	23
110	137	96	23
110	138	54	23
110	139	29	23
110	146	95	23
110	149	100	23
111	102	67	23
111	103	94	23
111	104	99	23
111	106	85	23
111	108	61	23
111	116	67	23
111	117	94	23
111	118	65	23
111	121	100	23
111	123	100	23
111	124	4	23
111	125	88	23
111	126	96	23
111	130	19	23
111	133	64	23
111	138	90	23
111	148	55	23
112	109	67	23
112	110	100	23
112	113	95	23
112	114	91	23
112	115	92	23
112	117	98	23
112	118	12	23
112	119	93	23
112	125	97	23
112	130	91	23
112	131	97	23
112	138	100	23
112	139	97	23
112	146	85	23
112	148	89	23
112	149	86	23
113	102	87	23
113	103	93	23
113	104	73	23
113	105	68	23
113	109	100	23
113	110	92	23
113	112	92	23
113	115	97	23
113	116	2	23
113	117	96	23
113	118	71	23
113	119	95	23
113	125	98	23
113	130	99	23
113	131	84	23
113	135	91	23
113	138	96	23
113	139	99	23
113	143	100	23
113	144	97	23
113	146	100	23
113	148	88	23
113	149	100	23
114	112	5	23
114	115	99	23
114	117	93	23
114	119	98	23
114	120	99	23
114	128	100	23
114	129	86	23
114	135	99	23
114	136	100	23
114	142	1	23
114	149	28	23
115	110	90	23
115	112	95	23
115	113	87	23
115	114	82	23
115	117	96	23
115	119	100	23
115	125	99	23
115	130	96	23
115	131	2	23
115	135	88	23
115	137	16	23
115	138	58	23
115	139	6	23
115	141	8	23
115	143	17	23
115	146	97	23
115	149	96	23
116	101	86	23
116	102	99	23
116	103	90	23
116	104	94	23
116	105	97	23
116	106	93	23
116	107	90	23
116	108	93	23
116	109	90	23
116	111	91	23
116	113	44	23
116	117	100	23
116	118	93	23
116	122	89	23
116	123	75	23
116	125	100	23
116	126	99	23
116	127	88	23
116	130	98	23
116	133	94	23
116	138	100	23
116	144	89	23
116	146	100	23
116	148	93	23
117	101	0	23
117	102	89	23
117	106	23	23
117	108	77	23
117	109	96	23
117	110	91	23
117	111	82	23
117	112	99	23
117	113	97	23
117	114	96	23
117	115	99	23
117	116	100	23
117	119	96	23
117	125	97	23
117	126	86	23
117	130	96	23
117	131	100	23
117	133	93	23
117	138	100	23
117	141	2	23
117	144	39	23
117	146	98	23
117	148	22	23
117	149	94	23
118	100	85	23
118	101	95	23
118	102	97	23
118	103	85	23
118	104	5	23
118	106	6	23
118	107	96	23
118	108	97	23
118	109	78	23
118	111	28	23
118	113	99	23
118	116	94	23
118	121	99	23
118	122	27	23
118	123	99	23
118	124	92	23
118	125	100	23
118	127	4	23
118	130	84	23
118	133	96	23
118	138	95	23
118	144	82	23
118	146	80	23
119	110	99	23
119	112	100	23
119	113	100	23
119	114	96	23
119	115	93	23
119	117	90	23
119	120	96	23
119	125	81	23
119	128	97	23
119	129	100	23
119	130	90	23
119	131	92	23
119	135	53	23
119	137	94	23
119	144	8	23
119	148	95	23
119	149	97	23
120	114	96	23
120	119	96	23
120	128	100	23
120	129	98	23
120	135	96	23
120	136	96	23
121	100	25	23
121	101	94	23
121	103	93	23
121	104	24	23
121	106	99	23
121	107	87	23
121	108	96	23
121	109	79	23
121	111	90	23
121	113	2	23
121	116	86	23
121	117	11	23
121	118	100	23
121	122	94	23
121	123	96	23
121	124	96	23
121	125	90	23
121	126	96	23
121	133	93	23
121	138	69	23
122	100	99	23
122	101	100	23
122	102	99	23
122	103	89	23
122	105	95	23
122	106	60	23
122	107	100	23
122	108	97	23
122	109	94	23
122	113	61	23
122	116	97	23
122	121	87	23
122	123	4	23
122	124	73	23
122	127	94	23
122	133	97	23
122	138	30	23
122	144	87	23
122	146	93	23
123	101	82	23
123	103	88	23
123	104	99	23
123	106	99	23
123	108	67	23
123	111	100	23
123	118	86	23
123	121	94	23
123	124	95	23
123	126	89	23
123	133	89	23
123	138	89	23
124	101	96	23
124	103	83	23
124	104	88	23
124	106	95	23
124	107	79	23
124	118	98	23
124	121	100	23
124	122	53	23
124	123	95	23
124	126	33	23
124	133	84	23
125	102	94	23
125	103	100	23
125	104	96	23
125	105	79	23
125	106	0	23
125	108	79	23
125	110	53	23
125	111	96	23
125	112	94	23
125	113	100	23
125	115	98	23
125	116	96	23
125	117	92	23
125	118	98	23
125	119	87	23
125	121	3	23
125	126	100	23
125	130	100	23
125	133	92	23
125	138	100	23
125	144	92	23
125	146	100	23
125	148	99	23
126	103	85	23
126	104	96	23
126	106	96	23
126	108	89	23
126	111	94	23
126	116	94	23
126	117	96	23
126	121	100	23
126	123	87	23
126	124	5	23
126	125	99	23
126	130	100	23
126	138	97	23
126	144	12	23
126	146	89	23
126	148	2	23
127	100	94	23
127	101	83	23
127	102	89	23
127	103	88	23
127	105	98	23
127	107	93	23
127	108	91	23
127	109	94	23
127	113	10	23
127	116	81	23
127	118	55	23
127	122	88	23
127	130	87	23
127	133	73	23
127	139	10	23
127	143	99	23
127	144	94	23
127	148	99	23
128	114	76	23
128	119	98	23
128	120	80	23
128	129	100	23
128	135	74	23
128	142	98	23
129	114	93	23
129	119	93	23
129	120	96	23
129	128	100	23
129	131	93	23
129	136	99	23
129	140	95	23
129	142	100	23
129	143	17	23
130	103	96	23
130	109	96	23
130	110	94	23
130	111	3	23
130	112	97	23
130	113	99	23
130	114	14	23
130	115	97	23
130	116	98	23
130	117	93	23
130	118	77	23
130	119	100	23
130	125	97	23
130	126	94	23
130	127	52	23
130	131	94	23
130	133	95	23
130	139	4	23
130	141	87	23
130	144	100	23
130	146	98	23
130	148	99	23
131	103	93	23
131	110	95	23
131	112	100	23
131	113	92	23
131	115	82	23
131	117	95	23
131	119	100	23
131	128	39	23
131	129	98	23
131	130	96	23
131	140	99	23
131	141	88	23
131	142	97	23
131	144	97	23
131	146	96	23
131	147	89	23
131	149	98	23
132	110	92	23
132	112	7	23
132	114	99	23
132	119	100	23
132	120	99	23
132	128	100	23
132	135	93	23
132	136	88	23
133	101	82	23
133	102	95	23
133	103	97	23
133	104	23	23
133	105	86	23
133	107	92	23
133	108	99	23
133	109	92	23
133	111	85	23
133	116	99	23
133	117	100	23
133	118	100	23
133	121	100	23
133	122	83	23
133	123	90	23
133	124	61	23
133	125	100	23
133	127	73	23
133	130	94	23
133	138	10	23
133	139	17	23
133	144	4	23
133	146	90	23
135	110	71	23
135	113	0	23
135	114	100	23
135	115	64	23
135	119	81	23
135	120	86	23
135	128	80	23
135	136	100	23
135	137	98	23
135	149	74	23
136	114	97	23
136	120	92	23
136	129	95	23
136	135	93	23
136	142	99	23
137	110	100	23
137	112	38	23
137	114	97	23
137	115	98	23
137	119	98	23
137	120	17	23
137	128	0	23
137	135	100	23
137	136	10	23
138	102	100	23
138	103	70	23
138	104	98	23
138	105	63	23
138	106	92	23
138	108	94	23
138	109	7	23
138	111	100	23
138	112	94	23
138	113	84	23
138	115	66	23
138	116	98	23
138	117	96	23
138	118	93	23
138	123	85	23
138	125	93	23
138	126	92	23
138	144	95	23
138	148	29	23
139	105	11	23
139	112	90	23
139	113	100	23
139	115	17	23
139	130	28	23
139	133	34	23
139	138	3	23
139	140	94	23
139	141	98	23
139	142	74	23
139	143	100	23
139	144	100	23
139	146	100	23
139	147	92	23
139	148	96	23
139	149	96	23
140	129	99	23
140	131	98	23
140	139	53	23
140	141	95	23
140	142	97	23
140	143	100	23
140	146	15	23
140	147	100	23
141	105	100	23
141	109	78	23
141	115	19	23
141	117	22	23
141	130	91	23
141	131	98	23
141	139	100	23
141	140	100	23
141	142	100	23
141	143	99	23
141	144	96	23
141	146	100	23
141	147	97	23
141	149	96	23
142	114	43	23
142	128	97	23
142	129	97	23
142	131	98	23
142	136	94	23
142	139	90	23
142	140	100	23
142	141	100	23
142	143	100	23
142	146	6	23
142	147	93	23
143	105	97	23
143	109	98	23
143	113	91	23
143	115	28	23
143	127	92	23
143	139	100	23
143	140	99	23
143	141	94	23
143	142	98	23
143	147	97	23
144	101	79	23
144	102	97	23
144	103	24	23
144	105	100	23
144	108	100	23
144	109	100	23
144	113	100	23
144	116	96	23
144	117	89	23
144	118	61	23
144	119	35	23
144	122	99	23
144	125	92	23
144	126	88	23
144	127	86	23
144	130	91	23
144	131	96	23
144	133	39	23
144	138	89	23
144	139	85	23
144	141	91	23
144	143	45	23
144	146	100	23
144	148	97	23
146	101	0	23
146	102	100	23
146	103	42	23
146	108	38	23
146	109	98	23
146	110	20	23
146	112	92	23
146	113	98	23
146	115	89	23
146	116	94	23
146	117	86	23
146	118	20	23
146	122	50	23
146	125	96	23
146	126	89	23
146	128	32	23
146	130	100	23
146	131	97	23
146	133	77	23
146	138	1	23
146	139	95	23
146	141	97	23
146	144	97	23
146	148	86	23
146	149	52	23
147	131	91	23
147	139	86	23
147	140	100	23
147	141	92	23
147	142	82	23
147	143	89	23
148	102	89	23
148	103	92	23
148	105	100	23
148	108	80	23
148	109	91	23
148	111	91	23
148	112	100	23
148	113	100	23
148	116	97	23
148	117	91	23
148	118	52	23
148	119	89	23
148	122	0	23
148	123	29	23
148	125	98	23
148	126	92	23
148	127	84	23
148	130	90	23
148	138	88	23
148	139	94	23
148	143	2	23
148	144	99	23
148	146	96	23
148	149	12	23
149	110	100	23
149	112	100	23
149	113	91	23
149	114	98	23
149	115	99	23
149	117	98	23
149	119	100	23
149	131	96	23
149	135	100	23
149	139	99	23
149	141	82	23
149	146	82	23
100	101	93	22
100	102	91	22
100	105	88	22
100	107	99	22
100	108	59	22
100	109	96	22
100	116	29	22
100	118	29	22
100	121	82	22
100	122	96	22
100	127	92	22
101	100	100	22
101	102	100	22
101	103	82	22
101	105	89	22
101	107	100	22
101	108	94	22
101	109	100	22
101	116	92	22
101	118	93	22
101	121	95	22
101	122	98	22
101	123	59	22
101	124	57	22
101	127	97	22
101	133	74	22
101	144	5	22
102	100	80	22
102	101	96	22
102	103	90	22
102	105	79	22
102	106	30	22
102	107	100	22
102	108	100	22
102	109	91	22
102	111	6	22
102	113	93	22
102	116	93	22
102	117	95	22
102	118	100	22
102	121	93	22
102	122	100	22
102	124	99	22
102	125	100	22
102	126	55	22
102	127	95	22
102	130	100	22
102	138	100	22
102	146	95	22
102	148	91	22
103	101	10	22
103	102	97	22
103	104	99	22
103	106	96	22
103	107	98	22
103	108	93	22
103	109	91	22
103	111	100	22
103	113	89	22
103	116	98	22
103	118	100	22
103	121	94	22
103	122	96	22
103	123	100	22
103	124	96	22
103	125	12	22
103	126	98	22
103	127	8	22
103	131	63	22
103	133	92	22
103	138	86	22
103	146	12	22
103	148	16	22
104	103	87	22
104	106	90	22
104	111	95	22
104	113	53	22
104	121	87	22
104	123	100	22
104	124	44	22
104	125	95	22
104	126	0	22
104	138	100	22
105	100	96	22
105	101	97	22
105	102	97	22
105	103	63	22
105	107	83	22
105	108	100	22
105	109	98	22
105	113	97	22
105	122	81	22
105	124	23	22
105	125	65	22
105	127	96	22
105	130	73	22
105	133	20	22
105	138	66	22
105	139	64	22
105	141	48	22
105	143	89	22
105	144	100	22
105	146	90	22
105	148	96	22
106	102	85	22
106	103	96	22
106	104	98	22
106	107	77	22
106	108	96	22
106	111	100	22
106	116	94	22
106	118	29	22
106	121	64	22
106	122	10	22
106	123	100	22
106	124	95	22
106	125	87	22
106	126	91	22
106	133	19	22
106	138	94	22
107	100	100	22
107	101	91	22
107	102	93	22
107	103	92	22
107	105	59	22
107	108	100	22
107	109	91	22
107	116	91	22
107	118	99	22
107	122	99	22
107	124	100	22
107	127	79	22
107	130	65	22
107	133	16	22
108	100	0	22
108	101	93	22
108	102	93	22
108	103	58	22
108	105	91	22
108	106	88	22
108	107	100	22
108	109	100	22
108	111	80	22
108	116	83	22
108	117	78	22
108	118	95	22
108	121	87	22
108	122	99	22
108	124	97	22
108	125	26	22
108	127	91	22
108	130	22	22
108	133	100	22
108	144	100	22
108	148	90	22
109	100	93	22
109	101	97	22
109	102	94	22
109	103	99	22
109	105	96	22
109	107	98	22
109	108	85	22
109	112	100	22
109	113	95	22
109	116	93	22
109	117	88	22
109	118	99	22
109	121	91	22
109	122	95	22
109	125	91	22
109	126	100	22
109	127	93	22
109	130	95	22
109	133	95	22
109	138	94	22
109	139	92	22
109	143	90	22
109	144	100	22
109	148	98	22
109	149	25	22
110	112	100	22
110	113	90	22
110	114	96	22
110	115	92	22
110	117	95	22
110	119	96	22
110	120	2	22
110	128	96	22
110	130	94	22
110	131	93	22
110	135	90	22
110	137	99	22
110	138	3	22
110	139	99	22
110	146	84	22
110	149	96	22
111	102	96	22
111	103	95	22
111	104	91	22
111	106	100	22
111	107	14	22
111	108	98	22
111	113	88	22
111	116	99	22
111	117	91	22
111	118	100	22
111	121	100	22
111	122	9	22
111	123	89	22
111	124	89	22
111	125	96	22
111	126	98	22
111	130	100	22
111	133	90	22
111	138	95	22
111	146	25	22
112	102	78	22
112	109	90	22
112	110	95	22
112	113	96	22
112	114	98	22
112	115	84	22
112	117	100	22
112	119	100	22
112	125	90	22
112	126	100	22
112	130	57	22
112	131	88	22
112	133	100	22
112	135	100	22
112	137	91	22
112	138	98	22
112	139	100	22
112	144	93	22
112	146	95	22
112	148	96	22
112	149	100	22
113	102	99	22
113	103	100	22
113	104	6	22
113	105	62	22
113	109	92	22
113	110	89	22
113	111	63	22
113	112	93	22
113	115	59	22
113	117	93	22
113	119	97	22
113	121	2	22
113	122	8	22
113	125	98	22
113	126	91	22
113	130	95	22
113	131	96	22
113	133	40	22
113	135	88	22
113	138	92	22
113	139	25	22
113	143	99	22
113	144	96	22
113	146	94	22
113	149	100	22
114	110	100	22
114	112	99	22
114	115	96	22
114	117	94	22
114	119	95	22
114	120	98	22
114	128	100	22
114	129	96	22
114	130	15	22
114	131	50	22
114	135	88	22
114	136	100	22
114	137	97	22
114	142	8	22
115	102	10	22
115	110	86	22
115	112	97	22
115	113	86	22
115	114	97	22
115	117	91	22
115	119	97	22
115	125	87	22
115	130	68	22
115	131	98	22
115	135	91	22
115	137	100	22
115	138	85	22
115	139	94	22
115	146	86	22
115	149	99	22
116	100	75	22
116	101	90	22
116	102	94	22
116	103	97	22
116	106	85	22
116	107	100	22
116	108	97	22
116	109	96	22
116	111	96	22
116	117	98	22
116	118	92	22
116	121	96	22
116	122	81	22
116	124	94	22
116	125	98	22
116	126	88	22
116	130	93	22
116	133	96	22
116	138	87	22
116	144	94	22
116	146	100	22
116	148	97	22
117	102	83	22
117	108	76	22
117	109	67	22
117	110	98	22
117	111	97	22
117	112	99	22
117	113	93	22
117	114	96	22
117	115	100	22
117	116	91	22
117	118	70	22
117	119	77	22
117	125	93	22
117	126	93	22
117	130	88	22
117	131	98	22
117	133	79	22
117	135	10	22
117	137	54	22
117	138	100	22
117	144	91	22
117	146	100	22
117	148	92	22
117	149	99	22
118	100	4	22
118	101	87	22
118	102	90	22
118	103	88	22
118	106	7	22
118	107	82	22
118	108	95	22
118	109	98	22
118	111	87	22
118	116	100	22
118	117	87	22
118	121	88	22
118	122	91	22
118	123	81	22
118	124	99	22
118	125	98	22
118	133	95	22
118	138	87	22
118	139	0	22
118	144	30	22
118	146	21	22
119	110	97	22
119	112	97	22
119	113	86	22
119	114	87	22
119	115	95	22
119	117	100	22
119	120	96	22
119	128	96	22
119	129	100	22
119	130	89	22
119	131	86	22
119	135	97	22
119	136	37	22
119	137	93	22
119	144	53	22
119	146	57	22
119	149	100	22
120	110	96	22
120	114	57	22
120	119	100	22
120	128	100	22
120	129	93	22
120	135	99	22
120	136	94	22
120	142	100	22
121	100	74	22
121	101	100	22
121	102	99	22
121	103	99	22
121	104	100	22
121	106	30	22
121	107	85	22
121	108	100	22
121	109	90	22
121	111	99	22
121	113	75	22
121	116	87	22
121	118	94	22
121	122	100	22
121	123	93	22
121	124	100	22
121	125	86	22
121	126	93	22
121	130	100	22
121	133	97	22
121	138	88	22
121	148	100	22
122	100	96	22
122	101	92	22
122	102	100	22
122	103	86	22
122	105	91	22
122	106	40	22
122	107	99	22
122	108	100	22
122	109	86	22
122	111	21	22
122	113	83	22
122	116	93	22
122	118	84	22
122	121	88	22
122	123	69	22
122	124	98	22
122	125	100	22
122	127	94	22
122	130	94	22
122	133	89	22
122	143	87	22
122	144	95	22
122	148	2	22
123	101	48	22
123	102	4	22
123	103	94	22
123	104	96	22
123	106	99	22
123	111	98	22
123	118	38	22
123	121	92	22
123	122	18	22
123	124	78	22
123	126	93	22
123	133	50	22
124	101	84	22
124	102	85	22
124	103	91	22
124	104	61	22
124	106	90	22
124	107	78	22
124	108	80	22
124	111	90	22
124	116	70	22
124	118	84	22
124	121	89	22
124	122	91	22
124	123	77	22
124	126	92	22
124	133	94	22
125	102	98	22
125	103	92	22
125	104	84	22
125	105	7	22
125	106	90	22
125	108	79	22
125	109	82	22
125	111	97	22
125	112	96	22
125	113	99	22
125	114	15	22
125	115	98	22
125	116	95	22
125	117	96	22
125	118	91	22
125	121	47	22
125	122	78	22
125	126	100	22
125	130	100	22
125	131	40	22
125	133	87	22
125	138	100	22
125	139	82	22
125	141	79	22
125	144	98	22
125	146	0	22
125	148	96	22
125	149	95	22
126	102	56	22
126	103	93	22
126	106	100	22
126	109	1	22
126	111	89	22
126	112	41	22
126	113	93	22
126	116	92	22
126	117	93	22
126	121	97	22
126	123	100	22
126	124	82	22
126	125	94	22
126	130	94	22
126	133	88	22
126	138	86	22
126	148	46	22
127	100	87	22
127	101	100	22
127	102	98	22
127	103	90	22
127	105	93	22
127	107	86	22
127	108	85	22
127	109	100	22
127	118	4	22
127	122	95	22
127	130	73	22
127	133	89	22
127	139	88	22
127	143	93	22
127	144	96	22
127	146	98	22
128	110	99	22
128	114	98	22
128	119	99	22
128	120	87	22
128	129	99	22
128	135	93	22
128	142	95	22
129	114	98	22
129	119	85	22
129	120	99	22
129	128	97	22
129	136	93	22
129	140	87	22
129	141	4	22
129	142	98	22
129	143	62	22
129	147	83	22
129	149	3	22
130	102	96	22
130	109	100	22
130	110	98	22
130	111	99	22
130	113	94	22
130	114	11	22
130	115	17	22
130	116	93	22
130	117	91	22
130	119	91	22
130	122	72	22
130	125	100	22
130	126	95	22
130	131	98	22
130	138	96	22
130	139	84	22
130	141	7	22
130	144	96	22
130	146	91	22
130	148	96	22
130	149	99	22
131	103	81	22
131	110	92	22
131	112	92	22
131	113	88	22
131	114	84	22
131	115	98	22
131	117	97	22
131	119	98	22
131	126	23	22
131	130	97	22
131	139	99	22
131	140	96	22
131	141	100	22
131	143	99	22
131	144	99	22
131	146	95	22
131	147	100	22
131	148	11	22
131	149	97	22
132	110	13	22
132	114	97	22
132	119	93	22
132	120	96	22
132	128	89	22
132	129	99	22
132	135	100	22
132	136	95	22
132	137	31	22
133	101	11	22
133	102	86	22
133	103	99	22
133	105	11	22
133	106	90	22
133	108	98	22
133	109	100	22
133	111	93	22
133	112	84	22
133	116	96	22
133	117	89	22
133	118	100	22
133	121	95	22
133	122	91	22
133	123	68	22
133	124	100	22
133	125	89	22
133	126	95	22
133	127	79	22
133	138	22	22
133	139	29	22
133	144	13	22
133	146	97	22
135	110	98	22
135	112	94	22
135	113	85	22
135	114	83	22
135	115	91	22
135	119	85	22
135	120	100	22
135	128	94	22
135	136	98	22
135	137	100	22
136	114	94	22
136	119	43	22
136	120	89	22
136	128	48	22
136	129	93	22
136	135	94	22
136	142	53	22
137	110	100	22
137	112	96	22
137	113	0	22
137	114	99	22
137	115	96	22
137	117	42	22
137	119	89	22
137	135	97	22
138	102	94	22
138	103	98	22
138	104	100	22
138	106	100	22
138	109	87	22
138	111	97	22
138	112	100	22
138	113	89	22
138	115	100	22
138	116	100	22
138	117	93	22
138	118	100	22
138	121	97	22
138	125	93	22
138	126	92	22
138	130	94	22
138	144	95	22
138	146	37	22
138	148	83	22
139	102	0	22
139	105	3	22
139	109	12	22
139	110	89	22
139	112	92	22
139	113	94	22
139	115	94	22
139	125	84	22
139	127	22	22
139	130	93	22
139	131	98	22
139	140	95	22
139	141	100	22
139	142	44	22
139	143	98	22
139	144	99	22
139	146	96	22
139	147	95	22
139	148	90	22
139	149	92	22
140	129	0	22
140	131	100	22
140	139	99	22
140	141	98	22
140	142	96	22
140	143	98	22
140	147	99	22
141	102	3	22
141	105	0	22
141	125	79	22
141	128	3	22
141	129	16	22
141	130	72	22
141	131	87	22
141	139	95	22
141	140	100	22
141	142	98	22
141	143	100	22
141	144	94	22
141	146	90	22
141	147	97	22
141	148	72	22
142	114	49	22
142	120	100	22
142	128	93	22
142	129	100	22
142	131	10	22
142	136	17	22
142	139	20	22
142	140	89	22
142	141	97	22
142	143	91	22
142	147	100	22
143	105	5	22
143	109	89	22
143	113	88	22
143	122	69	22
143	127	100	22
143	129	14	22
143	131	92	22
143	139	96	22
143	140	88	22
143	141	95	22
143	142	96	22
143	144	93	22
143	147	100	22
143	148	100	22
144	101	91	22
144	105	92	22
144	108	97	22
144	109	88	22
144	111	38	22
144	112	93	22
144	113	100	22
144	116	93	22
144	117	96	22
144	118	15	22
144	119	93	22
144	122	100	22
144	125	96	22
144	126	32	22
144	127	100	22
144	130	89	22
144	131	95	22
144	133	88	22
144	138	96	22
144	139	94	22
144	141	96	22
144	143	94	22
144	146	96	22
144	148	95	22
146	102	90	22
146	103	16	22
146	105	17	22
146	110	92	22
146	111	12	22
146	112	97	22
146	113	99	22
146	114	2	22
146	115	98	22
146	116	92	22
146	117	100	22
146	118	6	22
146	119	78	22
146	125	6	22
146	126	51	22
146	127	84	22
146	130	100	22
146	131	96	22
146	133	27	22
146	138	91	22
146	139	100	22
146	141	89	22
146	144	96	22
146	148	95	22
146	149	97	22
147	129	39	22
147	131	92	22
147	139	95	22
147	140	100	22
147	141	87	22
147	142	98	22
147	143	99	22
148	102	100	22
148	103	87	22
148	105	89	22
148	108	92	22
148	109	95	22
148	111	19	22
148	112	91	22
148	113	80	22
148	115	20	22
148	116	99	22
148	117	90	22
148	121	91	22
148	122	30	22
148	125	92	22
148	126	98	22
148	130	99	22
148	131	3	22
148	138	100	22
148	139	93	22
148	141	29	22
148	143	97	22
148	144	96	22
148	146	93	22
148	149	69	22
149	109	11	22
149	110	93	22
149	112	98	22
149	113	99	22
149	115	98	22
149	117	90	22
149	119	96	22
149	125	93	22
149	129	73	22
149	130	100	22
149	131	90	22
149	135	88	22
149	139	84	22
149	143	19	22
149	146	98	22
149	148	82	22
100	101	94	21
100	105	100	21
100	106	32	21
100	108	95	21
100	116	85	21
100	118	100	21
100	121	85	21
100	122	88	21
100	127	95	21
100	133	78	21
100	144	65	21
101	100	93	21
101	102	97	21
101	105	97	21
101	106	83	21
101	107	99	21
101	108	97	21
101	109	100	21
101	116	43	21
101	118	81	21
101	121	81	21
101	122	99	21
101	127	95	21
101	133	15	21
102	101	94	21
102	103	100	21
102	105	96	21
102	107	100	21
102	108	94	21
102	109	89	21
102	111	93	21
102	113	92	21
102	116	96	21
102	117	38	21
102	118	99	21
102	121	93	21
102	122	87	21
102	125	97	21
102	126	36	21
102	127	97	21
102	130	48	21
102	133	93	21
102	138	87	21
102	144	89	21
102	146	96	21
103	102	48	21
103	106	63	21
103	107	52	21
103	109	96	21
103	111	96	21
103	116	97	21
103	118	98	21
103	121	100	21
103	122	95	21
103	123	91	21
103	124	91	21
103	126	100	21
103	131	25	21
103	133	93	21
103	138	100	21
103	144	19	21
104	106	60	21
104	111	98	21
104	116	63	21
104	121	81	21
104	123	100	21
104	125	85	21
104	126	88	21
104	138	99	21
105	100	88	21
105	101	95	21
105	102	97	21
105	107	88	21
105	108	98	21
105	109	98	21
105	113	93	21
105	116	46	21
105	118	50	21
105	122	100	21
105	125	10	21
105	127	96	21
105	133	91	21
105	139	90	21
105	143	94	21
105	144	100	21
105	146	96	21
105	148	96	21
106	101	53	21
106	103	56	21
106	104	63	21
106	107	10	21
106	108	94	21
106	111	86	21
106	116	51	21
106	118	93	21
106	121	100	21
106	123	100	21
106	124	93	21
106	126	100	21
106	133	21	21
106	138	53	21
107	100	2	21
107	101	97	21
107	102	93	21
107	103	91	21
107	105	55	21
107	108	93	21
107	109	70	21
107	116	99	21
107	118	91	21
107	121	87	21
107	122	42	21
107	124	83	21
107	127	7	21
107	133	46	21
107	144	40	21
108	100	92	21
108	101	98	21
108	102	96	21
108	103	59	21
108	105	98	21
108	106	96	21
108	107	98	21
108	109	100	21
108	116	94	21
108	118	97	21
108	121	94	21
108	122	97	21
108	124	0	21
108	127	86	21
108	133	96	21
108	138	100	21
108	144	92	21
108	146	96	21
109	101	89	21
109	102	95	21
109	103	99	21
109	105	94	21
109	107	77	21
109	108	97	21
109	111	0	21
109	112	97	21
109	113	92	21
109	116	95	21
109	117	0	21
109	118	86	21
109	122	94	21
109	125	97	21
109	126	82	21
109	127	100	21
109	130	80	21
109	133	99	21
109	138	90	21
109	139	96	21
109	141	18	21
109	143	96	21
109	144	100	21
109	146	2	21
109	148	99	21
110	112	100	21
110	113	14	21
110	114	97	21
110	115	95	21
110	117	95	21
110	119	96	21
110	125	40	21
110	128	69	21
110	130	98	21
110	131	94	21
110	135	98	21
110	137	91	21
110	139	47	21
110	146	92	21
110	149	95	21
111	102	2	21
111	103	98	21
111	104	94	21
111	106	97	21
111	113	15	21
111	116	86	21
111	117	82	21
111	118	35	21
111	121	95	21
111	123	91	21
111	124	50	21
111	125	79	21
111	126	96	21
111	133	89	21
111	138	100	21
111	144	4	21
112	109	90	21
112	110	93	21
112	113	89	21
112	114	91	21
112	115	91	21
112	116	88	21
112	117	94	21
112	119	100	21
112	126	100	21
112	130	96	21
112	131	97	21
112	133	84	21
112	135	97	21
112	138	95	21
112	139	100	21
112	144	99	21
112	146	100	21
112	148	0	21
112	149	90	21
113	102	65	21
113	105	95	21
113	109	89	21
113	110	88	21
113	111	66	21
113	112	59	21
113	116	43	21
113	117	89	21
113	119	100	21
113	125	98	21
113	126	97	21
113	127	30	21
113	130	96	21
113	131	99	21
113	135	77	21
113	138	100	21
113	139	96	21
113	144	94	21
113	146	98	21
113	148	61	21
113	149	96	21
114	110	100	21
114	112	97	21
114	115	99	21
114	117	97	21
114	119	88	21
114	128	100	21
114	129	97	21
114	131	28	21
114	135	88	21
114	136	100	21
114	137	87	21
115	110	98	21
115	112	95	21
115	114	100	21
115	117	88	21
115	119	93	21
115	125	99	21
115	131	99	21
115	135	97	21
115	137	95	21
115	138	98	21
115	139	92	21
115	146	67	21
115	149	97	21
116	100	2	21
116	101	81	21
116	102	97	21
116	103	99	21
116	105	1	21
116	106	43	21
116	107	83	21
116	108	97	21
116	109	100	21
116	111	94	21
116	117	64	21
116	118	95	21
116	121	92	21
116	122	99	21
116	125	97	21
116	126	56	21
116	133	98	21
116	138	100	21
116	144	93	21
116	146	94	21
116	148	100	21
117	110	100	21
117	111	93	21
117	112	90	21
117	113	100	21
117	114	93	21
117	115	100	21
117	116	95	21
117	118	91	21
117	119	51	21
117	125	100	21
117	126	95	21
117	130	94	21
117	131	92	21
117	133	8	21
117	135	14	21
117	138	98	21
117	144	86	21
117	146	89	21
117	149	100	21
118	100	90	21
118	101	3	21
118	102	86	21
118	103	95	21
118	105	14	21
118	106	90	21
118	107	92	21
118	108	86	21
118	109	100	21
118	111	90	21
118	116	97	21
118	117	100	21
118	121	100	21
118	122	100	21
118	123	100	21
118	124	89	21
118	125	13	21
118	126	50	21
118	127	94	21
118	131	27	21
118	133	93	21
118	138	93	21
118	144	75	21
118	146	27	21
119	110	100	21
119	112	86	21
119	113	97	21
119	114	100	21
119	115	100	21
119	117	78	21
119	120	97	21
119	128	98	21
119	129	26	21
119	131	98	21
119	135	95	21
119	136	86	21
119	149	90	21
120	110	86	21
120	114	97	21
120	119	91	21
120	128	93	21
120	129	95	21
120	136	100	21
121	101	97	21
121	102	92	21
121	103	95	21
121	104	100	21
121	106	96	21
121	107	88	21
121	108	90	21
121	111	96	21
121	116	100	21
121	118	88	21
121	122	98	21
121	123	100	21
121	124	91	21
121	125	3	21
121	126	94	21
121	133	89	21
121	138	93	21
122	100	94	21
122	101	100	21
122	102	91	21
122	103	100	21
122	105	92	21
122	106	3	21
122	107	84	21
122	108	99	21
122	109	100	21
122	116	93	21
122	118	96	21
122	121	100	21
122	123	92	21
122	127	95	21
122	131	1	21
122	133	48	21
122	143	82	21
122	144	100	21
122	146	81	21
123	101	0	21
123	103	84	21
123	104	94	21
123	106	100	21
123	111	92	21
123	118	92	21
123	121	98	21
123	122	55	21
123	124	97	21
123	126	93	21
123	138	54	21
124	101	68	21
124	103	92	21
124	106	97	21
124	111	100	21
124	118	98	21
124	121	100	21
124	123	98	21
124	126	92	21
124	133	96	21
125	102	83	21
125	103	29	21
125	104	91	21
125	105	40	21
125	109	94	21
125	110	92	21
125	111	100	21
125	113	100	21
125	115	98	21
125	116	89	21
125	117	100	21
125	118	65	21
125	121	68	21
125	126	85	21
125	130	100	21
125	133	92	21
125	138	98	21
125	139	64	21
125	144	98	21
125	146	67	21
125	148	91	21
126	103	84	21
126	104	93	21
126	106	98	21
126	109	45	21
126	111	100	21
126	112	95	21
126	113	93	21
126	116	100	21
126	117	94	21
126	118	2	21
126	121	99	21
126	123	100	21
126	124	88	21
126	125	99	21
126	138	95	21
126	146	76	21
127	100	90	21
127	101	98	21
127	102	97	21
127	105	100	21
127	107	26	21
127	108	97	21
127	109	91	21
127	113	8	21
127	116	0	21
127	118	24	21
127	122	100	21
127	139	73	21
127	143	85	21
127	144	100	21
128	110	86	21
128	114	84	21
128	119	98	21
128	120	90	21
128	129	95	21
128	131	9	21
128	135	11	21
128	149	100	21
129	110	7	21
129	114	100	21
129	120	93	21
129	128	98	21
129	131	65	21
129	136	96	21
129	140	98	21
129	142	91	21
129	143	15	21
130	102	81	21
130	105	18	21
130	109	87	21
130	110	90	21
130	111	93	21
130	112	99	21
130	113	98	21
130	114	99	21
130	115	97	21
130	116	90	21
130	117	92	21
130	122	0	21
130	125	100	21
130	126	89	21
130	131	96	21
130	133	97	21
130	135	21	21
130	138	100	21
130	139	100	21
130	144	86	21
130	146	93	21
130	148	89	21
130	149	100	21
131	103	52	21
131	110	93	21
131	112	90	21
131	113	98	21
131	114	35	21
131	115	99	21
131	117	99	21
131	119	96	21
131	129	4	21
131	130	91	21
131	135	48	21
131	139	100	21
131	140	94	21
131	141	91	21
131	142	99	21
131	144	100	21
131	147	96	21
131	149	92	21
132	114	98	21
132	119	96	21
132	120	92	21
132	128	98	21
132	129	82	21
132	135	100	21
132	136	100	21
132	142	84	21
133	101	86	21
133	102	85	21
133	103	100	21
133	105	81	21
133	106	58	21
133	107	24	21
133	108	86	21
133	109	97	21
133	111	93	21
133	112	80	21
133	116	100	21
133	118	100	21
133	121	96	21
133	122	73	21
133	124	98	21
133	125	87	21
133	130	99	21
133	131	1	21
133	138	99	21
133	144	100	21
133	146	66	21
135	110	100	21
135	112	87	21
135	114	97	21
135	115	98	21
135	119	93	21
135	131	51	21
135	136	94	21
135	137	100	21
136	114	100	21
136	119	89	21
136	120	92	21
136	129	97	21
136	135	93	21
137	110	97	21
137	112	30	21
137	114	100	21
137	115	96	21
137	117	87	21
137	135	96	21
138	102	88	21
138	103	82	21
138	104	100	21
138	106	7	21
138	109	83	21
138	111	87	21
138	112	52	21
138	113	92	21
138	116	95	21
138	117	98	21
138	121	99	21
138	123	73	21
138	125	100	21
138	126	100	21
138	130	99	21
138	133	85	21
138	144	87	21
138	148	41	21
139	105	91	21
139	109	96	21
139	110	93	21
139	112	100	21
139	113	3	21
139	115	0	21
139	125	12	21
139	127	22	21
139	130	66	21
139	131	98	21
139	140	93	21
139	141	97	21
139	143	100	21
139	144	100	21
139	146	99	21
139	147	15	21
139	148	100	21
140	129	60	21
140	131	99	21
140	139	100	21
140	141	96	21
140	142	100	21
140	143	99	21
140	147	40	21
141	105	5	21
141	109	84	21
141	129	96	21
141	131	88	21
141	139	94	21
141	140	100	21
141	142	100	21
141	143	100	21
141	144	98	21
141	146	93	21
141	147	95	21
142	114	32	21
142	129	94	21
142	131	97	21
142	139	0	21
142	140	94	21
142	141	69	21
142	143	96	21
142	147	98	21
143	105	87	21
143	109	95	21
143	122	12	21
143	127	53	21
143	129	3	21
143	131	19	21
143	139	96	21
143	140	93	21
143	141	100	21
143	142	97	21
143	144	94	21
143	146	98	21
143	147	100	21
143	148	0	21
144	102	5	21
144	103	81	21
144	105	89	21
144	107	11	21
144	108	0	21
144	109	99	21
144	112	89	21
144	113	90	21
144	116	100	21
144	117	95	21
144	118	20	21
144	122	87	21
144	125	97	21
144	127	92	21
144	130	100	21
144	131	98	21
144	133	69	21
144	138	95	21
144	139	92	21
144	141	94	21
144	143	95	21
144	146	94	21
144	148	95	21
146	102	77	21
146	105	91	21
146	108	91	21
146	109	0	21
146	110	99	21
146	112	88	21
146	113	97	21
146	116	81	21
146	117	96	21
146	118	10	21
146	122	22	21
146	125	27	21
146	126	100	21
146	127	3	21
146	130	90	21
146	131	39	21
146	133	26	21
146	139	90	21
146	141	95	21
146	143	97	21
146	144	93	21
146	148	99	21
146	149	93	21
147	131	94	21
147	139	90	21
147	140	24	21
147	141	93	21
147	142	100	21
147	143	98	21
148	102	0	21
148	103	98	21
148	105	96	21
148	109	91	21
148	110	11	21
148	112	86	21
148	113	27	21
148	116	83	21
148	117	94	21
148	121	76	21
148	123	74	21
148	125	95	21
148	126	87	21
148	130	92	21
148	138	94	21
148	139	94	21
148	143	88	21
148	144	96	21
148	146	99	21
148	149	90	21
149	110	96	21
149	112	88	21
149	113	100	21
149	114	89	21
149	115	94	21
149	117	98	21
149	119	95	21
149	128	97	21
149	129	14	21
149	130	96	21
149	131	92	21
149	135	100	21
149	138	9	21
149	140	5	21
149	146	100	21
149	148	82	21
100	101	100	20
100	102	97	20
100	106	57	20
100	107	96	20
100	108	92	20
100	109	6	20
100	116	100	20
100	118	94	20
100	121	0	20
100	122	100	20
100	124	10	20
100	127	100	20
100	133	89	20
100	144	96	20
101	100	93	20
101	102	96	20
101	105	60	20
101	106	95	20
101	107	97	20
101	108	100	20
101	109	99	20
101	116	96	20
101	118	99	20
101	121	88	20
101	122	93	20
101	123	94	20
101	127	95	20
101	144	25	20
101	146	41	20
102	100	100	20
102	101	94	20
102	103	93	20
102	105	95	20
102	107	99	20
102	108	94	20
102	109	99	20
102	111	100	20
102	113	99	20
102	116	98	20
102	118	93	20
102	121	98	20
102	122	96	20
102	124	95	20
102	125	96	20
102	126	98	20
102	127	94	20
102	130	100	20
102	133	92	20
102	138	92	20
102	139	88	20
102	146	18	20
102	148	94	20
103	101	7	20
103	102	100	20
103	104	97	20
103	106	94	20
103	108	98	20
103	109	95	20
103	111	100	20
103	113	98	20
103	116	90	20
103	117	55	20
103	118	90	20
103	121	96	20
103	122	88	20
103	123	96	20
103	124	97	20
103	130	88	20
103	131	100	20
103	133	100	20
103	138	99	20
103	148	95	20
104	103	96	20
104	106	97	20
104	108	10	20
104	111	100	20
104	112	77	20
104	113	55	20
104	116	92	20
104	121	96	20
104	123	100	20
104	124	100	20
104	125	96	20
104	126	94	20
104	138	28	20
105	100	29	20
105	101	86	20
105	102	95	20
105	107	97	20
105	108	100	20
105	109	96	20
105	113	92	20
105	118	95	20
105	122	97	20
105	125	97	20
105	127	100	20
105	130	99	20
105	131	65	20
105	133	0	20
105	139	81	20
105	141	100	20
105	143	100	20
105	144	100	20
105	146	98	20
105	148	98	20
106	100	100	20
106	101	97	20
106	102	0	20
106	103	88	20
106	104	92	20
106	108	94	20
106	111	95	20
106	116	96	20
106	118	88	20
106	121	100	20
106	123	100	20
106	124	93	20
106	125	85	20
106	126	100	20
106	130	85	20
106	133	94	20
107	100	100	20
107	101	91	20
107	102	100	20
107	105	93	20
107	106	6	20
107	108	96	20
107	109	90	20
107	111	52	20
107	116	79	20
107	118	98	20
107	121	96	20
107	122	99	20
107	123	90	20
107	124	100	20
107	125	5	20
107	127	1	20
107	130	1	20
107	133	95	20
107	148	23	20
108	100	82	20
108	101	94	20
108	102	97	20
108	103	100	20
108	104	13	20
108	105	39	20
108	106	98	20
108	107	91	20
108	109	100	20
108	112	39	20
108	116	93	20
108	117	7	20
108	118	97	20
108	121	92	20
108	122	98	20
108	123	65	20
108	124	93	20
108	125	93	20
108	126	94	20
108	127	98	20
108	130	96	20
108	133	100	20
108	138	97	20
108	139	88	20
108	144	100	20
108	146	91	20
108	148	84	20
109	100	73	20
109	101	98	20
109	102	100	20
109	103	87	20
109	105	89	20
109	107	96	20
109	108	100	20
109	111	75	20
109	112	90	20
109	113	15	20
109	115	92	20
109	116	99	20
109	117	100	20
109	118	100	20
109	122	98	20
109	125	100	20
109	127	96	20
109	131	68	20
109	133	100	20
109	138	98	20
109	139	95	20
109	141	99	20
109	143	98	20
109	144	94	20
109	146	81	20
109	148	99	20
110	112	99	20
110	113	92	20
110	114	100	20
110	115	96	20
110	117	93	20
110	119	98	20
110	120	99	20
110	125	99	20
110	128	97	20
110	130	93	20
110	131	84	20
110	135	93	20
110	137	99	20
110	138	100	20
110	146	97	20
110	149	100	20
111	102	100	20
111	103	97	20
111	104	96	20
111	106	96	20
111	107	89	20
111	109	6	20
111	113	92	20
111	116	99	20
111	117	3	20
111	118	39	20
111	121	91	20
111	123	94	20
111	124	77	20
111	125	4	20
111	126	89	20
111	130	93	20
111	133	95	20
111	138	100	20
111	144	99	20
111	148	11	20
112	104	100	20
112	108	31	20
112	109	96	20
112	110	99	20
112	113	99	20
112	114	94	20
112	115	96	20
112	116	91	20
112	117	90	20
112	118	41	20
112	119	100	20
112	125	100	20
112	126	99	20
112	130	98	20
112	131	98	20
112	135	95	20
112	137	96	20
112	138	87	20
112	139	95	20
112	143	96	20
112	144	11	20
112	146	100	20
112	148	97	20
112	149	100	20
113	102	98	20
113	103	91	20
113	104	27	20
113	105	87	20
113	110	93	20
113	111	78	20
113	112	95	20
113	114	45	20
113	115	100	20
113	116	96	20
113	117	96	20
113	118	17	20
113	119	100	20
113	121	8	20
113	125	91	20
113	126	99	20
113	127	68	20
113	130	100	20
113	131	100	20
113	133	100	20
113	137	6	20
113	138	89	20
113	139	91	20
113	143	92	20
113	144	86	20
113	146	94	20
113	148	85	20
113	149	100	20
114	110	100	20
114	112	99	20
114	113	80	20
114	115	98	20
114	117	100	20
114	119	93	20
114	120	100	20
114	125	0	20
114	128	98	20
114	130	100	20
114	131	66	20
114	135	96	20
114	136	100	20
114	137	100	20
115	110	91	20
115	112	100	20
115	113	95	20
115	114	96	20
115	117	98	20
115	119	93	20
115	125	93	20
115	130	98	20
115	131	93	20
115	135	95	20
115	136	26	20
115	137	93	20
115	138	61	20
115	139	32	20
115	144	0	20
115	149	91	20
116	100	97	20
116	101	100	20
116	102	100	20
116	103	97	20
116	104	94	20
116	106	97	20
116	107	71	20
116	108	96	20
116	109	93	20
116	111	96	20
116	112	91	20
116	113	100	20
116	117	100	20
116	118	100	20
116	121	92	20
116	122	98	20
116	123	21	20
116	124	72	20
116	125	98	20
116	126	92	20
116	130	100	20
116	133	100	20
116	138	100	20
116	144	94	20
116	146	26	20
116	148	100	20
117	103	90	20
117	108	6	20
117	109	37	20
117	110	100	20
117	111	6	20
117	112	99	20
117	113	95	20
117	114	93	20
117	115	92	20
117	116	100	20
117	118	100	20
117	119	95	20
117	120	7	20
117	125	94	20
117	126	97	20
117	130	99	20
117	131	100	20
117	133	97	20
117	137	68	20
117	138	100	20
117	143	12	20
117	144	97	20
117	146	98	20
117	148	98	20
117	149	100	20
118	100	94	20
118	101	95	20
118	102	98	20
118	103	89	20
118	104	4	20
118	105	94	20
118	106	95	20
118	107	92	20
118	108	96	20
118	111	14	20
118	112	1	20
118	116	100	20
118	117	100	20
118	121	98	20
118	122	68	20
118	123	99	20
118	124	96	20
118	125	91	20
118	126	1	20
118	127	97	20
118	130	91	20
118	131	89	20
118	133	95	20
118	144	100	20
118	148	100	20
119	110	94	20
119	112	94	20
119	113	100	20
119	114	100	20
119	115	90	20
119	117	98	20
119	120	100	20
119	125	100	20
119	128	98	20
119	131	100	20
119	135	100	20
119	136	98	20
119	137	92	20
119	144	94	20
119	148	88	20
119	149	98	20
120	110	100	20
120	114	95	20
120	117	6	20
120	119	92	20
120	128	98	20
120	129	100	20
120	135	74	20
120	136	89	20
120	142	60	20
121	100	77	20
121	101	96	20
121	102	98	20
121	103	97	20
121	104	95	20
121	106	97	20
121	107	97	20
121	108	99	20
121	111	99	20
121	113	35	20
121	116	98	20
121	118	97	20
121	122	96	20
121	123	100	20
121	124	91	20
121	126	100	20
121	127	4	20
121	130	99	20
121	133	92	20
121	138	100	20
122	100	95	20
122	101	96	20
122	102	93	20
122	103	91	20
122	105	92	20
122	107	100	20
122	108	100	20
122	109	97	20
122	116	93	20
122	117	84	20
122	118	97	20
122	121	85	20
122	123	30	20
122	125	98	20
122	127	100	20
122	131	5	20
122	133	49	20
122	139	48	20
122	143	87	20
122	144	96	20
122	146	91	20
123	101	100	20
123	103	89	20
123	104	100	20
123	106	93	20
123	107	93	20
123	108	92	20
123	111	92	20
123	116	35	20
123	118	99	20
123	121	100	20
123	124	100	20
123	125	95	20
123	126	93	20
123	130	69	20
123	138	98	20
123	148	98	20
124	102	96	20
124	103	97	20
124	104	36	20
124	106	100	20
124	107	98	20
124	108	88	20
124	111	92	20
124	116	95	20
124	118	99	20
124	121	94	20
124	123	94	20
124	125	8	20
124	126	94	20
124	133	100	20
124	138	75	20
125	102	95	20
125	104	98	20
125	105	75	20
125	106	22	20
125	108	62	20
125	109	94	20
125	110	92	20
125	112	98	20
125	113	90	20
125	114	13	20
125	115	94	20
125	116	94	20
125	117	100	20
125	118	90	20
125	119	17	20
125	123	96	20
125	124	8	20
125	126	97	20
125	130	92	20
125	131	94	20
125	133	98	20
125	138	93	20
125	139	96	20
125	144	100	20
125	146	97	20
125	148	98	20
126	102	100	20
126	104	94	20
126	106	95	20
126	108	96	20
126	111	100	20
126	112	98	20
126	113	98	20
126	116	98	20
126	117	98	20
126	121	92	20
126	123	97	20
126	124	93	20
126	125	100	20
126	130	96	20
126	138	92	20
126	146	99	20
126	148	96	20
127	100	94	20
127	101	100	20
127	102	98	20
127	105	92	20
127	107	100	20
127	108	99	20
127	109	97	20
127	112	8	20
127	113	93	20
127	116	0	20
127	118	96	20
127	121	21	20
127	122	94	20
127	125	76	20
127	133	96	20
127	138	31	20
127	139	100	20
127	143	62	20
127	144	92	20
128	110	83	20
128	114	100	20
128	119	95	20
128	120	100	20
128	129	100	20
128	131	100	20
128	135	16	20
128	136	27	20
128	142	100	20
128	149	100	20
129	114	96	20
129	120	97	20
129	128	99	20
129	131	4	20
129	136	100	20
129	139	58	20
129	140	87	20
129	141	100	20
129	142	99	20
129	143	24	20
129	147	62	20
130	102	90	20
130	103	94	20
130	105	44	20
130	106	29	20
130	107	13	20
130	108	98	20
130	110	98	20
130	111	90	20
130	112	99	20
130	113	92	20
130	114	78	20
130	115	100	20
130	116	99	20
130	117	96	20
130	118	48	20
130	121	86	20
130	123	27	20
130	125	99	20
130	126	94	20
130	131	94	20
130	133	100	20
130	135	37	20
130	138	92	20
130	139	93	20
130	144	96	20
130	146	98	20
130	148	94	20
130	149	100	20
131	103	79	20
131	110	100	20
131	112	100	20
131	113	97	20
131	114	96	20
131	115	100	20
131	117	92	20
131	118	75	20
131	119	96	20
131	125	85	20
131	128	98	20
131	130	98	20
131	133	56	20
131	135	100	20
131	138	16	20
131	139	88	20
131	140	100	20
131	141	100	20
131	143	11	20
131	144	11	20
131	146	2	20
131	147	94	20
131	149	97	20
132	114	98	20
132	115	95	20
132	119	92	20
132	120	100	20
132	128	100	20
132	129	99	20
132	135	88	20
132	136	97	20
132	137	97	20
132	142	14	20
132	149	95	20
133	100	95	20
133	101	41	20
133	102	100	20
133	103	99	20
133	104	10	20
133	106	93	20
133	107	82	20
133	108	91	20
133	109	89	20
133	111	96	20
133	113	91	20
133	116	95	20
133	117	97	20
133	118	100	20
133	121	100	20
133	124	95	20
133	125	100	20
133	127	99	20
133	130	100	20
133	131	93	20
133	138	99	20
133	144	96	20
133	146	91	20
133	148	100	20
135	110	98	20
135	112	100	20
135	114	93	20
135	115	96	20
135	119	98	20
135	120	14	20
135	130	78	20
135	131	93	20
135	136	100	20
135	137	96	20
135	149	5	20
136	114	96	20
136	115	10	20
136	119	100	20
136	120	88	20
136	128	14	20
136	129	97	20
136	135	99	20
136	137	90	20
137	110	98	20
137	112	100	20
137	113	78	20
137	114	98	20
137	115	99	20
137	117	40	20
137	119	100	20
137	135	92	20
137	136	96	20
138	102	93	20
138	103	99	20
138	105	4	20
138	106	15	20
138	108	99	20
138	109	91	20
138	110	91	20
138	111	97	20
138	112	100	20
138	113	96	20
138	115	21	20
138	116	94	20
138	117	96	20
138	121	100	20
138	123	100	20
138	124	57	20
138	125	90	20
138	126	98	20
138	130	100	20
138	131	1	20
138	133	91	20
138	144	92	20
138	146	5	20
138	148	92	20
138	149	92	20
139	102	58	20
139	105	10	20
139	108	100	20
139	109	96	20
139	112	100	20
139	113	98	20
139	114	2	20
139	115	92	20
139	116	59	20
139	125	100	20
139	127	96	20
139	129	43	20
139	130	96	20
139	131	90	20
139	140	100	20
139	141	96	20
139	142	96	20
139	143	100	20
139	144	89	20
139	146	96	20
139	147	99	20
139	148	98	20
139	149	100	20
140	129	89	20
140	131	86	20
140	139	100	20
140	141	85	20
140	142	95	20
140	143	100	20
140	147	89	20
140	149	95	20
141	105	80	20
141	109	100	20
141	113	14	20
141	119	5	20
141	129	92	20
141	131	100	20
141	139	95	20
141	140	98	20
141	142	88	20
141	143	90	20
141	144	93	20
141	146	93	20
141	147	98	20
141	148	85	20
141	149	94	20
142	114	2	20
142	120	70	20
142	128	100	20
142	129	98	20
142	139	94	20
142	140	97	20
142	141	98	20
142	143	100	20
142	146	28	20
142	147	95	20
143	105	100	20
143	109	90	20
143	112	87	20
143	113	100	20
143	117	3	20
143	122	99	20
143	129	98	20
143	130	19	20
143	131	53	20
143	139	100	20
143	140	95	20
143	141	91	20
143	142	97	20
143	144	90	20
143	146	100	20
143	147	99	20
143	148	96	20
144	100	92	20
144	101	39	20
144	102	27	20
144	105	93	20
144	108	93	20
144	109	95	20
144	111	82	20
144	113	100	20
144	116	100	20
144	117	96	20
144	118	100	20
144	119	3	20
144	122	100	20
144	125	100	20
144	126	3	20
144	127	95	20
144	130	94	20
144	133	94	20
144	138	100	20
144	139	93	20
144	141	96	20
144	143	91	20
144	146	90	20
144	148	100	20
144	149	51	20
146	101	63	20
146	102	90	20
146	105	96	20
146	108	96	20
146	109	56	20
146	110	94	20
146	112	92	20
146	113	100	20
146	116	30	20
146	117	92	20
146	122	47	20
146	125	93	20
146	126	97	20
146	130	91	20
146	138	55	20
146	139	94	20
146	141	94	20
146	142	26	20
146	143	85	20
146	144	100	20
146	148	96	20
146	149	96	20
147	131	96	20
147	139	88	20
147	140	89	20
147	141	94	20
147	142	96	20
147	143	93	20
148	102	97	20
148	103	100	20
148	105	97	20
148	107	3	20
148	108	78	20
148	109	95	20
148	112	52	20
148	113	93	20
148	116	100	20
148	117	98	20
148	118	99	20
148	119	86	20
148	123	93	20
148	125	96	20
148	126	100	20
148	130	100	20
148	133	92	20
148	138	96	20
148	139	100	20
148	140	10	20
148	141	39	20
148	143	92	20
148	144	86	20
148	146	96	20
148	149	98	20
149	110	98	20
149	112	100	20
149	113	91	20
149	115	90	20
149	117	97	20
149	119	100	20
149	128	100	20
149	130	95	20
149	131	100	20
149	135	73	20
149	138	99	20
149	139	100	20
149	140	100	20
149	141	97	20
149	144	57	20
149	146	98	20
149	148	97	20
100	101	97	15
100	102	5	15
100	105	55	15
100	107	84	15
100	109	72	15
100	118	74	15
100	121	82	15
100	122	100	15
100	124	13	15
100	127	94	15
100	133	1	15
101	100	100	15
101	102	86	15
101	103	90	15
101	105	95	15
101	106	75	15
101	107	93	15
101	108	86	15
101	109	91	15
101	116	86	15
101	118	76	15
101	121	45	15
101	122	99	15
101	123	86	15
101	124	46	15
101	127	97	15
101	133	12	15
101	144	72	15
102	100	0	15
102	101	79	15
102	103	85	15
102	105	84	15
102	107	89	15
102	108	99	15
102	109	71	15
102	112	86	15
102	113	97	15
102	116	84	15
102	117	94	15
102	118	95	15
102	122	86	15
102	125	79	15
102	127	82	15
102	130	93	15
102	131	3	15
102	133	94	15
102	138	92	15
102	139	87	15
102	144	93	15
102	146	93	15
102	148	21	15
103	100	5	15
103	101	71	15
103	102	5	15
103	104	78	15
103	106	81	15
103	108	86	15
103	109	90	15
103	111	94	15
103	113	32	15
103	116	89	15
103	118	80	15
103	121	80	15
103	123	77	15
103	124	91	15
103	125	97	15
103	126	93	15
103	127	70	15
103	130	86	15
103	131	95	15
103	133	92	15
103	138	93	15
103	144	84	15
103	148	91	15
104	103	82	15
104	106	78	15
104	111	95	15
104	116	61	15
104	118	79	15
104	121	90	15
104	123	93	15
104	125	95	15
104	126	86	15
104	138	97	15
105	100	69	15
105	101	96	15
105	102	91	15
105	107	22	15
105	108	74	15
105	109	91	15
105	113	94	15
105	116	76	15
105	118	69	15
105	121	4	15
105	122	94	15
105	126	28	15
105	127	97	15
105	133	77	15
105	138	14	15
105	139	11	15
105	141	2	15
105	143	76	15
105	144	92	15
105	146	90	15
105	148	67	15
106	101	84	15
106	103	88	15
106	104	99	15
106	107	11	15
106	108	95	15
106	111	100	15
106	116	73	15
106	117	21	15
106	118	95	15
106	121	91	15
106	123	100	15
106	124	96	15
106	126	79	15
106	133	32	15
106	138	95	15
107	100	93	15
107	101	100	15
107	102	97	15
107	105	0	15
107	108	81	15
107	109	95	15
107	111	14	15
107	116	9	15
107	118	84	15
107	121	93	15
107	122	96	15
107	124	77	15
107	127	99	15
107	133	98	15
107	144	96	15
108	100	0	15
108	101	100	15
108	102	84	15
108	103	97	15
108	105	97	15
108	106	93	15
108	107	92	15
108	109	91	15
108	111	83	15
108	112	57	15
108	113	50	15
108	116	95	15
108	117	16	15
108	118	99	15
108	121	78	15
108	122	98	15
108	124	5	15
108	125	72	15
108	126	56	15
108	127	79	15
108	130	52	15
108	133	74	15
108	138	39	15
108	139	12	15
108	144	100	15
108	146	96	15
108	148	100	15
109	100	88	15
109	101	81	15
109	102	97	15
109	103	70	15
109	105	96	15
109	107	87	15
109	108	87	15
109	113	92	15
109	116	96	15
109	117	64	15
109	118	9	15
109	122	94	15
109	125	78	15
109	127	95	15
109	130	80	15
109	133	76	15
109	138	75	15
109	139	86	15
109	143	100	15
109	144	93	15
109	146	99	15
109	147	6	15
109	148	11	15
110	112	92	15
110	113	96	15
110	114	93	15
110	115	93	15
110	117	90	15
110	119	92	15
110	125	100	15
110	128	91	15
110	130	83	15
110	131	86	15
110	135	96	15
110	137	95	15
110	146	41	15
110	149	99	15
111	103	85	15
111	104	97	15
111	106	99	15
111	107	65	15
111	108	58	15
111	113	76	15
111	116	91	15
111	118	77	15
111	121	92	15
111	123	93	15
111	124	93	15
111	125	89	15
111	126	93	15
111	130	56	15
111	138	98	15
111	144	35	15
111	148	91	15
112	102	76	15
112	108	70	15
112	109	17	15
112	110	94	15
112	113	97	15
112	114	15	15
112	115	100	15
112	116	85	15
112	117	100	15
112	125	81	15
112	126	62	15
112	130	88	15
112	131	98	15
112	133	49	15
112	135	100	15
112	138	87	15
112	139	23	15
112	143	82	15
112	144	100	15
112	146	4	15
112	148	96	15
113	102	79	15
113	105	87	15
113	108	51	15
113	109	94	15
113	110	90	15
113	111	41	15
113	112	97	15
113	116	63	15
113	117	94	15
113	118	65	15
113	121	27	15
113	125	100	15
113	126	78	15
113	127	68	15
113	130	100	15
113	131	89	15
113	133	7	15
113	138	78	15
113	139	82	15
113	143	71	15
113	144	55	15
113	146	100	15
113	148	97	15
113	149	76	15
114	110	99	15
114	113	15	15
114	115	97	15
114	117	95	15
114	119	97	15
114	120	99	15
114	128	99	15
114	130	100	15
114	131	99	15
114	135	96	15
114	136	96	15
114	137	99	15
114	139	9	15
114	148	0	15
114	149	98	15
115	110	88	15
115	112	93	15
115	114	98	15
115	117	96	15
115	119	98	15
115	125	92	15
115	130	93	15
115	131	90	15
115	135	97	15
115	144	80	15
115	146	92	15
115	149	92	15
116	101	78	15
116	102	86	15
116	103	97	15
116	104	63	15
116	105	88	15
116	106	50	15
116	107	74	15
116	108	80	15
116	109	87	15
116	111	44	15
116	112	100	15
116	113	93	15
116	117	92	15
116	118	69	15
116	121	60	15
116	122	96	15
116	123	81	15
116	124	89	15
116	125	100	15
116	126	100	15
116	127	57	15
116	130	98	15
116	131	89	15
116	133	100	15
116	138	95	15
116	139	85	15
116	144	86	15
116	146	95	15
116	148	100	15
117	102	90	15
117	108	39	15
117	109	86	15
117	110	84	15
117	112	97	15
117	113	100	15
117	114	90	15
117	115	96	15
117	116	84	15
117	119	100	15
117	121	63	15
117	122	18	15
117	125	100	15
117	126	4	15
117	128	11	15
117	130	94	15
117	131	99	15
117	133	80	15
117	138	100	15
117	139	23	15
117	144	51	15
117	146	100	15
117	148	86	15
117	149	100	15
118	100	85	15
118	101	81	15
118	102	77	15
118	103	81	15
118	104	69	15
118	106	77	15
118	107	100	15
118	108	90	15
118	109	4	15
118	111	60	15
118	113	77	15
118	116	89	15
118	121	93	15
118	122	95	15
118	123	22	15
118	124	75	15
118	125	96	15
118	126	69	15
118	127	89	15
118	131	15	15
118	133	99	15
118	146	22	15
118	148	86	15
119	110	95	15
119	114	97	15
119	115	99	15
119	117	99	15
119	120	54	15
119	125	100	15
119	128	100	15
119	129	58	15
119	130	81	15
119	135	100	15
119	136	100	15
119	137	96	15
119	139	28	15
119	144	0	15
119	148	0	15
119	149	100	15
120	114	40	15
120	119	86	15
120	128	1	15
120	129	52	15
120	135	7	15
120	136	95	15
120	142	11	15
121	100	86	15
121	101	21	15
121	103	96	15
121	104	95	15
121	106	92	15
121	107	97	15
121	108	100	15
121	111	82	15
121	113	10	15
121	116	73	15
121	117	37	15
121	118	84	15
121	122	86	15
121	123	95	15
121	124	89	15
121	125	53	15
121	126	100	15
121	133	78	15
121	138	90	15
122	100	95	15
122	101	99	15
122	102	85	15
122	105	89	15
122	107	94	15
122	108	100	15
122	109	100	15
122	113	1	15
122	116	90	15
122	117	44	15
122	118	86	15
122	121	81	15
122	127	91	15
122	130	12	15
122	133	80	15
122	138	24	15
122	139	7	15
122	143	94	15
122	144	96	15
122	148	16	15
123	101	80	15
123	103	87	15
123	104	96	15
123	106	89	15
123	107	8	15
123	111	97	15
123	116	92	15
123	118	34	15
123	121	83	15
123	124	90	15
123	125	6	15
123	126	93	15
123	138	93	15
123	148	75	15
124	100	3	15
124	101	84	15
124	103	73	15
124	106	99	15
124	107	70	15
124	111	95	15
124	116	4	15
124	118	89	15
124	121	97	15
124	123	99	15
124	126	42	15
124	133	64	15
125	102	76	15
125	103	96	15
125	104	89	15
125	108	77	15
125	109	55	15
125	110	95	15
125	111	86	15
125	112	40	15
125	113	91	15
125	115	95	15
125	116	84	15
125	117	100	15
125	118	84	15
125	119	95	15
125	123	11	15
125	126	92	15
125	127	30	15
125	130	99	15
125	131	93	15
125	133	90	15
125	138	100	15
125	144	91	15
125	146	98	15
125	148	95	15
125	149	55	15
126	103	98	15
126	104	96	15
126	106	89	15
126	111	100	15
126	112	18	15
126	113	88	15
126	116	86	15
126	118	36	15
126	121	85	15
126	123	92	15
126	125	100	15
126	130	85	15
126	138	96	15
126	144	94	15
126	146	91	15
127	100	99	15
127	101	100	15
127	102	99	15
127	103	84	15
127	105	98	15
127	107	97	15
127	109	97	15
127	113	93	15
127	116	5	15
127	118	77	15
127	122	98	15
127	125	85	15
127	133	93	15
127	143	60	15
127	144	100	15
127	148	99	15
128	110	97	15
128	113	1	15
128	114	96	15
128	117	2	15
128	119	94	15
128	129	96	15
128	131	89	15
128	135	98	15
128	136	81	15
128	141	1	15
128	142	99	15
128	149	95	15
129	119	88	15
129	120	9	15
129	128	98	15
129	131	21	15
129	136	86	15
129	140	20	15
129	141	79	15
129	142	87	15
129	143	0	15
129	147	9	15
129	149	94	15
130	102	81	15
130	103	87	15
130	105	24	15
130	108	36	15
130	109	96	15
130	110	95	15
130	111	66	15
130	112	97	15
130	113	95	15
130	114	98	15
130	115	95	15
130	116	90	15
130	117	97	15
130	119	97	15
130	125	90	15
130	126	88	15
130	131	93	15
130	133	85	15
130	138	98	15
130	139	100	15
130	141	11	15
130	146	100	15
130	148	100	15
130	149	94	15
131	103	82	15
131	110	89	15
131	112	94	15
131	113	89	15
131	114	92	15
131	115	100	15
131	116	73	15
131	117	97	15
131	125	89	15
131	128	91	15
131	129	26	15
131	130	98	15
131	139	82	15
131	140	81	15
131	141	100	15
131	142	85	15
131	143	89	15
131	147	93	15
131	149	100	15
132	110	80	15
132	114	92	15
132	115	11	15
132	119	99	15
132	120	99	15
132	128	89	15
132	135	100	15
132	136	99	15
132	142	12	15
132	149	70	15
133	100	89	15
133	101	79	15
133	102	97	15
133	103	93	15
133	105	91	15
133	106	1	15
133	107	70	15
133	108	95	15
133	109	98	15
133	111	14	15
133	112	0	15
133	113	28	15
133	116	95	15
133	117	97	15
133	118	95	15
133	121	100	15
133	122	95	15
133	123	25	15
133	124	76	15
133	125	86	15
133	127	88	15
133	130	94	15
133	138	7	15
133	139	70	15
133	144	98	15
133	146	21	15
133	148	87	15
135	110	98	15
135	112	93	15
135	114	97	15
135	115	99	15
135	119	91	15
135	128	90	15
135	136	98	15
135	137	96	15
136	114	98	15
136	119	99	15
136	120	100	15
136	128	100	15
136	129	100	15
136	135	100	15
136	142	24	15
137	110	96	15
137	112	41	15
137	114	92	15
137	115	35	15
137	117	82	15
137	119	98	15
137	120	34	15
137	135	92	15
137	136	88	15
137	149	57	15
138	102	72	15
138	103	86	15
138	104	77	15
138	105	0	15
138	106	89	15
138	109	13	15
138	111	89	15
138	112	88	15
138	113	97	15
138	116	87	15
138	117	100	15
138	121	88	15
138	123	78	15
138	125	97	15
138	126	93	15
138	130	87	15
138	133	23	15
138	139	19	15
138	144	69	15
138	146	6	15
138	148	86	15
138	149	100	15
139	102	85	15
139	109	81	15
139	112	88	15
139	113	95	15
139	114	0	15
139	116	93	15
139	117	57	15
139	119	18	15
139	122	4	15
139	130	87	15
139	131	93	15
139	133	46	15
139	138	73	15
139	140	73	15
139	141	100	15
139	142	81	15
139	143	97	15
139	144	96	15
139	146	98	15
139	147	65	15
139	148	100	15
139	149	91	15
140	129	7	15
140	131	92	15
140	139	88	15
140	141	90	15
140	142	99	15
140	143	83	15
140	147	65	15
140	149	0	15
141	109	25	15
141	112	92	15
141	128	64	15
141	129	83	15
141	130	72	15
141	131	100	15
141	139	100	15
141	140	100	15
141	142	97	15
141	143	79	15
141	144	100	15
141	146	100	15
141	147	88	15
141	148	96	15
141	149	62	15
142	128	100	15
142	129	46	15
142	131	92	15
142	136	20	15
142	139	100	15
142	140	97	15
142	141	96	15
142	143	84	15
142	147	95	15
143	105	87	15
143	109	98	15
143	112	94	15
143	113	79	15
143	122	83	15
143	125	16	15
143	127	50	15
143	129	4	15
143	131	98	15
143	139	100	15
143	140	98	15
143	141	24	15
143	142	99	15
143	144	95	15
143	146	68	15
143	147	96	15
143	149	95	15
144	101	79	15
144	102	90	15
144	103	66	15
144	105	100	15
144	107	83	15
144	108	81	15
144	109	92	15
144	110	0	15
144	112	84	15
144	113	88	15
144	115	74	15
144	116	68	15
144	117	5	15
144	118	8	15
144	122	92	15
144	125	100	15
144	126	94	15
144	127	89	15
144	131	53	15
144	133	55	15
144	138	83	15
144	139	86	15
144	141	85	15
144	143	89	15
144	146	100	15
144	148	98	15
144	149	92	15
146	101	7	15
146	102	88	15
146	103	0	15
146	105	67	15
146	107	41	15
146	108	100	15
146	109	97	15
146	110	97	15
146	111	45	15
146	113	98	15
146	115	89	15
146	116	72	15
146	117	90	15
146	118	75	15
146	121	15	15
146	125	87	15
146	126	95	15
146	130	94	15
146	131	100	15
146	133	65	15
146	138	92	15
146	139	96	15
146	141	86	15
146	142	2	15
146	143	91	15
146	144	98	15
146	147	6	15
146	148	95	15
146	149	91	15
147	128	35	15
147	129	19	15
147	131	63	15
147	139	86	15
147	140	70	15
147	141	66	15
147	142	99	15
147	143	95	15
148	103	91	15
148	105	34	15
148	108	95	15
148	109	25	15
148	111	87	15
148	112	97	15
148	113	90	15
148	114	28	15
148	115	9	15
148	116	88	15
148	117	93	15
148	118	93	15
148	119	16	15
148	123	86	15
148	125	89	15
148	127	87	15
148	130	93	15
148	131	0	15
148	133	100	15
148	138	96	15
148	139	95	15
148	141	86	15
148	143	4	15
148	144	92	15
148	146	98	15
148	149	100	15
149	110	100	15
149	113	85	15
149	114	100	15
149	115	93	15
149	117	93	15
149	119	93	15
149	125	56	15
149	128	97	15
149	129	19	15
149	130	95	15
149	131	100	15
149	138	83	15
149	139	85	15
149	144	82	15
149	146	91	15
149	147	8	15
149	148	91	15
