100	101	98	26
100	102	99	26
100	105	96	26
100	106	45	26
100	107	92	26
100	108	94	26
100	109	98	26
100	118	97	26
100	122	98	26
100	127	90	26
100	133	63	26
101	100	98	26
101	102	98	26
101	105	99	26
101	106	96	26
101	107	88	26
101	108	93	26
101	109	100	26
101	116	96	26
101	121	94	26
101	122	95	26
101	127	93	26
101	133	94	26
101	148	11	26
102	100	92	26
102	101	96	26
102	103	99	26
102	105	100	26
102	107	90	26
102	108	98	26
102	109	100	26
102	112	93	26
102	113	100	26
102	115	1	26
102	116	100	26
102	118	97	26
102	122	97	26
102	125	19	26
102	126	86	26
102	127	96	26
102	133	100	26
102	138	98	26
102	139	100	26
102	144	96	26
102	146	61	26
102	148	100	26
103	102	99	26
103	104	97	26
103	106	99	26
103	107	87	26
103	108	91	26
103	111	100	26
103	113	100	26
103	116	96	26
103	117	10	26
103	118	91	26
103	121	97	26
103	123	94	26
103	124	95	26
103	125	100	26
103	126	97	26
103	130	100	26
103	131	94	26
103	133	92	26
103	138	95	26
103	146	52	26
103	148	97	26
104	103	99	26
104	106	89	26
104	108	16	26
104	111	94	26
104	112	72	26
104	118	84	26
104	121	95	26
104	123	100	26
104	124	90	26
104	126	97	26
104	138	99	26
105	100	96	26
105	101	100	26
105	102	98	26
105	108	95	26
105	109	100	26
105	113	92	26
105	116	24	26
105	118	91	26
105	122	100	26
105	127	99	26
105	130	97	26
105	133	77	26
105	138	10	26
105	139	95	26
105	141	100	26
105	143	97	26
105	144	100	26
105	146	100	26
106	100	4	26
106	101	10	26
106	103	97	26
106	104	100	26
106	108	58	26
106	109	4	26
106	111	100	26
106	116	8	26
106	118	100	26
106	121	100	26
106	122	11	26
106	123	100	26
106	124	100	26
106	125	76	26
106	126	100	26
106	133	96	26
106	138	100	26
107	100	100	26
107	101	100	26
107	102	93	26
107	103	99	26
107	108	99	26
107	109	81	26
107	116	87	26
107	118	95	26
107	121	91	26
107	122	97	26
107	124	93	26
107	125	0	26
107	127	88	26
107	144	95	26
108	100	100	26
108	101	100	26
108	102	99	26
108	103	99	26
108	104	63	26
108	105	96	26
108	106	90	26
108	107	98	26
108	109	98	26
108	111	19	26
108	113	12	26
108	116	100	26
108	117	63	26
108	118	94	26
108	121	93	26
108	122	95	26
108	123	98	26
108	125	90	26
108	127	100	26
108	130	9	26
108	133	100	26
108	138	95	26
108	139	96	26
108	144	100	26
108	148	100	26
109	100	94	26
109	101	90	26
109	102	95	26
109	105	100	26
109	106	62	26
109	107	96	26
109	108	100	26
109	112	93	26
109	116	97	26
109	117	100	26
109	122	97	26
109	125	100	26
109	126	96	26
109	127	98	26
109	130	95	26
109	131	43	26
109	133	90	26
109	138	96	26
109	139	37	26
109	143	74	26
109	144	100	26
109	147	0	26
109	148	94	26
110	112	100	26
110	113	100	26
110	114	97	26
110	115	100	26
110	119	94	26
110	125	98	26
110	128	100	26
110	130	100	26
110	131	97	26
110	135	98	26
110	136	7	26
110	137	98	26
110	139	13	26
110	146	99	26
110	149	100	26
111	103	98	26
111	104	100	26
111	106	97	26
111	113	98	26
111	116	94	26
111	117	92	26
111	118	95	26
111	121	96	26
111	123	93	26
111	124	94	26
111	125	57	26
111	126	99	26
111	133	96	26
111	138	97	26
111	148	90	26
112	102	93	26
112	104	45	26
112	109	89	26
112	110	100	26
112	113	100	26
112	115	80	26
112	116	100	26
112	117	97	26
112	119	100	26
112	125	100	26
112	128	96	26
112	130	100	26
112	131	98	26
112	133	89	26
112	138	100	26
112	139	13	26
112	144	8	26
112	146	59	26
112	148	97	26
112	149	97	26
113	102	97	26
113	103	96	26
113	105	11	26
113	110	100	26
113	111	87	26
113	112	97	26
113	115	99	26
113	116	100	26
113	117	96	26
113	118	100	26
113	119	98	26
113	121	99	26
113	122	100	26
113	125	92	26
113	130	98	26
113	131	97	26
113	133	87	26
113	138	100	26
113	139	96	26
113	143	20	26
113	144	100	26
113	146	100	26
113	148	100	26
113	149	100	26
114	110	100	26
114	115	21	26
114	117	38	26
114	119	100	26
114	120	96	26
114	125	55	26
114	128	98	26
114	129	34	26
114	130	34	26
114	135	99	26
114	136	97	26
114	137	97	26
114	146	25	26
115	110	98	26
115	112	32	26
115	113	98	26
115	114	6	26
115	117	100	26
115	119	98	26
115	125	100	26
115	128	1	26
115	130	87	26
115	131	100	26
115	138	94	26
115	141	3	26
115	146	98	26
115	149	97	26
116	101	92	26
116	102	100	26
116	103	94	26
116	104	3	26
116	107	84	26
116	108	91	26
116	109	94	26
116	111	96	26
116	112	96	26
116	113	94	26
116	115	7	26
116	117	95	26
116	118	97	26
116	122	97	26
116	123	77	26
116	125	96	26
116	126	98	26
116	127	88	26
116	130	100	26
116	133	80	26
116	138	97	26
116	139	93	26
116	144	93	26
116	146	97	26
116	148	93	26
116	149	21	26
117	108	55	26
117	109	96	26
117	110	16	26
117	111	95	26
117	112	100	26
117	113	100	26
117	115	100	26
117	116	97	26
117	118	4	26
117	119	97	26
117	120	0	26
117	125	100	26
117	126	93	26
117	130	95	26
117	131	100	26
117	133	91	26
117	135	81	26
117	137	94	26
117	138	95	26
117	139	37	26
117	144	96	26
117	146	97	26
117	148	93	26
117	149	100	26
118	100	93	26
118	102	99	26
118	103	99	26
118	104	96	26
118	105	9	26
118	106	96	26
118	107	96	26
118	108	94	26
118	111	100	26
118	112	4	26
118	113	96	26
118	116	98	26
118	117	11	26
118	121	100	26
118	122	100	26
118	123	99	26
118	124	92	26
118	125	96	26
118	126	86	26
118	127	11	26
118	130	95	26
118	131	7	26
118	133	100	26
118	138	100	26
118	144	96	26
118	146	94	26
119	110	99	26
119	112	98	26
119	113	99	26
119	114	100	26
119	115	100	26
119	117	92	26
119	120	100	26
119	128	100	26
119	129	96	26
119	130	44	26
119	131	96	26
119	135	93	26
119	136	100	26
119	137	94	26
119	139	5	26
119	144	25	26
119	146	95	26
119	148	100	26
119	149	94	26
120	114	100	26
120	119	86	26
120	128	96	26
120	129	99	26
120	135	98	26
120	136	100	26
120	142	100	26
121	101	99	26
121	103	98	26
121	104	97	26
121	106	100	26
121	107	100	26
121	108	91	26
121	111	96	26
121	113	97	26
121	118	95	26
121	123	97	26
121	124	92	26
121	125	17	26
121	126	95	26
121	133	95	26
121	138	100	26
121	148	3	26
122	100	93	26
122	101	91	26
122	102	100	26
122	105	92	26
122	106	98	26
122	107	100	26
122	108	100	26
122	109	96	26
122	113	93	26
122	116	99	26
122	117	90	26
122	118	100	26
122	121	4	26
122	123	95	26
122	124	98	26
122	125	100	26
122	127	100	26
122	130	4	26
122	133	95	26
122	139	55	26
122	143	91	26
122	144	96	26
122	148	94	26
123	103	99	26
123	104	98	26
123	106	100	26
123	108	98	26
123	111	94	26
123	112	6	26
123	116	51	26
123	118	88	26
123	121	97	26
123	122	1	26
123	124	98	26
123	126	92	26
123	130	40	26
123	133	28	26
123	138	100	26
123	148	53	26
124	103	100	26
124	104	99	26
124	106	100	26
124	107	97	26
124	111	100	26
124	118	100	26
124	121	100	26
124	123	100	26
124	126	70	26
124	138	33	26
125	102	55	26
125	103	99	26
125	106	19	26
125	108	83	26
125	109	99	26
125	110	100	26
125	111	48	26
125	112	100	26
125	113	100	26
125	114	10	26
125	115	94	26
125	116	99	26
125	117	100	26
125	118	92	26
125	121	22	26
125	122	72	26
125	126	100	26
125	127	4	26
125	130	100	26
125	131	100	26
125	133	100	26
125	138	100	26
125	139	10	26
125	144	15	26
125	148	91	26
125	149	96	26
126	102	91	26
126	103	100	26
126	104	100	26
126	106	97	26
126	109	60	26
126	110	3	26
126	111	100	26
126	113	85	26
126	116	94	26
126	117	100	26
126	118	92	26
126	121	97	26
126	123	98	26
126	124	99	26
126	125	96	26
126	133	8	26
126	138	93	26
126	144	92	26
126	146	93	26
126	148	99	26
127	100	100	26
127	101	92	26
127	102	100	26
127	105	100	26
127	107	94	26
127	108	100	26
127	109	100	26
127	113	96	26
127	116	100	26
127	118	90	26
127	122	100	26
127	125	71	26
127	133	66	26
127	143	18	26
127	144	94	26
127	146	96	26
127	148	100	26
128	110	60	26
128	112	90	26
128	114	99	26
128	115	1	26
128	119	100	26
128	120	97	26
128	129	99	26
128	135	96	26
128	136	1	26
128	142	96	26
128	149	100	26
129	114	55	26
129	119	100	26
129	120	96	26
129	128	96	26
129	131	95	26
129	135	1	26
129	136	95	26
129	140	79	26
129	142	100	26
129	147	100	26
130	103	96	26
130	105	48	26
130	109	96	26
130	110	97	26
130	112	100	26
130	113	100	26
130	114	7	26
130	115	100	26
130	116	100	26
130	117	98	26
130	118	91	26
130	119	19	26
130	123	38	26
130	125	100	26
130	131	96	26
130	138	100	26
130	139	94	26
130	141	41	26
130	143	91	26
130	144	97	26
130	146	96	26
130	148	94	26
130	149	76	26
131	103	89	26
131	110	97	26
131	112	98	26
131	113	100	26
131	115	97	26
131	117	100	26
131	119	100	26
131	125	100	26
131	128	9	26
131	129	25	26
131	130	100	26
131	138	37	26
131	139	100	26
131	140	99	26
131	141	95	26
131	142	100	26
131	143	96	26
131	144	82	26
131	146	99	26
131	147	14	26
131	148	98	26
131	149	100	26
132	110	79	26
132	112	8	26
132	114	99	26
132	115	100	26
132	119	99	26
132	120	93	26
132	129	96	26
132	135	100	26
132	136	96	26
132	137	100	26
133	100	14	26
133	101	97	26
133	102	94	26
133	103	91	26
133	106	92	26
133	108	94	26
133	109	74	26
133	111	100	26
133	112	97	26
133	113	100	26
133	116	72	26
133	117	100	26
133	118	97	26
133	121	100	26
133	122	100	26
133	123	57	26
133	125	96	26
133	127	2	26
133	138	99	26
133	144	91	26
133	146	98	26
133	148	99	26
135	110	97	26
135	114	99	26
135	117	95	26
135	119	96	26
135	120	97	26
135	128	94	26
135	136	100	26
135	137	100	26
135	149	100	26
136	114	97	26
136	119	100	26
136	120	96	26
136	128	77	26
136	129	100	26
136	135	96	26
136	137	0	26
136	142	7	26
137	110	100	26
137	112	4	26
137	114	100	26
137	115	87	26
137	117	91	26
137	119	97	26
137	135	96	26
137	136	9	26
138	102	54	26
138	103	100	26
138	104	99	26
138	106	97	26
138	108	93	26
138	109	96	26
138	111	98	26
138	112	100	26
138	113	95	26
138	115	96	26
138	116	100	26
138	117	100	26
138	118	95	26
138	121	94	26
138	123	100	26
138	124	12	26
138	125	98	26
138	126	97	26
138	130	100	26
138	131	31	26
138	133	92	26
138	146	86	26
138	148	100	26
139	102	53	26
139	105	97	26
139	108	59	26
139	112	2	26
139	113	96	26
139	116	95	26
139	117	36	26
139	130	96	26
139	131	96	26
139	140	97	26
139	141	98	26
139	142	100	26
139	143	100	26
139	144	99	26
139	147	99	26
139	148	99	26
139	149	87	26
140	129	3	26
140	131	100	26
140	139	96	26
140	141	99	26
140	143	100	26
140	147	94	26
141	105	49	26
141	112	7	26
141	115	87	26
141	120	10	26
141	125	3	26
141	130	47	26
141	131	99	26
141	139	96	26
141	140	97	26
141	142	100	26
141	143	95	26
141	146	99	26
141	147	93	26
141	148	90	26
141	149	99	26
142	120	95	26
142	128	98	26
142	129	100	26
142	131	92	26
142	136	92	26
142	139	96	26
142	140	2	26
142	141	94	26
142	143	97	26
142	147	94	26
143	105	92	26
143	113	84	26
143	130	67	26
143	131	100	26
143	139	98	26
143	140	98	26
143	141	94	26
143	142	99	26
143	144	74	26
143	146	98	26
143	147	96	26
144	102	99	26
144	105	94	26
144	107	98	26
144	108	95	26
144	109	100	26
144	111	0	26
144	112	72	26
144	113	96	26
144	116	100	26
144	117	100	26
144	118	100	26
144	119	80	26
144	122	96	26
144	125	66	26
144	126	66	26
144	127	96	26
144	130	96	26
144	131	98	26
144	133	99	26
144	139	100	26
144	143	78	26
144	146	92	26
144	148	100	26
146	102	95	26
146	103	93	26
146	105	100	26
146	110	96	26
146	112	100	26
146	113	97	26
146	114	78	26
146	115	96	26
146	116	100	26
146	117	96	26
146	118	94	26
146	119	100	26
146	126	93	26
146	127	94	26
146	128	100	26
146	130	100	26
146	131	100	26
146	133	94	26
146	138	91	26
146	141	93	26
146	143	98	26
146	144	100	26
146	148	98	26
146	149	100	26
147	129	93	26
147	131	87	26
147	139	100	26
147	140	98	26
147	141	95	26
147	142	96	26
147	143	100	26
148	102	96	26
148	103	84	26
148	108	98	26
148	109	100	26
148	111	80	26
148	112	100	26
148	113	100	26
148	116	95	26
148	117	100	26
148	119	96	26
148	122	72	26
148	125	100	26
148	126	94	26
148	127	100	26
148	130	100	26
148	131	100	26
148	133	100	26
148	138	100	26
148	139	96	26
148	141	99	26
148	144	100	26
148	146	100	26
148	149	99	26
149	110	97	26
149	112	97	26
149	113	100	26
149	115	100	26
149	116	15	26
149	117	100	26
149	119	92	26
149	125	95	26
149	128	96	26
149	130	96	26
149	131	100	26
149	135	98	26
149	139	99	26
149	141	93	26
149	146	100	26
149	148	97	26
100	101	57	25
100	102	99	25
100	105	54	25
100	107	99	25
100	108	92	25
100	109	100	25
100	116	77	25
100	118	98	25
100	121	91	25
100	122	98	25
100	127	100	25
100	133	8	25
100	144	10	25
101	100	45	25
101	102	95	25
101	103	71	25
101	105	100	25
101	106	89	25
101	107	100	25
101	108	96	25
101	109	100	25
101	116	100	25
101	118	99	25
101	121	96	25
101	122	96	25
101	123	0	25
101	124	15	25
101	127	100	25
101	133	95	25
101	144	18	25
102	100	99	25
102	101	99	25
102	103	95	25
102	105	100	25
102	107	100	25
102	108	96	25
102	109	100	25
102	112	51	25
102	113	86	25
102	116	100	25
102	118	100	25
102	122	96	25
102	124	94	25
102	125	100	25
102	126	72	25
102	127	100	25
102	133	100	25
102	138	100	25
102	139	93	25
102	144	96	25
102	146	100	25
102	148	65	25
103	101	87	25
103	102	100	25
103	104	100	25
103	106	100	25
103	108	100	25
103	109	97	25
103	111	97	25
103	113	99	25
103	116	100	25
103	118	98	25
103	121	96	25
103	123	92	25
103	124	100	25
103	125	38	25
103	126	100	25
103	130	97	25
103	131	10	25
103	133	98	25
103	138	96	25
103	139	100	25
103	144	27	25
103	146	84	25
104	103	99	25
104	106	98	25
104	108	10	25
104	111	99	25
104	118	50	25
104	121	97	25
104	123	97	25
104	124	96	25
104	125	74	25
104	126	99	25
104	138	100	25
105	100	98	25
105	101	100	25
105	102	100	25
105	103	45	25
105	107	100	25
105	108	100	25
105	109	96	25
105	113	96	25
105	116	88	25
105	117	5	25
105	122	100	25
105	125	99	25
105	127	100	25
105	130	99	25
105	133	100	25
105	138	90	25
105	139	97	25
105	143	100	25
105	144	94	25
105	146	100	25
105	148	11	25
106	101	95	25
106	103	100	25
106	104	97	25
106	107	3	25
106	111	100	25
106	116	24	25
106	118	95	25
106	121	98	25
106	123	97	25
106	124	97	25
106	125	100	25
106	126	5	25
106	130	31	25
106	133	99	25
106	138	95	25
107	100	99	25
107	101	95	25
107	102	96	25
107	105	98	25
107	108	99	25
107	109	100	25
107	116	96	25
107	118	100	25
107	121	100	25
107	122	96	25
107	124	99	25
107	127	100	25
107	133	96	25
107	144	94	25
107	146	88	25
108	100	99	25
108	101	100	25
108	102	97	25
108	103	100	25
108	105	95	25
108	107	100	25
108	109	100	25
108	113	99	25
108	116	96	25
108	118	98	25
108	121	100	25
108	122	95	25
108	123	83	25
108	124	100	25
108	125	100	25
108	127	11	25
108	130	97	25
108	133	99	25
108	138	98	25
108	139	66	25
108	144	98	25
108	148	99	25
109	100	100	25
109	101	99	25
109	102	98	25
109	103	100	25
109	105	97	25
109	107	100	25
109	108	100	25
109	113	97	25
109	116	94	25
109	117	100	25
109	118	99	25
109	122	100	25
109	124	3	25
109	125	96	25
109	127	93	25
109	130	99	25
109	131	0	25
109	133	100	25
109	138	100	25
109	139	100	25
109	141	4	25
109	143	100	25
109	144	100	25
109	146	100	25
109	148	100	25
110	112	96	25
110	113	94	25
110	114	100	25
110	115	98	25
110	117	100	25
110	119	100	25
110	128	100	25
110	130	98	25
110	131	100	25
110	135	100	25
110	137	96	25
110	138	75	25
110	139	72	25
110	143	20	25
110	146	97	25
110	149	100	25
111	103	100	25
111	104	99	25
111	108	3	25
111	113	100	25
111	116	96	25
111	118	100	25
111	125	94	25
111	126	100	25
111	130	24	25
111	133	100	25
111	138	99	25
111	148	99	25
112	102	95	25
112	110	99	25
112	113	94	25
112	115	100	25
112	116	97	25
112	117	99	25
112	119	97	25
112	125	96	25
112	126	1	25
112	128	95	25
112	131	100	25
112	137	100	25
112	138	100	25
112	141	100	25
112	146	97	25
112	148	100	25
112	149	96	25
113	102	88	25
113	103	98	25
113	108	94	25
113	109	4	25
113	110	94	25
113	111	96	25
113	112	98	25
113	115	98	25
113	116	97	25
113	117	100	25
113	118	66	25
113	119	94	25
113	121	0	25
113	125	95	25
113	127	100	25
113	130	96	25
113	131	100	25
113	133	9	25
113	137	85	25
113	138	12	25
113	139	99	25
113	144	100	25
113	146	99	25
113	148	100	25
113	149	97	25
114	110	98	25
114	115	84	25
114	119	100	25
114	120	97	25
114	128	97	25
114	129	17	25
114	130	59	25
114	131	58	25
114	135	100	25
114	136	97	25
114	137	100	25
114	148	1	25
115	110	100	25
115	112	100	25
115	113	100	25
115	114	100	25
115	117	100	25
115	119	100	25
115	125	99	25
115	130	100	25
115	131	98	25
115	146	0	25
115	149	100	25
116	100	78	25
116	101	98	25
116	102	100	25
116	103	96	25
116	105	44	25
116	106	76	25
116	107	98	25
116	108	96	25
116	109	98	25
116	111	98	25
116	112	100	25
116	113	97	25
116	117	96	25
116	118	100	25
116	121	91	25
116	122	89	25
116	123	7	25
116	125	99	25
116	126	86	25
116	127	18	25
116	130	100	25
116	131	94	25
116	133	100	25
116	138	94	25
116	139	4	25
116	144	6	25
116	146	96	25
116	148	100	25
117	109	97	25
117	110	100	25
117	111	10	25
117	112	94	25
117	113	99	25
117	114	85	25
117	115	100	25
117	116	97	25
117	119	100	25
117	125	97	25
117	126	100	25
117	130	64	25
117	131	97	25
117	133	100	25
117	135	97	25
117	137	89	25
117	138	100	25
117	146	100	25
117	148	97	25
117	149	100	25
118	100	99	25
118	101	96	25
118	102	100	25
118	103	100	25
118	104	30	25
118	106	2	25
118	107	96	25
118	108	96	25
118	109	96	25
118	111	100	25
118	113	100	25
118	116	95	25
118	121	100	25
118	122	100	25
118	123	9	25
118	124	96	25
118	125	100	25
118	126	94	25
118	127	98	25
118	130	99	25
118	133	99	25
118	138	100	25
118	146	81	25
118	148	95	25
119	110	98	25
119	112	91	25
119	113	100	25
119	114	97	25
119	115	98	25
119	117	100	25
119	120	100	25
119	125	92	25
119	128	99	25
119	129	100	25
119	130	94	25
119	131	1	25
119	135	97	25
119	136	100	25
119	137	100	25
119	146	100	25
119	148	100	25
119	149	100	25
120	114	96	25
120	119	96	25
120	128	100	25
120	129	98	25
120	131	27	25
120	136	97	25
120	142	99	25
121	100	87	25
121	101	96	25
121	102	4	25
121	103	100	25
121	104	100	25
121	106	98	25
121	107	95	25
121	108	100	25
121	111	36	25
121	113	100	25
121	116	81	25
121	118	100	25
121	122	98	25
121	123	98	25
121	124	100	25
121	125	3	25
121	126	100	25
121	133	100	25
121	138	96	25
121	148	0	25
122	100	99	25
122	101	100	25
122	102	93	25
122	103	91	25
122	105	92	25
122	106	1	25
122	107	97	25
122	108	98	25
122	109	100	25
122	111	95	25
122	113	45	25
122	116	98	25
122	118	100	25
122	121	98	25
122	123	19	25
122	124	48	25
122	125	100	25
122	126	10	25
122	127	96	25
122	130	95	25
122	133	96	25
122	144	100	25
122	148	100	25
123	101	7	25
123	103	100	25
123	104	95	25
123	106	100	25
123	108	98	25
123	118	75	25
123	121	97	25
123	124	100	25
123	126	100	25
123	130	96	25
123	133	81	25
123	138	100	25
123	148	93	25
124	101	65	25
124	102	93	25
124	103	96	25
124	104	97	25
124	106	100	25
124	107	100	25
124	108	97	25
124	111	11	25
124	118	100	25
124	121	100	25
124	123	95	25
125	102	100	25
125	103	84	25
125	104	36	25
125	105	27	25
125	106	99	25
125	108	98	25
125	109	41	25
125	111	98	25
125	112	100	25
125	113	97	25
125	115	97	25
125	116	96	25
125	117	94	25
125	118	100	25
125	119	99	25
125	122	97	25
125	126	99	25
125	130	100	25
125	131	96	25
125	133	96	25
125	138	95	25
125	144	100	25
125	146	100	25
125	148	100	25
126	102	76	25
126	103	98	25
126	104	100	25
126	111	96	25
126	117	100	25
126	118	85	25
126	121	99	25
126	123	96	25
126	125	100	25
126	130	100	25
126	138	99	25
126	144	100	25
126	146	96	25
127	100	100	25
127	101	96	25
127	102	100	25
127	105	100	25
127	107	99	25
127	108	84	25
127	109	98	25
127	113	100	25
127	116	14	25
127	122	97	25
127	125	1	25
127	130	0	25
127	133	97	25
127	138	13	25
127	143	83	25
127	144	98	25
127	146	99	25
127	148	92	25
128	110	95	25
128	114	99	25
128	119	100	25
128	120	98	25
128	129	95	25
128	135	96	25
128	142	100	25
128	149	99	25
129	114	58	25
129	119	94	25
129	120	100	25
129	128	99	25
129	131	70	25
129	136	100	25
129	140	96	25
129	142	100	25
129	143	75	25
129	147	95	25
130	103	100	25
130	105	68	25
130	106	0	25
130	108	97	25
130	109	100	25
130	110	100	25
130	113	93	25
130	114	42	25
130	115	96	25
130	116	100	25
130	118	98	25
130	119	97	25
130	122	16	25
130	123	95	25
130	125	100	25
130	126	99	25
130	131	100	25
130	133	99	25
130	138	100	25
130	139	96	25
130	141	7	25
130	143	99	25
130	144	100	25
130	146	100	25
130	148	96	25
130	149	56	25
131	103	7	25
131	110	100	25
131	112	100	25
131	113	96	25
131	114	76	25
131	115	97	25
131	116	3	25
131	117	97	25
131	120	18	25
131	125	98	25
131	129	47	25
131	130	93	25
131	138	9	25
131	139	100	25
131	141	99	25
131	142	96	25
131	143	96	25
131	144	98	25
131	147	21	25
131	148	94	25
131	149	100	25
132	114	99	25
132	115	100	25
132	119	96	25
132	120	94	25
132	128	35	25
132	129	100	25
132	135	100	25
132	136	100	25
132	137	62	25
133	101	98	25
133	102	100	25
133	103	100	25
133	105	94	25
133	106	98	25
133	107	100	25
133	108	100	25
133	109	95	25
133	111	98	25
133	113	66	25
133	116	98	25
133	117	97	25
133	118	99	25
133	121	100	25
133	122	99	25
133	123	7	25
133	125	93	25
133	127	100	25
133	130	96	25
133	138	96	25
133	144	100	25
133	146	99	25
133	148	100	25
134	102	100	25
134	110	100	25
134	112	100	25
134	113	100	25
134	114	100	25
134	115	99	25
134	116	42	25
134	117	99	25
134	119	98	25
134	120	11	25
134	125	99	25
134	128	97	25
134	130	100	25
134	131	100	25
134	133	84	25
134	137	94	25
134	138	100	25
134	139	48	25
134	141	20	25
134	143	99	25
134	144	100	25
134	146	100	25
134	148	96	25
134	149	67	25
135	110	100	25
135	114	96	25
135	117	100	25
135	119	100	25
135	128	99	25
135	136	94	25
135	137	100	25
135	149	98	25
136	114	99	25
136	119	96	25
136	120	97	25
136	128	10	25
136	129	99	25
136	135	97	25
136	137	37	25
136	142	97	25
137	110	97	25
137	112	88	25
137	113	93	25
137	114	97	25
137	115	19	25
137	117	95	25
137	119	100	25
137	128	12	25
137	135	99	25
137	136	70	25
138	102	92	25
138	103	100	25
138	104	98	25
138	105	0	25
138	106	100	25
138	108	97	25
138	109	8	25
138	110	13	25
138	111	100	25
138	112	100	25
138	116	95	25
138	117	98	25
138	118	98	25
138	121	90	25
138	123	100	25
138	125	100	25
138	126	98	25
138	130	100	25
138	131	4	25
138	133	81	25
138	144	6	25
138	146	100	25
138	148	100	25
138	149	17	25
139	102	100	25
139	103	95	25
139	105	91	25
139	108	81	25
139	109	97	25
139	110	81	25
139	113	100	25
139	128	8	25
139	130	98	25
139	131	100	25
139	140	100	25
139	141	100	25
139	143	93	25
139	144	100	25
139	146	100	25
139	147	99	25
139	149	83	25
140	129	98	25
140	139	96	25
140	141	100	25
140	142	97	25
140	143	97	25
140	147	99	25
141	112	97	25
141	128	2	25
141	130	88	25
141	131	100	25
141	139	100	25
141	140	100	25
141	142	100	25
141	143	100	25
141	144	100	25
141	147	7	25
141	148	100	25
141	149	100	25
142	120	100	25
142	128	100	25
142	129	100	25
142	131	96	25
142	136	100	25
142	139	14	25
142	140	97	25
142	141	100	25
142	143	96	25
142	146	14	25
142	147	100	25
143	105	98	25
143	109	98	25
143	110	20	25
143	129	20	25
143	130	99	25
143	131	97	25
143	139	95	25
143	140	100	25
143	141	100	25
143	142	98	25
143	144	100	25
143	147	99	25
143	148	99	25
144	100	13	25
144	101	99	25
144	102	100	25
144	103	100	25
144	105	97	25
144	107	99	25
144	108	98	25
144	109	100	25
144	113	96	25
144	116	5	25
144	122	100	25
144	125	100	25
144	126	98	25
144	127	96	25
144	130	100	25
144	131	98	25
144	133	100	25
144	138	99	25
144	139	100	25
144	141	100	25
144	143	98	25
144	146	100	25
144	148	100	25
144	149	22	25
146	102	100	25
146	103	96	25
146	105	95	25
146	107	94	25
146	108	4	25
146	109	99	25
146	110	100	25
146	112	97	25
146	113	93	25
146	116	97	25
146	117	99	25
146	118	98	25
146	119	100	25
146	125	94	25
146	126	100	25
146	127	95	25
146	128	60	25
146	130	96	25
146	133	99	25
146	138	100	25
146	139	99	25
146	142	47	25
146	144	97	25
146	148	95	25
146	149	99	25
147	129	99	25
147	131	29	25
147	139	95	25
147	140	99	25
147	142	100	25
147	143	99	25
148	102	97	25
148	108	100	25
148	109	100	25
148	110	0	25
148	111	100	25
148	112	100	25
148	113	100	25
148	114	68	25
148	116	100	25
148	117	100	25
148	118	100	25
148	119	100	25
148	123	89	25
148	125	100	25
148	126	42	25
148	127	100	25
148	130	97	25
148	131	98	25
148	133	100	25
148	138	97	25
148	141	100	25
148	143	97	25
148	144	99	25
148	146	93	25
148	149	97	25
149	108	3	25
149	110	95	25
149	112	96	25
149	113	99	25
149	115	96	25
149	117	100	25
149	119	92	25
149	128	100	25
149	130	98	25
149	131	94	25
149	135	97	25
149	138	97	25
149	139	87	25
149	141	94	25
149	143	13	25
149	144	20	25
149	146	100	25
149	148	99	25
100	101	80	24
100	102	100	24
100	105	92	24
100	107	99	24
100	108	100	24
100	109	34	24
100	116	9	24
100	118	94	24
100	122	77	24
100	127	93	24
100	133	90	24
100	144	26	24
101	102	91	24
101	103	98	24
101	105	98	24
101	107	95	24
101	108	100	24
101	109	96	24
101	116	98	24
101	118	94	24
101	121	96	24
101	122	97	24
101	123	75	24
101	124	57	24
101	127	96	24
101	133	96	24
102	100	98	24
102	101	99	24
102	103	100	24
102	107	92	24
102	108	100	24
102	109	97	24
102	112	47	24
102	113	99	24
102	116	96	24
102	117	81	24
102	118	97	24
102	122	93	24
102	123	7	24
102	124	97	24
102	125	96	24
102	126	85	24
102	127	93	24
102	130	0	24
102	133	97	24
102	138	93	24
102	139	7	24
102	144	98	24
102	146	100	24
102	148	98	24
103	101	60	24
103	102	100	24
103	104	100	24
103	106	98	24
103	107	100	24
103	108	97	24
103	111	100	24
103	113	100	24
103	116	96	24
103	118	100	24
103	121	91	24
103	122	71	24
103	123	97	24
103	124	13	24
103	125	94	24
103	126	100	24
103	130	100	24
103	131	82	24
103	133	100	24
103	138	100	24
103	139	100	24
103	144	98	24
103	146	8	24
103	148	99	24
104	103	100	24
104	106	90	24
104	111	94	24
104	113	91	24
104	116	100	24
104	117	52	24
104	118	87	24
104	121	97	24
104	123	100	24
104	124	98	24
104	125	37	24
104	126	98	24
104	133	12	24
104	138	100	24
104	148	43	24
105	100	95	24
105	101	100	24
105	103	19	24
105	108	100	24
105	109	100	24
105	112	39	24
105	116	96	24
105	117	61	24
105	118	12	24
105	122	99	24
105	125	99	24
105	126	8	24
105	127	90	24
105	130	100	24
105	133	95	24
105	138	98	24
105	139	97	24
105	141	100	24
105	143	100	24
105	144	96	24
105	146	100	24
105	148	100	24
105	149	1	24
106	101	22	24
106	102	9	24
106	103	96	24
106	104	65	24
106	107	8	24
106	108	5	24
106	111	97	24
106	113	66	24
106	116	50	24
106	117	70	24
106	118	30	24
106	121	99	24
106	123	100	24
106	124	100	24
106	125	57	24
106	126	99	24
106	130	45	24
106	133	98	24
106	138	94	24
107	100	93	24
107	101	95	24
107	102	95	24
107	103	100	24
107	108	98	24
107	109	97	24
107	116	100	24
107	118	97	24
107	121	98	24
107	122	95	24
107	123	25	24
107	124	100	24
107	127	98	24
107	133	100	24
107	144	100	24
107	146	24	24
107	148	61	24
108	100	72	24
108	101	91	24
108	102	96	24
108	103	100	24
108	105	62	24
108	106	16	24
108	107	98	24
108	109	94	24
108	113	11	24
108	116	97	24
108	117	34	24
108	118	99	24
108	121	93	24
108	122	96	24
108	123	9	24
108	124	100	24
108	125	95	24
108	126	92	24
108	127	7	24
108	130	99	24
108	133	96	24
108	144	94	24
108	146	69	24
108	148	99	24
109	100	91	24
109	101	91	24
109	102	98	24
109	103	48	24
109	105	100	24
109	107	97	24
109	108	100	24
109	111	7	24
109	112	99	24
109	113	96	24
109	115	7	24
109	116	100	24
109	117	100	24
109	118	92	24
109	119	31	24
109	122	100	24
109	124	20	24
109	125	95	24
109	127	98	24
109	130	97	24
109	131	59	24
109	133	100	24
109	138	100	24
109	139	94	24
109	140	17	24
109	143	100	24
109	144	100	24
109	146	99	24
109	148	100	24
109	149	93	24
110	112	96	24
110	113	100	24
110	114	97	24
110	115	100	24
110	117	97	24
110	119	98	24
110	120	96	24
110	125	99	24
110	128	63	24
110	130	100	24
110	131	100	24
110	135	100	24
110	137	98	24
110	139	51	24
110	146	96	24
110	148	94	24
110	149	96	24
111	102	2	24
111	103	98	24
111	104	99	24
111	106	87	24
111	108	7	24
111	112	76	24
111	117	88	24
111	118	65	24
111	121	97	24
111	123	96	24
111	124	44	24
111	125	98	24
111	126	98	24
111	130	93	24
111	133	95	24
111	138	100	24
111	144	8	24
111	146	23	24
111	148	96	24
112	102	50	24
112	109	51	24
112	110	96	24
112	111	62	24
112	113	100	24
112	115	94	24
112	116	95	24
112	117	98	24
112	118	58	24
112	119	100	24
112	125	97	24
112	130	96	24
112	131	98	24
112	135	61	24
112	137	93	24
112	138	95	24
112	139	96	24
112	141	78	24
112	146	99	24
112	148	99	24
112	149	94	24
113	102	96	24
113	103	92	24
113	104	91	24
113	106	0	24
113	108	5	24
113	109	95	24
113	110	90	24
113	112	99	24
113	115	96	24
113	116	99	24
113	117	98	24
113	118	100	24
113	119	100	24
113	121	1	24
113	125	100	24
113	127	96	24
113	130	97	24
113	131	100	24
113	133	87	24
113	135	63	24
113	137	95	24
113	138	96	24
113	139	100	24
113	143	73	24
113	144	100	24
113	146	100	24
113	148	99	24
113	149	100	24
114	110	100	24
114	112	12	24
114	115	100	24
114	117	95	24
114	119	96	24
114	120	100	24
114	125	6	24
114	128	94	24
114	129	96	24
114	130	77	24
114	131	7	24
114	135	100	24
114	136	98	24
114	137	96	24
114	148	80	24
114	149	98	24
115	110	100	24
115	112	93	24
115	113	96	24
115	114	100	24
115	116	27	24
115	117	100	24
115	119	100	24
115	125	98	24
115	130	99	24
115	131	20	24
115	135	44	24
115	137	97	24
115	139	98	24
115	146	94	24
115	148	34	24
115	149	99	24
116	100	15	24
116	101	95	24
116	102	100	24
116	103	99	24
116	104	100	24
116	105	65	24
116	106	48	24
116	107	100	24
116	108	98	24
116	109	84	24
116	112	100	24
116	113	100	24
116	115	51	24
116	117	97	24
116	118	100	24
116	121	16	24
116	122	100	24
116	123	76	24
116	124	69	24
116	125	100	24
116	126	100	24
116	127	89	24
116	130	100	24
116	131	87	24
116	133	100	24
116	138	96	24
116	144	60	24
116	146	100	24
116	148	100	24
116	149	97	24
117	102	73	24
117	104	22	24
117	106	11	24
117	108	8	24
117	109	96	24
117	110	100	24
117	111	84	24
117	112	97	24
117	113	100	24
117	114	99	24
117	115	100	24
117	116	100	24
117	119	100	24
117	125	100	24
117	126	97	24
117	128	4	24
117	130	93	24
117	131	100	24
117	133	96	24
117	135	94	24
117	137	98	24
117	138	96	24
117	144	100	24
117	146	100	24
117	148	96	24
117	149	100	24
118	100	97	24
118	101	95	24
118	102	100	24
118	103	91	24
118	104	100	24
118	106	80	24
118	107	100	24
118	108	96	24
118	109	100	24
118	111	36	24
118	112	65	24
118	113	100	24
118	116	97	24
118	121	99	24
118	122	80	24
118	123	98	24
118	124	81	24
118	125	100	24
118	126	5	24
118	130	99	24
118	131	16	24
118	133	97	24
118	138	77	24
118	144	57	24
118	146	0	24
118	148	100	24
119	110	100	24
119	112	96	24
119	113	94	24
119	114	100	24
119	115	96	24
119	117	100	24
119	120	93	24
119	125	100	24
119	128	100	24
119	129	100	24
119	130	94	24
119	131	100	24
119	135	100	24
119	139	8	24
119	144	7	24
119	146	99	24
119	148	100	24
119	149	98	24
120	110	99	24
120	114	97	24
120	119	96	24
120	128	97	24
120	129	99	24
120	135	97	24
120	136	100	24
120	137	100	24
121	101	94	24
121	103	99	24
121	104	97	24
121	106	100	24
121	107	97	24
121	108	100	24
121	111	100	24
121	113	13	24
121	118	100	24
121	122	91	24
121	123	100	24
121	124	100	24
121	125	100	24
121	126	100	24
121	130	16	24
121	133	100	24
121	138	98	24
122	100	81	24
122	101	98	24
122	102	100	24
122	103	97	24
122	105	100	24
122	107	100	24
122	108	100	24
122	109	92	24
122	111	10	24
122	113	100	24
122	116	39	24
122	118	98	24
122	121	99	24
122	124	20	24
122	125	98	24
122	126	21	24
122	127	100	24
122	130	42	24
122	133	96	24
122	138	97	24
122	143	100	24
122	144	100	24
122	146	18	24
122	148	84	24
123	101	94	24
123	102	43	24
123	103	97	24
123	104	96	24
123	106	100	24
123	107	5	24
123	108	18	24
123	111	100	24
123	116	65	24
123	118	100	24
123	121	98	24
123	124	95	24
123	125	100	24
123	126	97	24
123	130	100	24
123	133	96	24
123	138	100	24
124	101	97	24
124	102	90	24
124	103	63	24
124	104	99	24
124	106	96	24
124	107	96	24
124	108	91	24
124	118	65	24
124	121	100	24
124	123	99	24
124	125	93	24
124	126	18	24
124	133	84	24
125	102	93	24
125	103	96	24
125	104	6	24
125	105	91	24
125	106	56	24
125	108	89	24
125	109	9	24
125	110	99	24
125	111	99	24
125	112	97	24
125	113	100	24
125	115	99	24
125	116	100	24
125	117	98	24
125	118	94	24
125	119	100	24
125	121	100	24
125	122	37	24
125	123	66	24
125	124	97	24
125	126	100	24
125	130	93	24
125	133	95	24
125	138	100	24
125	144	18	24
125	146	100	24
125	148	97	24
126	102	73	24
126	103	99	24
126	104	97	24
126	106	91	24
126	108	99	24
126	111	100	24
126	116	99	24
126	117	99	24
126	118	22	24
126	121	96	24
126	123	97	24
126	125	100	24
126	130	100	24
126	138	100	24
126	144	93	24
126	146	96	24
126	148	99	24
127	100	100	24
127	101	69	24
127	102	95	24
127	105	89	24
127	107	100	24
127	108	71	24
127	109	93	24
127	113	100	24
127	116	98	24
127	122	96	24
127	130	31	24
127	133	98	24
127	143	91	24
127	144	97	24
127	146	100	24
127	148	96	24
128	114	98	24
128	119	100	24
128	120	99	24
128	129	21	24
128	135	100	24
128	137	0	24
128	140	4	24
128	142	99	24
128	149	99	24
129	114	93	24
129	119	96	24
129	120	100	24
129	128	95	24
129	131	98	24
129	136	94	24
129	140	100	24
129	143	67	24
129	147	82	24
129	149	68	24
130	102	0	24
130	103	93	24
130	105	6	24
130	106	8	24
130	108	88	24
130	109	100	24
130	110	93	24
130	111	98	24
130	112	96	24
130	113	93	24
130	114	93	24
130	115	98	24
130	116	93	24
130	117	99	24
130	118	95	24
130	119	99	24
130	121	0	24
130	123	97	24
130	125	100	24
130	126	100	24
130	131	98	24
130	133	92	24
130	138	96	24
130	139	100	24
130	141	26	24
130	143	0	24
130	144	100	24
130	146	96	24
130	148	100	24
130	149	56	24
131	103	89	24
131	110	90	24
131	112	100	24
131	113	100	24
131	114	27	24
131	115	35	24
131	116	89	24
131	117	99	24
131	118	31	24
131	119	93	24
131	125	0	24
131	129	99	24
131	130	96	24
131	138	95	24
131	139	93	24
131	140	91	24
131	141	98	24
131	142	90	24
131	143	94	24
131	144	97	24
131	146	100	24
131	147	88	24
131	148	100	24
131	149	100	24
132	110	87	24
132	112	100	24
132	114	99	24
132	115	97	24
132	119	96	24
132	120	100	24
132	128	96	24
132	129	98	24
132	135	96	24
132	136	100	24
132	137	100	24
132	149	97	24
133	100	93	24
133	101	95	24
133	102	93	24
133	103	98	24
133	105	100	24
133	106	96	24
133	107	100	24
133	108	99	24
133	109	98	24
133	111	97	24
133	113	98	24
133	116	95	24
133	117	100	24
133	118	98	24
133	121	100	24
133	122	95	24
133	123	65	24
133	124	93	24
133	125	98	24
133	127	88	24
133	130	97	24
133	138	97	24
133	144	98	24
133	146	100	24
133	148	100	24
135	110	97	24
135	112	76	24
135	113	69	24
135	114	100	24
135	117	85	24
135	119	96	24
135	120	100	24
135	128	92	24
135	136	100	24
135	137	96	24
135	149	100	24
136	114	100	24
136	120	100	24
136	129	99	24
136	135	94	24
137	110	96	24
137	112	100	24
137	113	95	24
137	114	100	24
137	115	98	24
137	117	97	24
137	120	88	24
137	125	9	24
137	128	28	24
137	135	100	24
137	136	9	24
137	149	97	24
138	102	85	24
138	103	96	24
138	104	97	24
138	105	65	24
138	106	95	24
138	108	2	24
138	109	52	24
138	111	100	24
138	112	98	24
138	113	99	24
138	116	96	24
138	117	93	24
138	118	90	24
138	121	24	24
138	123	79	24
138	125	98	24
138	126	97	24
138	130	96	24
138	131	53	24
138	133	52	24
138	144	100	24
138	146	97	24
138	148	93	24
139	102	39	24
139	103	91	24
139	105	65	24
139	109	97	24
139	110	56	24
139	112	100	24
139	113	100	24
139	115	96	24
139	119	5	24
139	130	100	24
139	131	98	24
139	140	100	24
139	141	97	24
139	142	100	24
139	143	100	24
139	144	100	24
139	146	100	24
139	147	100	24
139	148	27	24
139	149	95	24
140	128	59	24
140	129	100	24
140	131	96	24
140	139	100	24
140	141	96	24
140	142	100	24
140	143	100	24
140	146	77	24
140	147	100	24
141	105	75	24
141	110	40	24
141	112	100	24
141	113	10	24
141	130	100	24
141	131	98	24
141	139	100	24
141	140	100	24
141	142	97	24
141	143	99	24
141	144	98	24
141	146	100	24
141	147	94	24
141	148	100	24
141	149	100	24
142	114	0	24
142	128	99	24
142	131	98	24
142	139	97	24
142	140	98	24
142	141	100	24
142	143	99	24
142	147	100	24
143	105	95	24
143	109	87	24
143	113	85	24
143	122	0	24
143	127	3	24
143	129	76	24
143	130	19	24
143	131	92	24
143	139	91	24
143	140	100	24
143	141	100	24
143	142	96	24
143	144	91	24
143	146	54	24
143	147	100	24
143	148	1	24
143	149	43	24
144	100	4	24
144	102	97	24
144	103	99	24
144	105	100	24
144	107	87	24
144	108	100	24
144	109	100	24
144	111	5	24
144	113	94	24
144	116	57	24
144	117	99	24
144	118	0	24
144	122	65	24
144	125	7	24
144	126	100	24
144	127	80	24
144	130	100	24
144	131	92	24
144	133	100	24
144	138	100	24
144	139	100	24
144	141	94	24
144	143	89	24
144	146	100	24
144	148	98	24
144	149	96	24
146	102	94	24
146	103	9	24
146	105	78	24
146	107	67	24
146	108	97	24
146	109	93	24
146	110	92	24
146	111	5	24
146	112	97	24
146	113	97	24
146	115	96	24
146	116	91	24
146	117	99	24
146	118	15	24
146	119	98	24
146	125	97	24
146	126	99	24
146	127	87	24
146	130	98	24
146	131	100	24
146	133	100	24
146	138	100	24
146	139	93	24
146	140	71	24
146	141	93	24
146	143	55	24
146	144	100	24
146	148	100	24
146	149	98	24
147	129	88	24
147	131	91	24
147	139	90	24
147	140	98	24
147	141	100	24
147	142	99	24
147	143	95	24
148	102	91	24
148	103	88	24
148	104	18	24
148	105	22	24
148	107	59	24
148	108	81	24
148	109	90	24
148	110	82	24
148	111	85	24
148	112	89	24
148	113	84	24
148	114	95	24
148	115	57	24
148	116	92	24
148	117	89	24
148	118	87	24
148	119	88	24
148	125	83	24
148	126	83	24
148	127	93	24
148	130	87	24
148	131	83	24
148	133	88	24
148	138	84	24
148	139	3	24
148	141	82	24
148	144	87	24
148	146	91	24
148	149	91	24
149	110	99	24
149	112	100	24
149	113	100	24
149	114	97	24
149	115	95	24
149	116	81	24
149	117	96	24
149	119	100	24
149	128	99	24
149	129	57	24
149	130	80	24
149	131	100	24
149	135	100	24
149	137	98	24
149	139	100	24
149	141	96	24
149	143	34	24
149	144	95	24
149	146	100	24
149	148	96	24
100	101	94	23
100	102	7	23
100	105	97	23
100	107	38	23
100	108	90	23
100	109	95	23
100	118	90	23
100	122	100	23
100	124	0	23
100	127	98	23
101	100	100	23
101	102	96	23
101	105	95	23
101	107	90	23
101	108	93	23
101	109	91	23
101	116	100	23
101	118	100	23
101	121	95	23
101	122	100	23
101	123	89	23
101	124	98	23
101	127	94	23
101	133	97	23
101	144	0	23
102	101	97	23
102	103	99	23
102	105	100	23
102	107	96	23
102	108	98	23
102	109	92	23
102	111	95	23
102	113	95	23
102	116	99	23
102	117	99	23
102	118	100	23
102	122	97	23
102	125	100	23
102	127	97	23
102	133	96	23
102	138	100	23
102	144	98	23
102	146	100	23
102	148	99	23
103	101	5	23
103	102	100	23
103	104	96	23
103	105	13	23
103	106	100	23
103	107	96	23
103	108	97	23
103	111	100	23
103	113	100	23
103	116	99	23
103	118	71	23
103	121	97	23
103	122	77	23
103	123	95	23
103	124	78	23
103	125	90	23
103	126	100	23
103	127	4	23
103	130	94	23
103	131	62	23
103	133	93	23
103	138	77	23
103	146	52	23
103	148	67	23
104	103	94	23
104	106	93	23
104	111	97	23
104	113	6	23
104	116	84	23
104	118	32	23
104	123	98	23
104	124	54	23
104	125	91	23
104	126	100	23
104	138	100	23
105	100	86	23
105	101	95	23
105	102	91	23
105	103	95	23
105	107	42	23
105	108	75	23
105	109	100	23
105	113	93	23
105	116	88	23
105	122	96	23
105	125	91	23
105	127	96	23
105	133	92	23
105	138	90	23
105	139	75	23
105	141	99	23
105	143	92	23
105	144	99	23
105	148	98	23
106	103	94	23
106	104	95	23
106	107	74	23
106	108	78	23
106	111	92	23
106	116	100	23
106	117	36	23
106	118	8	23
106	121	100	23
106	123	100	23
106	124	94	23
106	126	98	23
106	133	27	23
106	138	95	23
107	101	98	23
107	102	97	23
107	103	100	23
107	106	81	23
107	108	100	23
107	109	94	23
107	116	100	23
107	118	94	23
107	121	100	23
107	122	87	23
107	124	66	23
107	127	90	23
107	133	82	23
108	100	98	23
108	101	96	23
108	102	96	23
108	103	97	23
108	105	67	23
108	106	89	23
108	107	100	23
108	109	100	23
108	111	13	23
108	116	100	23
108	117	79	23
108	118	96	23
108	121	97	23
108	122	100	23
108	123	94	23
108	126	99	23
108	127	95	23
108	133	96	23
108	138	87	23
108	144	100	23
108	146	80	23
108	148	17	23
109	100	95	23
109	101	98	23
109	102	91	23
109	103	91	23
109	105	97	23
109	107	91	23
109	108	100	23
109	112	100	23
109	113	100	23
109	115	44	23
109	116	98	23
109	117	97	23
109	118	85	23
109	121	17	23
109	122	96	23
109	126	68	23
109	127	100	23
109	130	97	23
109	133	91	23
109	138	89	23
109	139	89	23
109	141	94	23
109	143	99	23
109	144	95	23
109	146	96	23
109	148	98	23
110	112	100	23
110	113	96	23
110	114	83	23
110	115	94	23
110	117	100	23
110	119	100	23
110	120	3	23
110	125	86	23
110	128	6	23
110	130	100	23
110	131	95	23
110	135	98	23
110	137	99	23
110	138	50	23
110	139	29	23
110	146	86	23
110	149	97	23
111	102	69	23
111	103	99	23
111	104	100	23
111	106	95	23
111	108	70	23
111	116	66	23
111	117	92	23
111	118	64	23
111	121	99	23
111	123	97	23
111	124	0	23
111	125	89	23
111	126	96	23
111	130	22	23
111	133	74	23
111	138	96	23
111	148	58	23
112	109	65	23
112	110	100	23
112	113	100	23
112	114	98	23
112	115	96	23
112	117	100	23
112	118	18	23
112	119	97	23
112	125	100	23
112	130	96	23
112	131	95	23
112	138	100	23
112	139	100	23
112	146	82	23
112	148	98	23
112	149	97	23
113	102	84	23
113	103	95	23
113	104	65	23
113	105	67	23
113	109	93	23
113	110	97	23
113	112	99	23
113	115	95	23
113	116	5	23
113	117	96	23
113	118	68	23
113	119	98	23
113	125	96	23
113	130	100	23
113	131	84	23
113	135	86	23
113	138	95	23
113	139	100	23
113	143	99	23
113	144	95	23
113	146	97	23
113	148	99	23
113	149	96	23
114	112	6	23
114	115	100	23
114	117	88	23
114	119	99	23
114	120	94	23
114	128	96	23
114	129	93	23
114	135	99	23
114	136	100	23
114	142	0	23
114	149	23	23
115	110	88	23
115	112	99	23
115	113	93	23
115	114	87	23
115	117	95	23
115	119	100	23
115	125	97	23
115	130	98	23
115	131	7	23
115	135	83	23
115	137	16	23
115	138	59	23
115	139	8	23
115	141	9	23
115	143	14	23
115	146	96	23
115	149	100	23
116	101	87	23
116	102	98	23
116	103	100	23
116	104	99	23
116	105	95	23
116	106	94	23
116	107	90	23
116	108	100	23
116	109	94	23
116	111	98	23
116	113	44	23
116	117	95	23
116	118	98	23
116	122	95	23
116	123	83	23
116	125	99	23
116	126	98	23
116	127	94	23
116	130	99	23
116	133	100	23
116	138	99	23
116	144	97	23
116	146	98	23
116	148	100	23
117	101	0	23
117	102	87	23
117	106	20	23
117	108	76	23
117	109	95	23
117	110	91	23
117	111	87	23
117	112	99	23
117	113	100	23
117	114	95	23
117	115	100	23
117	116	99	23
117	119	100	23
117	125	98	23
117	126	90	23
117	130	92	23
117	131	100	23
117	133	97	23
117	138	98	23
117	141	3	23
117	144	34	23
117	146	100	23
117	148	13	23
117	149	96	23
118	100	75	23
118	101	96	23
118	102	95	23
118	103	84	23
118	104	6	23
118	106	5	23
118	107	100	23
118	108	100	23
118	109	82	23
118	111	39	23
118	113	99	23
118	116	96	23
118	121	98	23
118	122	29	23
118	123	94	23
118	124	94	23
118	125	98	23
118	127	3	23
118	130	87	23
118	133	100	23
118	138	100	23
118	144	79	23
118	146	82	23
119	110	97	23
119	112	98	23
119	113	100	23
119	114	99	23
119	115	99	23
119	117	93	23
119	120	100	23
119	125	88	23
119	128	100	23
119	129	100	23
119	130	94	23
119	131	98	23
119	135	57	23
119	137	91	23
119	144	6	23
119	148	92	23
119	149	95	23
120	114	95	23
120	119	99	23
120	128	97	23
120	129	94	23
120	135	100	23
120	136	93	23
121	100	21	23
121	101	96	23
121	103	94	23
121	104	29	23
121	106	99	23
121	107	96	23
121	108	97	23
121	109	75	23
121	111	97	23
121	113	9	23
121	116	80	23
121	117	5	23
121	118	100	23
121	122	92	23
121	123	100	23
121	124	100	23
121	125	90	23
121	126	96	23
121	133	95	23
121	138	65	23
122	100	96	23
122	101	96	23
122	102	100	23
122	103	93	23
122	105	94	23
122	106	62	23
122	107	100	23
122	108	94	23
122	109	98	23
122	113	65	23
122	116	96	23
122	121	92	23
122	123	7	23
122	124	62	23
122	127	99	23
122	133	98	23
122	138	30	23
122	144	100	23
122	146	94	23
123	101	87	23
123	103	93	23
123	104	100	23
123	106	99	23
123	108	71	23
123	111	98	23
123	118	84	23
123	121	94	23
123	124	99	23
123	126	92	23
123	133	93	23
123	138	84	23
124	101	90	23
124	103	88	23
124	104	94	23
124	106	99	23
124	107	86	23
124	118	97	23
124	121	93	23
124	122	49	23
124	123	94	23
124	126	29	23
124	133	88	23
125	102	100	23
125	103	99	23
125	104	100	23
125	105	69	23
125	106	0	23
125	108	82	23
125	110	53	23
125	111	96	23
125	112	100	23
125	113	100	23
125	115	99	23
125	116	96	23
125	117	100	23
125	118	95	23
125	119	88	23
125	121	6	23
125	126	100	23
125	130	100	23
125	133	92	23
125	138	95	23
125	144	97	23
125	146	100	23
125	148	100	23
126	103	90	23
126	104	97	23
126	106	100	23
126	108	81	23
126	111	99	23
126	116	100	23
126	117	99	23
126	121	91	23
126	123	84	23
126	124	8	23
126	125	98	23
126	130	100	23
126	138	96	23
126	144	6	23
126	146	95	23
126	148	0	23
127	100	96	23
127	101	87	23
127	102	99	23
127	103	86	23
127	105	100	23
127	107	88	23
127	108	86	23
127	109	96	23
127	113	2	23
127	116	74	23
127	118	47	23
127	122	96	23
127	130	91	23
127	133	75	23
127	139	7	23
127	143	100	23
127	144	99	23
127	148	100	23
128	114	74	23
128	119	95	23
128	120	77	23
128	129	100	23
128	135	69	23
128	142	97	23
129	114	95	23
129	119	96	23
129	120	100	23
129	128	100	23
129	131	96	23
129	136	100	23
129	140	96	23
129	142	100	23
129	143	19	23
130	103	95	23
130	109	100	23
130	110	89	23
130	111	3	23
130	112	99	23
130	113	96	23
130	114	12	23
130	115	100	23
130	116	100	23
130	117	96	23
130	118	71	23
130	119	100	23
130	125	97	23
130	126	100	23
130	127	53	23
130	131	98	23
130	133	95	23
130	139	13	23
130	141	92	23
130	144	98	23
130	146	97	23
130	148	100	23
131	103	91	23
131	110	100	23
131	112	98	23
131	113	88	23
131	115	85	23
131	117	97	23
131	119	97	23
131	128	37	23
131	129	98	23
131	130	97	23
131	140	98	23
131	141	93	23
131	142	96	23
131	144	100	23
131	146	100	23
131	147	95	23
131	149	95	23
132	110	96	23
132	112	0	23
132	114	100	23
132	119	100	23
132	120	100	23
132	128	98	23
132	135	97	23
132	136	95	23
133	101	93	23
133	102	97	23
133	103	99	23
133	104	20	23
133	105	83	23
133	107	86	23
133	108	100	23
133	109	97	23
133	111	90	23
133	116	100	23
133	117	97	23
133	118	100	23
133	121	100	23
133	122	93	23
133	123	89	23
133	124	69	23
133	125	100	23
133	127	83	23
133	130	96	23
133	138	2	23
133	139	14	23
133	144	0	23
133	146	92	23
135	110	73	23
135	113	0	23
135	114	100	23
135	115	66	23
135	119	77	23
135	120	85	23
135	128	72	23
135	136	100	23
135	137	97	23
135	149	77	23
136	114	100	23
136	120	96	23
136	129	97	23
136	135	95	23
136	142	100	23
137	110	100	23
137	112	36	23
137	114	95	23
137	115	94	23
137	119	98	23
137	120	13	23
137	128	5	23
137	135	99	23
137	136	5	23
138	102	98	23
138	103	62	23
138	104	97	23
138	105	57	23
138	106	90	23
138	108	93	23
138	109	4	23
138	111	100	23
138	112	96	23
138	113	97	23
138	115	57	23
138	116	97	23
138	117	100	23
138	118	91	23
138	123	85	23
138	125	100	23
138	126	97	23
138	144	92	23
138	148	35	23
139	105	6	23
139	112	95	23
139	113	97	23
139	115	15	23
139	130	30	23
139	133	32	23
139	138	4	23
139	140	99	23
139	141	100	23
139	142	72	23
139	143	100	23
139	144	100	23
139	146	99	23
139	147	96	23
139	148	96	23
139	149	99	23
140	129	100	23
140	131	100	23
140	139	54	23
140	141	100	23
140	142	100	23
140	143	98	23
140	146	4	23
140	147	100	23
141	105	99	23
141	109	77	23
141	115	23	23
141	117	20	23
141	130	94	23
141	131	100	23
141	139	99	23
141	140	100	23
141	142	100	23
141	143	96	23
141	144	100	23
141	146	100	23
141	147	99	23
141	149	93	23
142	114	48	23
142	128	94	23
142	129	100	23
142	131	92	23
142	136	91	23
142	139	92	23
142	140	99	23
142	141	100	23
142	143	98	23
142	146	0	23
142	147	99	23
143	105	93	23
143	109	99	23
143	113	89	23
143	115	32	23
143	127	89	23
143	139	98	23
143	140	100	23
143	141	95	23
143	142	100	23
143	147	96	23
144	101	80	23
144	102	100	23
144	103	23	23
144	105	100	23
144	108	100	23
144	109	96	23
144	113	100	23
144	116	98	23
144	117	88	23
144	118	73	23
144	119	37	23
144	122	95	23
144	125	93	23
144	126	87	23
144	127	93	23
144	130	100	23
144	131	97	23
144	133	45	23
144	138	97	23
144	139	91	23
144	141	96	23
144	143	52	23
144	146	99	23
144	148	100	23
146	101	1	23
146	102	98	23
146	103	40	23
146	108	44	23
146	109	96	23
146	110	21	23
146	112	88	23
146	113	100	23
146	115	99	23
146	116	91	23
146	117	92	23
146	118	19	23
146	122	44	23
146	125	100	23
146	126	91	23
146	128	26	23
146	130	100	23
146	131	98	23
146	133	79	23
146	138	3	23
146	139	93	23
146	141	100	23
146	144	100	23
146	148	94	23
146	149	45	23
147	131	98	23
147	139	86	23
147	140	97	23
147	141	98	23
147	142	92	23
147	143	94	23
148	102	88	23
148	103	86	23
148	105	94	23
148	108	78	23
148	109	93	23
148	111	87	23
148	112	98	23
148	113	95	23
148	116	91	23
148	117	91	23
148	118	53	23
148	119	86	23
148	122	0	23
148	123	31	23
148	125	92	23
148	126	89	23
148	127	86	23
148	130	93	23
148	138	88	23
148	139	91	23
148	143	5	23
148	144	94	23
148	146	99	23
148	149	14	23
149	110	100	23
149	112	97	23
149	113	89	23
149	114	96	23
149	115	100	23
149	117	90	23
149	119	100	23
149	131	98	23
149	135	100	23
149	139	98	23
149	141	89	23
149	146	84	23
100	101	90	22
100	102	94	22
100	105	82	22
100	107	100	22
100	108	58	22
100	109	92	22
100	116	32	22
100	118	18	22
100	121	86	22
100	122	99	22
100	127	95	22
101	100	97	22
101	102	100	22
101	103	88	22
101	105	90	22
101	107	98	22
101	108	100	22
101	109	97	22
101	116	98	22
101	118	96	22
101	121	100	22
101	122	97	22
101	123	61	22
101	124	59	22
101	127	92	22
101	133	72	22
101	144	8	22
102	100	84	22
102	101	97	22
102	103	91	22
102	105	92	22
102	106	30	22
102	107	100	22
102	108	99	22
102	109	94	22
102	111	18	22
102	113	92	22
102	116	98	22
102	117	94	22
102	118	100	22
102	121	90	22
102	122	100	22
102	124	90	22
102	125	98	22
102	126	57	22
102	127	100	22
102	130	95	22
102	138	96	22
102	146	100	22
102	148	96	22
103	101	6	22
103	102	99	22
103	104	94	22
103	106	100	22
103	107	97	22
103	108	89	22
103	109	94	22
103	111	98	22
103	113	94	22
103	116	100	22
103	118	100	22
103	121	98	22
103	122	97	22
103	123	100	22
103	124	100	22
103	125	17	22
103	126	98	22
103	127	0	22
103	131	60	22
103	133	96	22
103	138	90	22
103	146	9	22
103	148	11	22
104	103	89	22
104	106	97	22
104	111	100	22
104	113	56	22
104	121	90	22
104	123	100	22
104	124	40	22
104	125	99	22
104	126	2	22
104	138	100	22
105	100	92	22
105	101	99	22
105	102	91	22
105	103	66	22
105	107	83	22
105	108	95	22
105	109	98	22
105	113	96	22
105	122	91	22
105	124	27	22
105	125	56	22
105	127	100	22
105	130	65	22
105	133	19	22
105	138	67	22
105	139	65	22
105	141	44	22
105	143	86	22
105	144	97	22
105	146	99	22
105	148	98	22
106	102	82	22
106	103	100	22
106	104	97	22
106	107	78	22
106	108	92	22
106	111	96	22
106	116	100	22
106	118	24	22
106	121	68	22
106	122	9	22
106	123	100	22
106	124	98	22
106	125	94	22
106	126	92	22
106	133	21	22
106	138	93	22
107	100	100	22
107	101	95	22
107	102	94	22
107	103	98	22
107	105	62	22
107	108	99	22
107	109	93	22
107	116	95	22
107	118	96	22
107	122	95	22
107	124	97	22
107	127	83	22
107	130	73	22
107	133	6	22
108	100	0	22
108	101	93	22
108	102	91	22
108	103	60	22
108	105	94	22
108	106	90	22
108	107	100	22
108	109	95	22
108	111	84	22
108	116	88	22
108	117	81	22
108	118	97	22
108	121	92	22
108	122	95	22
108	124	86	22
108	125	27	22
108	127	92	22
108	130	31	22
108	133	96	22
108	144	96	22
108	148	86	22
109	100	89	22
109	101	95	22
109	102	99	22
109	103	97	22
109	105	99	22
109	107	99	22
109	108	92	22
109	112	100	22
109	113	100	22
109	116	100	22
109	117	91	22
109	118	97	22
109	121	92	22
109	122	97	22
109	125	90	22
109	126	100	22
109	127	92	22
109	130	92	22
109	133	99	22
109	138	91	22
109	139	94	22
109	143	100	22
109	144	100	22
109	148	98	22
109	149	15	22
110	112	97	22
110	113	99	22
110	114	100	22
110	115	96	22
110	117	99	22
110	119	95	22
110	120	3	22
110	128	100	22
110	130	95	22
110	131	100	22
110	135	94	22
110	137	100	22
110	138	0	22
110	139	95	22
110	146	92	22
110	149	100	22
111	102	94	22
111	103	96	22
111	104	100	22
111	106	100	22
111	107	10	22
111	108	98	22
111	113	94	22
111	116	97	22
111	117	90	22
111	118	97	22
111	121	100	22
111	122	6	22
111	123	93	22
111	124	96	22
111	125	100	22
111	126	100	22
111	130	99	22
111	133	91	22
111	138	97	22
111	146	15	22
112	102	77	22
112	109	88	22
112	110	98	22
112	113	96	22
112	114	100	22
112	115	95	22
112	117	100	22
112	119	98	22
112	125	92	22
112	126	96	22
112	130	57	22
112	131	92	22
112	133	98	22
112	135	98	22
112	137	97	22
112	138	99	22
112	139	98	22
112	144	90	22
112	146	94	22
112	148	98	22
112	149	96	22
113	102	100	22
113	103	91	22
113	104	2	22
113	105	67	22
113	109	93	22
113	110	97	22
113	111	70	22
113	112	92	22
113	115	52	22
113	117	97	22
113	119	95	22
113	121	2	22
113	122	5	22
113	125	100	22
113	126	96	22
113	130	100	22
113	131	94	22
113	133	37	22
113	135	93	22
113	138	100	22
113	139	21	22
113	143	97	22
113	144	98	22
113	146	96	22
113	149	94	22
114	110	99	22
114	112	97	22
114	115	100	22
114	117	94	22
114	119	97	22
114	120	100	22
114	128	99	22
114	129	100	22
114	130	10	22
114	131	52	22
114	135	94	22
114	136	97	22
114	137	100	22
114	142	1	22
115	102	13	22
115	110	94	22
115	112	98	22
115	113	84	22
115	114	96	22
115	117	96	22
115	119	100	22
115	125	90	22
115	130	71	22
115	131	96	22
115	135	88	22
115	137	100	22
115	138	88	22
115	139	95	22
115	146	88	22
115	149	100	22
116	100	74	22
116	101	98	22
116	102	100	22
116	103	93	22
116	106	93	22
116	107	97	22
116	108	96	22
116	109	100	22
116	111	99	22
116	117	95	22
116	118	99	22
116	121	97	22
116	122	89	22
116	124	85	22
116	125	97	22
116	126	91	22
116	130	100	22
116	133	97	22
116	138	95	22
116	144	98	22
116	146	100	22
116	148	98	22
117	102	85	22
117	108	72	22
117	109	68	22
117	110	99	22
117	111	88	22
117	112	99	22
117	113	97	22
117	114	96	22
117	115	96	22
117	116	87	22
117	118	74	22
117	119	87	22
117	125	94	22
117	126	86	22
117	130	92	22
117	131	96	22
117	133	85	22
117	135	19	22
117	137	58	22
117	138	98	22
117	144	93	22
117	146	95	22
117	148	92	22
117	149	100	22
118	100	1	22
118	101	90	22
118	102	97	22
118	103	97	22
118	106	5	22
118	107	92	22
118	108	97	22
118	109	93	22
118	111	89	22
118	116	95	22
118	117	83	22
118	121	100	22
118	122	91	22
118	123	81	22
118	124	99	22
118	125	96	22
118	133	97	22
118	138	95	22
118	139	0	22
118	144	31	22
118	146	15	22
119	110	100	22
119	112	99	22
119	113	96	22
119	114	97	22
119	115	95	22
119	117	100	22
119	120	98	22
119	128	97	22
119	129	95	22
119	130	91	22
119	131	93	22
119	135	96	22
119	136	43	22
119	137	95	22
119	144	54	22
119	146	55	22
119	149	98	22
120	110	91	22
120	114	55	22
120	119	96	22
120	128	98	22
120	129	100	22
120	135	100	22
120	136	100	22
120	142	100	22
121	100	72	22
121	101	97	22
121	102	98	22
121	103	96	22
121	104	100	22
121	106	27	22
121	107	93	22
121	108	96	22
121	109	87	22
121	111	96	22
121	113	73	22
121	116	91	22
121	118	100	22
121	122	93	22
121	123	93	22
121	124	98	22
121	125	88	22
121	126	94	22
121	130	88	22
121	133	100	22
121	138	92	22
121	148	98	22
122	100	100	22
122	101	95	22
122	102	99	22
122	103	85	22
122	105	100	22
122	106	32	22
122	107	100	22
122	108	99	22
122	109	93	22
122	111	19	22
122	113	79	22
122	116	92	22
122	118	82	22
122	121	92	22
122	123	66	22
122	124	88	22
122	125	98	22
122	127	98	22
122	130	94	22
122	133	92	22
122	143	100	22
122	144	100	22
122	148	1	22
123	101	48	22
123	102	2	22
123	103	93	22
123	104	96	22
123	106	96	22
123	111	100	22
123	118	40	22
123	121	85	22
123	122	15	22
123	124	86	22
123	126	86	22
123	133	52	22
124	101	88	22
124	102	82	22
124	103	88	22
124	104	64	22
124	106	91	22
124	107	75	22
124	108	86	22
124	111	91	22
124	116	75	22
124	118	91	22
124	121	94	22
124	122	89	22
124	123	93	22
124	126	96	22
124	133	90	22
125	102	100	22
125	103	91	22
125	104	94	22
125	105	0	22
125	106	88	22
125	108	82	22
125	109	87	22
125	111	97	22
125	112	94	22
125	113	95	22
125	114	17	22
125	115	100	22
125	116	97	22
125	117	97	22
125	118	95	22
125	121	51	22
125	122	86	22
125	126	99	22
125	130	100	22
125	131	43	22
125	133	97	22
125	138	100	22
125	139	87	22
125	141	81	22
125	144	98	22
125	146	0	22
125	148	100	22
125	149	93	22
126	102	59	22
126	103	97	22
126	106	96	22
126	109	3	22
126	111	96	22
126	112	53	22
126	113	92	22
126	116	92	22
126	117	91	22
126	121	92	22
126	123	98	22
126	124	88	22
126	125	95	22
126	130	98	22
126	133	95	22
126	138	91	22
126	148	44	22
127	100	88	22
127	101	89	22
127	102	94	22
127	103	89	22
127	105	100	22
127	107	93	22
127	108	85	22
127	109	95	22
127	118	3	22
127	122	92	22
127	130	76	22
127	133	92	22
127	139	85	22
127	143	95	22
127	144	98	22
127	146	99	22
128	110	93	22
128	114	91	22
128	119	99	22
128	120	94	22
128	129	98	22
128	135	97	22
128	142	99	22
129	114	100	22
129	119	91	22
129	120	99	22
129	128	100	22
129	136	98	22
129	140	90	22
129	141	2	22
129	142	95	22
129	143	60	22
129	147	84	22
129	149	7	22
130	102	91	22
130	109	99	22
130	110	95	22
130	111	99	22
130	113	100	22
130	114	8	22
130	115	16	22
130	116	95	22
130	117	95	22
130	119	95	22
130	122	73	22
130	125	98	22
130	126	93	22
130	131	96	22
130	138	100	22
130	139	89	22
130	141	5	22
130	144	99	22
130	146	99	22
130	148	100	22
130	149	96	22
131	103	90	22
131	110	90	22
131	112	100	22
131	113	92	22
131	114	89	22
131	115	100	22
131	117	97	22
131	119	95	22
131	126	16	22
131	130	98	22
131	139	94	22
131	140	97	22
131	141	100	22
131	143	100	22
131	144	100	22
131	146	96	22
131	147	100	22
131	148	10	22
131	149	100	22
132	110	4	22
132	114	96	22
132	119	95	22
132	120	100	22
132	128	100	22
132	129	97	22
132	135	95	22
132	136	98	22
132	137	29	22
133	101	13	22
133	102	92	22
133	103	100	22
133	105	14	22
133	106	96	22
133	108	99	22
133	109	93	22
133	111	99	22
133	112	97	22
133	116	98	22
133	117	92	22
133	118	97	22
133	121	94	22
133	122	88	22
133	123	69	22
133	124	100	22
133	125	96	22
133	126	98	22
133	127	82	22
133	138	25	22
133	139	32	22
133	144	8	22
133	146	93	22
135	110	93	22
135	112	92	22
135	113	84	22
135	114	84	22
135	115	91	22
135	119	98	22
135	120	100	22
135	128	100	22
135	136	100	22
135	137	100	22
136	114	95	22
136	119	44	22
136	120	97	22
136	128	49	22
136	129	99	22
136	135	96	22
136	142	50	22
137	110	99	22
137	112	93	22
137	113	7	22
137	114	96	22
137	115	99	22
137	117	46	22
137	119	94	22
137	135	100	22
138	102	97	22
138	103	90	22
138	104	93	22
138	106	100	22
138	109	91	22
138	111	100	22
138	112	99	22
138	113	95	22
138	115	93	22
138	116	100	22
138	117	100	22
138	118	96	22
138	121	93	22
138	125	96	22
138	126	97	22
138	130	98	22
138	144	96	22
138	146	22	22
138	148	92	22
139	102	8	22
139	105	5	22
139	109	10	22
139	110	89	22
139	112	98	22
139	113	93	22
139	115	93	22
139	125	87	22
139	127	15	22
139	130	94	22
139	131	92	22
139	140	95	22
139	141	96	22
139	142	43	22
139	143	100	22
139	144	94	22
139	146	97	22
139	147	96	22
139	148	92	22
139	149	92	22
140	129	10	22
140	131	100	22
140	139	95	22
140	141	96	22
140	142	98	22
140	143	97	22
140	147	100	22
141	102	0	22
141	105	1	22
141	125	84	22
141	128	8	22
141	129	14	22
141	130	72	22
141	131	99	22
141	139	100	22
141	140	100	22
141	142	94	22
141	143	100	22
141	144	93	22
141	146	91	22
141	147	98	22
141	148	69	22
142	114	48	22
142	120	100	22
142	128	100	22
142	129	100	22
142	131	14	22
142	136	9	22
142	139	18	22
142	140	89	22
142	141	100	22
142	143	92	22
142	147	97	22
143	105	5	22
143	109	93	22
143	113	97	22
143	122	71	22
143	127	94	22
143	129	4	22
143	131	95	22
143	139	100	22
143	140	95	22
143	141	93	22
143	142	97	22
143	144	91	22
143	147	98	22
143	148	100	22
144	101	86	22
144	105	95	22
144	108	94	22
144	109	94	22
144	111	40	22
144	112	90	22
144	113	100	22
144	116	92	22
144	117	100	22
144	118	7	22
144	119	98	22
144	122	100	22
144	125	93	22
144	126	35	22
144	127	93	22
144	130	88	22
144	131	96	22
144	133	91	22
144	138	98	22
144	139	99	22
144	141	97	22
144	143	99	22
144	146	100	22
144	148	98	22
146	102	93	22
146	103	24	22
146	105	19	22
146	110	96	22
146	111	10	22
146	112	94	22
146	113	98	22
146	114	0	22
146	115	97	22
146	116	87	22
146	117	99	22
146	118	12	22
146	119	87	22
146	125	13	22
146	126	49	22
146	127	83	22
146	130	100	22
146	131	97	22
146	133	26	22
146	138	85	22
146	139	100	22
146	141	96	22
146	144	100	22
146	148	98	22
146	149	97	22
147	129	50	22
147	131	96	22
147	139	97	22
147	140	98	22
147	141	91	22
147	142	100	22
147	143	97	22
148	102	100	22
148	103	94	22
148	105	91	22
148	108	90	22
148	109	92	22
148	111	26	22
148	112	93	22
148	113	88	22
148	115	24	22
148	116	94	22
148	117	93	22
148	121	96	22
148	122	32	22
148	125	96	22
148	126	91	22
148	130	98	22
148	131	7	22
148	138	97	22
148	139	100	22
148	141	29	22
148	143	100	22
148	144	97	22
148	146	97	22
148	149	64	22
149	109	11	22
149	110	93	22
149	112	96	22
149	113	91	22
149	115	92	22
149	117	97	22
149	119	100	22
149	125	93	22
149	129	74	22
149	130	92	22
149	131	89	22
149	135	96	22
149	139	93	22
149	143	13	22
149	146	100	22
149	148	76	22
100	101	96	21
100	105	98	21
100	106	28	21
100	108	95	21
100	116	88	21
100	118	92	21
100	121	89	21
100	122	94	21
100	127	98	21
100	133	70	21
100	144	66	21
101	100	93	21
101	102	96	21
101	105	100	21
101	106	87	21
101	107	99	21
101	108	100	21
101	109	99	21
101	116	48	21
101	118	83	21
101	121	85	21
101	122	99	21
101	127	98	21
101	133	17	21
102	101	96	21
102	103	92	21
102	105	95	21
102	107	91	21
102	108	93	21
102	109	93	21
102	111	93	21
102	113	92	21
102	116	98	21
102	117	36	21
102	118	93	21
102	121	85	21
102	122	94	21
102	125	100	21
102	126	42	21
102	127	98	21
102	130	48	21
102	133	92	21
102	138	100	21
102	144	94	21
102	146	100	21
103	102	40	21
103	106	62	21
103	107	55	21
103	109	93	21
103	111	100	21
103	116	99	21
103	118	100	21
103	121	100	21
103	122	92	21
103	123	96	21
103	124	92	21
103	126	100	21
103	131	28	21
103	133	100	21
103	138	100	21
103	144	22	21
104	106	68	21
104	111	98	21
104	116	66	21
104	121	86	21
104	123	91	21
104	125	92	21
104	126	97	21
104	138	95	21
105	100	83	21
105	101	90	21
105	102	92	21
105	107	86	21
105	108	95	21
105	109	100	21
105	113	100	21
105	116	51	21
105	118	53	21
105	122	95	21
105	125	8	21
105	127	99	21
105	133	83	21
105	139	95	21
105	143	100	21
105	144	100	21
105	146	94	21
105	148	100	21
106	101	64	21
106	103	54	21
106	104	63	21
106	107	9	21
106	108	84	21
106	111	92	21
106	116	57	21
106	118	96	21
106	121	98	21
106	123	100	21
106	124	95	21
106	126	94	21
106	133	9	21
106	138	62	21
107	100	0	21
107	101	96	21
107	102	93	21
107	103	83	21
107	105	50	21
107	108	96	21
107	109	69	21
107	116	89	21
107	118	95	21
107	121	90	21
107	122	44	21
107	124	83	21
107	127	13	21
107	133	50	21
107	144	39	21
108	100	99	21
108	101	97	21
108	102	100	21
108	103	58	21
108	105	96	21
108	106	97	21
108	107	97	21
108	109	100	21
108	116	100	21
108	118	97	21
108	121	99	21
108	122	96	21
108	124	8	21
108	127	93	21
108	133	100	21
108	138	100	21
108	144	94	21
108	146	96	21
109	101	92	21
109	102	100	21
109	103	92	21
109	105	100	21
109	107	83	21
109	108	100	21
109	111	3	21
109	112	96	21
109	113	94	21
109	116	99	21
109	117	3	21
109	118	90	21
109	122	93	21
109	125	98	21
109	126	94	21
109	127	100	21
109	130	84	21
109	133	92	21
109	138	96	21
109	139	92	21
109	141	18	21
109	143	100	21
109	144	99	21
109	146	0	21
109	148	100	21
110	112	97	21
110	113	14	21
110	114	100	21
110	115	94	21
110	117	100	21
110	119	96	21
110	125	37	21
110	128	62	21
110	130	90	21
110	131	92	21
110	135	100	21
110	137	95	21
110	139	48	21
110	146	91	21
110	149	97	21
111	102	5	21
111	103	97	21
111	104	100	21
111	106	93	21
111	113	11	21
111	116	86	21
111	117	88	21
111	118	31	21
111	121	100	21
111	123	100	21
111	124	44	21
111	125	81	21
111	126	99	21
111	133	92	21
111	138	99	21
111	144	0	21
112	109	95	21
112	110	100	21
112	113	87	21
112	114	93	21
112	115	97	21
112	116	88	21
112	117	96	21
112	119	100	21
112	126	100	21
112	130	100	21
112	131	99	21
112	133	87	21
112	135	100	21
112	138	100	21
112	139	95	21
112	144	92	21
112	146	100	21
112	148	0	21
112	149	85	21
113	102	61	21
113	105	96	21
113	109	90	21
113	110	91	21
113	111	58	21
113	112	67	21
113	116	44	21
113	117	94	21
113	119	99	21
113	125	98	21
113	126	97	21
113	127	27	21
113	130	100	21
113	131	94	21
113	135	79	21
113	138	95	21
113	139	94	21
113	144	92	21
113	146	99	21
113	148	58	21
113	149	98	21
114	110	98	21
114	112	100	21
114	115	100	21
114	117	98	21
114	119	97	21
114	128	96	21
114	129	100	21
114	131	23	21
114	135	98	21
114	136	100	21
114	137	91	21
115	110	100	21
115	112	98	21
115	114	99	21
115	117	93	21
115	119	96	21
115	125	100	21
115	131	100	21
115	135	100	21
115	137	96	21
115	138	93	21
115	139	90	21
115	146	68	21
115	149	95	21
116	100	3	21
116	101	87	21
116	102	97	21
116	103	100	21
116	105	0	21
116	106	46	21
116	107	88	21
116	108	97	21
116	109	96	21
116	111	96	21
116	117	72	21
116	118	93	21
116	121	98	21
116	122	98	21
116	125	100	21
116	126	56	21
116	133	100	21
116	138	98	21
116	144	100	21
116	146	100	21
116	148	98	21
117	110	100	21
117	111	90	21
117	112	96	21
117	113	97	21
117	114	95	21
117	115	95	21
117	116	89	21
117	118	88	21
117	119	48	21
117	125	100	21
117	126	99	21
117	130	100	21
117	131	99	21
117	133	9	21
117	135	10	21
117	138	99	21
117	144	97	21
117	146	90	21
117	149	100	21
118	100	88	21
118	101	8	21
118	102	90	21
118	103	96	21
118	105	17	21
118	106	96	21
118	107	96	21
118	108	93	21
118	109	94	21
118	111	92	21
118	116	98	21
118	117	99	21
118	121	94	21
118	122	99	21
118	123	98	21
118	124	88	21
118	125	12	21
118	126	46	21
118	127	92	21
118	131	32	21
118	133	100	21
118	138	100	21
118	144	71	21
118	146	28	21
119	110	100	21
119	112	81	21
119	113	98	21
119	114	98	21
119	115	100	21
119	117	71	21
119	120	98	21
119	128	96	21
119	129	31	21
119	131	100	21
119	135	98	21
119	136	98	21
119	149	94	21
120	110	89	21
120	114	95	21
120	119	97	21
120	128	96	21
120	129	99	21
120	136	99	21
121	101	100	21
121	102	87	21
121	103	96	21
121	104	98	21
121	106	99	21
121	107	92	21
121	108	99	21
121	111	100	21
121	116	94	21
121	118	90	21
121	122	96	21
121	123	97	21
121	124	93	21
121	125	3	21
121	126	96	21
121	133	91	21
121	138	95	21
122	100	97	21
122	101	96	21
122	102	90	21
122	103	96	21
122	105	100	21
122	106	6	21
122	107	77	21
122	108	97	21
122	109	100	21
122	116	93	21
122	118	99	21
122	121	95	21
122	123	95	21
122	127	100	21
122	131	7	21
122	133	58	21
122	143	80	21
122	144	99	21
122	146	80	21
123	101	5	21
123	103	92	21
123	104	98	21
123	106	98	21
123	111	100	21
123	118	100	21
123	121	99	21
123	122	58	21
123	124	100	21
123	126	94	21
123	138	53	21
124	101	77	21
124	103	91	21
124	106	97	21
124	111	94	21
124	118	96	21
124	121	99	21
124	123	94	21
124	126	100	21
124	133	95	21
125	102	82	21
125	103	29	21
125	104	89	21
125	105	33	21
125	109	94	21
125	110	97	21
125	111	93	21
125	113	100	21
125	115	98	21
125	116	95	21
125	117	100	21
125	118	72	21
125	121	72	21
125	126	85	21
125	130	99	21
125	133	97	21
125	138	100	21
125	139	68	21
125	144	99	21
125	146	67	21
125	148	94	21
126	103	91	21
126	104	95	21
126	106	97	21
126	109	41	21
126	111	100	21
126	112	93	21
126	113	95	21
126	116	97	21
126	117	100	21
126	118	0	21
126	121	100	21
126	123	100	21
126	124	90	21
126	125	100	21
126	138	100	21
126	146	77	21
127	100	97	21
127	101	97	21
127	102	97	21
127	105	100	21
127	107	19	21
127	108	96	21
127	109	92	21
127	113	2	21
127	116	7	21
127	118	34	21
127	122	98	21
127	139	75	21
127	143	87	21
127	144	100	21
128	110	87	21
128	114	95	21
128	119	97	21
128	120	100	21
128	129	99	21
128	131	13	21
128	135	10	21
128	149	90	21
129	110	8	21
129	114	93	21
129	120	96	21
129	128	100	21
129	131	65	21
129	136	96	21
129	140	95	21
129	142	89	21
129	143	11	21
130	102	83	21
130	105	12	21
130	109	93	21
130	110	95	21
130	111	96	21
130	112	99	21
130	113	100	21
130	114	97	21
130	115	96	21
130	116	84	21
130	117	99	21
130	122	3	21
130	125	97	21
130	126	89	21
130	131	96	21
130	133	99	21
130	135	17	21
130	138	100	21
130	139	100	21
130	144	91	21
130	146	97	21
130	148	98	21
130	149	100	21
131	103	48	21
131	110	96	21
131	112	99	21
131	113	98	21
131	114	37	21
131	115	96	21
131	117	100	21
131	119	98	21
131	129	0	21
131	130	97	21
131	135	52	21
131	139	98	21
131	140	100	21
131	141	98	21
131	142	96	21
131	144	100	21
131	147	100	21
131	149	100	21
132	114	100	21
132	119	100	21
132	120	95	21
132	128	94	21
132	129	88	21
132	135	99	21
132	136	99	21
132	142	82	21
133	101	89	21
133	102	91	21
133	103	97	21
133	105	79	21
133	106	55	21
133	107	28	21
133	108	95	21
133	109	97	21
133	111	90	21
133	112	87	21
133	116	100	21
133	118	97	21
133	121	95	21
133	122	67	21
133	124	99	21
133	125	93	21
133	130	97	21
133	131	0	21
133	138	98	21
133	144	97	21
133	146	65	21
135	110	97	21
135	112	90	21
135	114	100	21
135	115	100	21
135	119	99	21
135	131	61	21
135	136	90	21
135	137	98	21
136	114	100	21
136	119	83	21
136	120	100	21
136	129	98	21
136	135	98	21
137	110	100	21
137	112	26	21
137	114	95	21
137	115	100	21
137	117	87	21
137	135	100	21
138	102	85	21
138	103	86	21
138	104	100	21
138	106	3	21
138	109	82	21
138	111	87	21
138	112	57	21
138	113	93	21
138	116	97	21
138	117	100	21
138	121	97	21
138	123	74	21
138	125	98	21
138	126	96	21
138	130	97	21
138	133	84	21
138	144	90	21
138	148	41	21
139	105	93	21
139	109	94	21
139	110	90	21
139	112	100	21
139	113	2	21
139	115	2	21
139	125	10	21
139	127	14	21
139	130	63	21
139	131	100	21
139	140	95	21
139	141	100	21
139	143	95	21
139	144	96	21
139	146	97	21
139	147	14	21
139	148	96	21
140	129	57	21
140	131	100	21
140	139	100	21
140	141	97	21
140	142	100	21
140	143	100	21
140	147	44	21
141	105	0	21
141	109	87	21
141	129	100	21
141	131	93	21
141	139	100	21
141	140	99	21
141	142	97	21
141	143	100	21
141	144	97	21
141	146	96	21
141	147	96	21
142	114	31	21
142	129	95	21
142	131	95	21
142	139	5	21
142	140	91	21
142	141	63	21
142	143	100	21
142	147	100	21
143	105	89	21
143	109	95	21
143	122	11	21
143	127	56	21
143	129	0	21
143	131	16	21
143	139	100	21
143	140	92	21
143	141	100	21
143	142	96	21
143	144	95	21
143	146	99	21
143	147	99	21
143	148	7	21
144	102	3	21
144	103	85	21
144	105	90	21
144	107	6	21
144	108	0	21
144	109	92	21
144	112	84	21
144	113	92	21
144	116	94	21
144	117	100	21
144	118	23	21
144	122	88	21
144	125	100	21
144	127	88	21
144	130	100	21
144	131	100	21
144	133	74	21
144	138	95	21
144	139	95	21
144	141	100	21
144	143	97	21
144	146	96	21
144	148	100	21
146	102	74	21
146	105	90	21
146	108	94	21
146	109	0	21
146	110	96	21
146	112	92	21
146	113	96	21
146	116	88	21
146	117	93	21
146	118	10	21
146	122	19	21
146	125	25	21
146	126	88	21
146	127	4	21
146	130	100	21
146	131	49	21
146	133	29	21
146	139	93	21
146	141	97	21
146	143	95	21
146	144	95	21
146	148	96	21
146	149	96	21
147	131	92	21
147	139	92	21
147	140	27	21
147	141	100	21
147	142	100	21
147	143	100	21
148	102	0	21
148	103	92	21
148	105	93	21
148	109	91	21
148	110	3	21
148	112	80	21
148	113	30	21
148	116	93	21
148	117	92	21
148	121	78	21
148	123	65	21
148	125	99	21
148	126	91	21
148	130	98	21
148	138	100	21
148	139	100	21
148	143	94	21
148	144	98	21
148	146	100	21
148	149	97	21
149	110	94	21
149	112	82	21
149	113	96	21
149	114	97	21
149	115	100	21
149	117	95	21
149	119	100	21
149	128	99	21
149	129	9	21
149	130	98	21
149	131	100	21
149	135	94	21
149	138	0	21
149	140	0	21
149	146	98	21
149	148	88	21
100	101	98	20
100	102	97	20
100	106	60	20
100	107	98	20
100	108	98	20
100	109	7	20
100	116	97	20
100	118	100	20
100	121	2	20
100	122	98	20
100	124	10	20
100	127	100	20
100	133	84	20
100	144	99	20
101	100	93	20
101	102	100	20
101	105	50	20
101	106	94	20
101	107	97	20
101	108	100	20
101	109	100	20
101	116	100	20
101	118	100	20
101	121	97	20
101	122	99	20
101	123	95	20
101	127	100	20
101	144	24	20
101	146	35	20
102	100	100	20
102	101	97	20
102	103	100	20
102	105	97	20
102	107	100	20
102	108	100	20
102	109	100	20
102	111	93	20
102	113	100	20
102	116	100	20
102	118	96	20
102	121	100	20
102	122	99	20
102	124	97	20
102	125	98	20
102	126	97	20
102	127	98	20
102	130	100	20
102	133	97	20
102	138	100	20
102	139	90	20
102	146	17	20
102	148	97	20
103	101	1	20
103	102	100	20
103	104	93	20
103	106	92	20
103	108	100	20
103	109	100	20
103	111	95	20
103	113	100	20
103	116	94	20
103	117	59	20
103	118	96	20
103	121	100	20
103	122	84	20
103	123	97	20
103	124	96	20
103	130	99	20
103	131	96	20
103	133	100	20
103	138	99	20
103	148	96	20
104	103	99	20
104	106	98	20
104	108	17	20
104	111	100	20
104	112	74	20
104	113	49	20
104	116	93	20
104	121	100	20
104	123	100	20
104	124	100	20
104	125	98	20
104	126	98	20
104	138	38	20
105	100	33	20
105	101	85	20
105	102	96	20
105	107	97	20
105	108	98	20
105	109	96	20
105	113	100	20
105	118	97	20
105	122	95	20
105	125	100	20
105	127	99	20
105	130	100	20
105	131	60	20
105	133	1	20
105	139	84	20
105	141	97	20
105	143	100	20
105	144	96	20
105	146	93	20
105	148	100	20
106	100	95	20
106	101	100	20
106	102	0	20
106	103	90	20
106	104	94	20
106	108	96	20
106	111	100	20
106	116	96	20
106	118	99	20
106	121	96	20
106	123	100	20
106	124	97	20
106	125	80	20
106	126	100	20
106	130	81	20
106	133	97	20
107	100	100	20
107	101	96	20
107	102	100	20
107	105	100	20
107	106	10	20
107	108	99	20
107	109	100	20
107	111	58	20
107	116	76	20
107	118	99	20
107	121	96	20
107	122	98	20
107	123	100	20
107	124	99	20
107	125	6	20
107	127	8	20
107	130	0	20
107	133	100	20
107	148	12	20
108	100	92	20
108	101	97	20
108	102	100	20
108	103	100	20
108	104	6	20
108	105	39	20
108	106	100	20
108	107	96	20
108	109	96	20
108	112	40	20
108	116	98	20
108	117	13	20
108	118	98	20
108	121	97	20
108	122	100	20
108	123	64	20
108	124	100	20
108	125	98	20
108	126	99	20
108	127	100	20
108	130	100	20
108	133	96	20
108	138	97	20
108	139	99	20
108	144	100	20
108	146	95	20
108	148	88	20
109	100	68	20
109	101	100	20
109	102	96	20
109	103	94	20
109	105	100	20
109	107	97	20
109	108	100	20
109	111	85	20
109	112	94	20
109	113	12	20
109	115	90	20
109	116	98	20
109	117	100	20
109	118	98	20
109	122	96	20
109	125	99	20
109	127	99	20
109	131	66	20
109	133	100	20
109	138	93	20
109	139	100	20
109	141	100	20
109	143	98	20
109	144	100	20
109	146	75	20
109	148	100	20
110	112	100	20
110	113	100	20
110	114	100	20
110	115	96	20
110	117	99	20
110	119	98	20
110	120	100	20
110	125	99	20
110	128	93	20
110	130	96	20
110	131	98	20
110	135	97	20
110	137	99	20
110	138	96	20
110	146	100	20
110	149	100	20
111	102	100	20
111	103	98	20
111	104	99	20
111	106	100	20
111	107	88	20
111	109	2	20
111	113	90	20
111	116	98	20
111	117	12	20
111	118	45	20
111	121	94	20
111	123	100	20
111	124	74	20
111	125	5	20
111	126	96	20
111	130	98	20
111	133	100	20
111	138	100	20
111	144	99	20
111	148	7	20
112	104	98	20
112	108	32	20
112	109	98	20
112	110	99	20
112	113	100	20
112	114	100	20
112	115	96	20
112	116	94	20
112	117	93	20
112	118	46	20
112	119	98	20
112	125	100	20
112	126	96	20
112	130	98	20
112	131	100	20
112	135	99	20
112	137	98	20
112	138	92	20
112	139	100	20
112	143	95	20
112	144	4	20
112	146	99	20
112	148	91	20
112	149	100	20
113	102	98	20
113	103	92	20
113	104	28	20
113	105	87	20
113	110	100	20
113	111	78	20
113	112	100	20
113	114	52	20
113	115	100	20
113	116	100	20
113	117	96	20
113	118	22	20
113	119	98	20
113	121	8	20
113	125	97	20
113	126	99	20
113	127	62	20
113	130	100	20
113	131	97	20
113	133	93	20
113	137	9	20
113	138	100	20
113	139	100	20
113	143	89	20
113	144	97	20
113	146	95	20
113	148	89	20
113	149	98	20
114	110	99	20
114	112	100	20
114	113	79	20
114	115	100	20
114	117	100	20
114	119	100	20
114	120	97	20
114	125	0	20
114	128	92	20
114	130	98	20
114	131	69	20
114	135	100	20
114	136	100	20
114	137	100	20
115	110	100	20
115	112	100	20
115	113	93	20
115	114	96	20
115	117	99	20
115	119	97	20
115	125	93	20
115	130	100	20
115	131	98	20
115	135	97	20
115	136	24	20
115	137	97	20
115	138	58	20
115	139	32	20
115	144	1	20
115	149	93	20
116	100	100	20
116	101	100	20
116	102	98	20
116	103	100	20
116	104	95	20
116	106	98	20
116	107	70	20
116	108	100	20
116	109	95	20
116	111	100	20
116	112	96	20
116	113	100	20
116	117	98	20
116	118	100	20
116	121	95	20
116	122	96	20
116	123	20	20
116	124	70	20
116	125	98	20
116	126	87	20
116	130	99	20
116	133	100	20
116	138	98	20
116	144	100	20
116	146	21	20
116	148	98	20
117	103	89	20
117	108	5	20
117	109	34	20
117	110	100	20
117	111	5	20
117	112	97	20
117	113	100	20
117	114	100	20
117	115	100	20
117	116	98	20
117	118	94	20
117	119	92	20
117	120	2	20
117	125	95	20
117	126	96	20
117	130	96	20
117	131	99	20
117	133	99	20
117	137	62	20
117	138	100	20
117	143	0	20
117	144	100	20
117	146	99	20
117	148	99	20
117	149	94	20
118	100	98	20
118	101	100	20
118	102	100	20
118	103	95	20
118	104	3	20
118	105	91	20
118	106	93	20
118	107	94	20
118	108	100	20
118	111	10	20
118	112	0	20
118	116	96	20
118	117	98	20
118	121	96	20
118	122	63	20
118	123	96	20
118	124	100	20
118	125	97	20
118	126	0	20
118	127	100	20
118	130	90	20
118	131	91	20
118	133	99	20
118	144	94	20
118	148	100	20
119	110	100	20
119	112	100	20
119	113	100	20
119	114	96	20
119	115	96	20
119	117	100	20
119	120	99	20
119	125	92	20
119	128	100	20
119	131	96	20
119	135	97	20
119	136	95	20
119	137	97	20
119	144	96	20
119	148	96	20
119	149	96	20
120	110	96	20
120	114	92	20
120	117	13	20
120	119	99	20
120	128	95	20
120	129	97	20
120	135	61	20
120	136	96	20
120	142	58	20
121	100	86	20
121	101	99	20
121	102	98	20
121	103	99	20
121	104	100	20
121	106	96	20
121	107	100	20
121	108	100	20
121	111	98	20
121	113	37	20
121	116	97	20
121	118	100	20
121	122	100	20
121	123	97	20
121	124	96	20
121	126	100	20
121	127	1	20
121	130	95	20
121	133	95	20
121	138	100	20
122	100	97	20
122	101	98	20
122	102	94	20
122	103	90	20
122	105	96	20
122	107	96	20
122	108	100	20
122	109	96	20
122	116	100	20
122	117	76	20
122	118	97	20
122	121	95	20
122	123	38	20
122	125	100	20
122	127	100	20
122	131	5	20
122	133	54	20
122	139	51	20
122	143	94	20
122	144	99	20
122	146	100	20
123	101	98	20
123	103	100	20
123	104	96	20
123	106	99	20
123	107	96	20
123	108	88	20
123	111	100	20
123	116	42	20
123	118	98	20
123	121	100	20
123	124	100	20
123	125	100	20
123	126	93	20
123	130	73	20
123	138	100	20
123	148	97	20
124	102	99	20
124	103	95	20
124	104	32	20
124	106	100	20
124	107	100	20
124	108	91	20
124	111	96	20
124	116	100	20
124	118	100	20
124	121	100	20
124	123	98	20
124	125	16	20
124	126	98	20
124	133	100	20
124	138	77	20
125	102	100	20
125	104	100	20
125	105	75	20
125	106	25	20
125	108	66	20
125	109	97	20
125	110	97	20
125	112	100	20
125	113	92	20
125	114	20	20
125	115	99	20
125	116	100	20
125	117	99	20
125	118	89	20
125	119	13	20
125	123	99	20
125	124	12	20
125	126	97	20
125	130	99	20
125	131	98	20
125	133	100	20
125	138	100	20
125	139	97	20
125	144	100	20
125	146	99	20
125	148	100	20
126	102	97	20
126	104	97	20
126	106	97	20
126	108	96	20
126	111	100	20
126	112	100	20
126	113	100	20
126	116	100	20
126	117	97	20
126	121	95	20
126	123	100	20
126	124	100	20
126	125	95	20
126	130	100	20
126	138	97	20
126	146	100	20
126	148	100	20
127	100	100	20
127	101	98	20
127	102	100	20
127	105	96	20
127	107	98	20
127	108	100	20
127	109	97	20
127	112	2	20
127	113	97	20
127	116	2	20
127	118	100	20
127	121	8	20
127	122	100	20
127	125	79	20
127	133	100	20
127	138	26	20
127	139	97	20
127	143	58	20
127	144	97	20
128	110	94	20
128	114	97	20
128	119	100	20
128	120	98	20
128	129	100	20
128	131	98	20
128	135	12	20
128	136	26	20
128	142	95	20
128	149	100	20
129	114	99	20
129	120	100	20
129	128	97	20
129	131	7	20
129	136	97	20
129	139	55	20
129	140	92	20
129	141	100	20
129	142	96	20
129	143	26	20
129	147	66	20
130	102	100	20
130	103	87	20
130	105	47	20
130	106	38	20
130	107	7	20
130	108	100	20
130	110	100	20
130	111	94	20
130	112	99	20
130	113	96	20
130	114	82	20
130	115	100	20
130	116	100	20
130	117	100	20
130	118	45	20
130	121	94	20
130	123	25	20
130	125	100	20
130	126	95	20
130	131	100	20
130	133	100	20
130	135	36	20
130	138	100	20
130	139	99	20
130	144	100	20
130	146	99	20
130	148	100	20
130	149	99	20
131	103	89	20
131	110	98	20
131	112	100	20
131	113	100	20
131	114	96	20
131	115	97	20
131	117	100	20
131	118	71	20
131	119	100	20
131	125	100	20
131	128	97	20
131	130	100	20
131	133	60	20
131	135	99	20
131	138	17	20
131	139	92	20
131	140	100	20
131	141	100	20
131	143	16	20
131	144	12	20
131	146	0	20
131	147	99	20
131	149	100	20
132	114	100	20
132	115	95	20
132	119	99	20
132	120	100	20
132	128	99	20
132	129	100	20
132	135	92	20
132	136	100	20
132	137	100	20
132	142	11	20
132	149	90	20
133	100	94	20
133	101	36	20
133	102	100	20
133	103	99	20
133	104	12	20
133	106	99	20
133	107	80	20
133	108	100	20
133	109	100	20
133	111	92	20
133	113	98	20
133	116	96	20
133	117	96	20
133	118	99	20
133	121	100	20
133	124	100	20
133	125	100	20
133	127	100	20
133	130	99	20
133	131	99	20
133	138	100	20
133	144	97	20
133	146	94	20
133	148	98	20
135	110	100	20
135	112	99	20
135	114	100	20
135	115	100	20
135	119	100	20
135	120	13	20
135	130	82	20
135	131	98	20
135	136	98	20
135	137	100	20
135	149	9	20
136	114	98	20
136	115	5	20
136	119	100	20
136	120	95	20
136	128	13	20
136	129	97	20
136	135	96	20
136	137	100	20
137	110	100	20
137	112	100	20
137	113	80	20
137	114	100	20
137	115	100	20
137	117	44	20
137	119	100	20
137	135	100	20
137	136	96	20
138	102	100	20
138	103	99	20
138	105	2	20
138	106	8	20
138	108	97	20
138	109	91	20
138	110	89	20
138	111	96	20
138	112	96	20
138	113	99	20
138	115	22	20
138	116	93	20
138	117	100	20
138	121	100	20
138	123	100	20
138	124	62	20
138	125	93	20
138	126	100	20
138	130	99	20
138	131	6	20
138	133	96	20
138	144	100	20
138	146	3	20
138	148	100	20
138	149	87	20
139	102	63	20
139	105	16	20
139	108	93	20
139	109	97	20
139	112	100	20
139	113	98	20
139	114	6	20
139	115	84	20
139	116	50	20
139	125	98	20
139	127	96	20
139	129	40	20
139	130	98	20
139	131	99	20
139	140	100	20
139	141	100	20
139	142	100	20
139	143	98	20
139	144	98	20
139	146	100	20
139	147	100	20
139	148	98	20
139	149	100	20
140	129	91	20
140	131	98	20
140	139	100	20
140	141	94	20
140	142	100	20
140	143	99	20
140	147	96	20
140	149	96	20
141	105	78	20
141	109	100	20
141	113	23	20
141	119	8	20
141	129	94	20
141	131	95	20
141	139	100	20
141	140	100	20
141	142	98	20
141	143	95	20
141	144	100	20
141	146	99	20
141	147	99	20
141	148	95	20
141	149	96	20
142	114	1	20
142	120	73	20
142	128	100	20
142	129	100	20
142	139	99	20
142	140	100	20
142	141	97	20
142	143	100	20
142	146	23	20
142	147	95	20
143	105	97	20
143	109	94	20
143	112	91	20
143	113	97	20
143	117	0	20
143	122	94	20
143	129	95	20
143	130	11	20
143	131	53	20
143	139	100	20
143	140	97	20
143	141	100	20
143	142	98	20
143	144	97	20
143	146	96	20
143	147	98	20
143	148	100	20
144	100	98	20
144	101	35	20
144	102	21	20
144	105	100	20
144	108	91	20
144	109	97	20
144	111	84	20
144	113	96	20
144	116	92	20
144	117	91	20
144	118	97	20
144	119	0	20
144	122	97	20
144	125	100	20
144	126	3	20
144	127	96	20
144	130	95	20
144	133	97	20
144	138	98	20
144	139	100	20
144	141	100	20
144	143	98	20
144	146	97	20
144	148	98	20
144	149	58	20
146	101	67	20
146	102	83	20
146	105	96	20
146	108	100	20
146	109	66	20
146	110	97	20
146	112	100	20
146	113	98	20
146	116	39	20
146	117	89	20
146	122	43	20
146	125	96	20
146	126	94	20
146	130	94	20
146	138	58	20
146	139	97	20
146	141	97	20
146	142	28	20
146	143	96	20
146	144	100	20
146	148	95	20
146	149	100	20
147	131	94	20
147	139	96	20
147	140	98	20
147	141	100	20
147	142	96	20
147	143	100	20
148	102	98	20
148	103	100	20
148	105	100	20
148	107	2	20
148	108	82	20
148	109	98	20
148	112	51	20
148	113	100	20
148	116	100	20
148	117	98	20
148	118	95	20
148	119	82	20
148	123	98	20
148	125	100	20
148	126	100	20
148	130	100	20
148	133	91	20
148	138	94	20
148	139	94	20
148	140	9	20
148	141	34	20
148	143	96	20
148	144	100	20
148	146	99	20
148	149	98	20
149	110	97	20
149	112	100	20
149	113	93	20
149	115	97	20
149	117	97	20
149	119	99	20
149	128	99	20
149	130	97	20
149	131	100	20
149	135	64	20
149	138	97	20
149	139	100	20
149	140	100	20
149	141	98	20
149	144	65	20
149	146	97	20
149	148	100	20
100	101	95	15
100	102	11	15
100	105	60	15
100	107	90	15
100	109	72	15
100	118	83	15
100	121	82	15
100	122	97	15
100	124	0	15
100	127	97	15
100	133	1	15
101	100	99	15
101	102	89	15
101	103	94	15
101	105	96	15
101	106	74	15
101	107	95	15
101	108	87	15
101	109	95	15
101	116	85	15
101	118	76	15
101	121	46	15
101	122	100	15
101	123	85	15
101	124	54	15
101	127	100	15
101	133	14	15
101	144	71	15
102	100	3	15
102	101	84	15
102	103	77	15
102	105	87	15
102	107	96	15
102	108	100	15
102	109	84	15
102	112	94	15
102	113	94	15
102	116	84	15
102	117	98	15
102	118	92	15
102	122	81	15
102	125	87	15
102	127	84	15
102	130	97	15
102	131	2	15
102	133	91	15
102	138	90	15
102	139	90	15
102	144	100	15
102	146	97	15
102	148	23	15
103	100	8	15
103	101	73	15
103	102	9	15
103	104	75	15
103	106	77	15
103	108	100	15
103	109	85	15
103	111	95	15
103	113	40	15
103	116	85	15
103	118	79	15
103	121	86	15
103	123	80	15
103	124	82	15
103	125	97	15
103	126	97	15
103	127	68	15
103	130	88	15
103	131	92	15
103	133	87	15
103	138	89	15
103	144	78	15
103	148	86	15
104	103	79	15
104	106	88	15
104	111	100	15
104	116	62	15
104	118	81	15
104	121	94	15
104	123	100	15
104	125	100	15
104	126	91	15
104	138	100	15
105	100	67	15
105	101	87	15
105	102	96	15
105	107	17	15
105	108	72	15
105	109	100	15
105	113	100	15
105	116	72	15
105	118	62	15
105	121	9	15
105	122	96	15
105	126	28	15
105	127	99	15
105	133	75	15
105	138	18	15
105	139	9	15
105	141	5	15
105	143	68	15
105	144	93	15
105	146	89	15
105	148	64	15
106	101	91	15
106	103	86	15
106	104	97	15
106	107	13	15
106	108	89	15
106	111	93	15
106	116	80	15
106	117	20	15
106	118	92	15
106	121	91	15
106	123	96	15
106	124	90	15
106	126	86	15
106	133	28	15
106	138	92	15
107	100	95	15
107	101	94	15
107	102	97	15
107	105	1	15
107	108	83	15
107	109	94	15
107	111	14	15
107	116	9	15
107	118	88	15
107	121	93	15
107	122	99	15
107	124	84	15
107	127	96	15
107	133	88	15
107	144	92	15
108	100	0	15
108	101	100	15
108	102	94	15
108	103	97	15
108	105	94	15
108	106	92	15
108	107	89	15
108	109	100	15
108	111	85	15
108	112	66	15
108	113	52	15
108	116	93	15
108	117	20	15
108	118	98	15
108	121	84	15
108	122	100	15
108	124	3	15
108	125	80	15
108	126	55	15
108	127	78	15
108	130	54	15
108	133	84	15
108	138	39	15
108	139	10	15
108	144	100	15
108	146	90	15
108	148	96	15
109	100	86	15
109	101	84	15
109	102	94	15
109	103	69	15
109	105	98	15
109	107	81	15
109	108	93	15
109	113	97	15
109	116	95	15
109	117	70	15
109	118	10	15
109	122	97	15
109	125	87	15
109	127	95	15
109	130	85	15
109	133	79	15
109	138	77	15
109	139	92	15
109	143	97	15
109	144	99	15
109	146	99	15
109	147	0	15
109	148	2	15
110	112	98	15
110	113	100	15
110	114	99	15
110	115	100	15
110	117	97	15
110	119	100	15
110	125	99	15
110	128	96	15
110	130	81	15
110	131	94	15
110	135	100	15
110	137	100	15
110	146	40	15
110	149	96	15
111	103	87	15
111	104	100	15
111	106	93	15
111	107	62	15
111	108	59	15
111	113	86	15
111	116	92	15
111	118	69	15
111	121	92	15
111	123	96	15
111	124	91	15
111	125	85	15
111	126	93	15
111	130	64	15
111	138	100	15
111	144	34	15
111	148	90	15
112	102	78	15
112	108	76	15
112	109	16	15
112	110	99	15
112	113	99	15
112	114	5	15
112	115	98	15
112	116	87	15
112	117	100	15
112	125	84	15
112	126	66	15
112	130	97	15
112	131	100	15
112	133	54	15
112	135	100	15
112	138	89	15
112	139	27	15
112	143	81	15
112	144	96	15
112	146	5	15
112	148	100	15
113	102	82	15
113	105	89	15
113	108	48	15
113	109	91	15
113	110	96	15
113	111	37	15
113	112	100	15
113	116	64	15
113	117	100	15
113	118	62	15
113	121	22	15
113	125	97	15
113	126	75	15
113	127	69	15
113	130	100	15
113	131	93	15
113	133	4	15
113	138	87	15
113	139	86	15
113	143	67	15
113	144	49	15
113	146	100	15
113	148	91	15
113	149	87	15
114	110	98	15
114	113	13	15
114	115	100	15
114	117	97	15
114	119	96	15
114	120	100	15
114	128	100	15
114	130	97	15
114	131	100	15
114	135	97	15
114	136	100	15
114	137	98	15
114	139	13	15
114	148	4	15
114	149	100	15
115	110	94	15
115	112	100	15
115	114	100	15
115	117	99	15
115	119	100	15
115	125	96	15
115	130	97	15
115	131	92	15
115	135	96	15
115	144	81	15
115	146	89	15
115	149	95	15
116	101	76	15
116	102	85	15
116	103	100	15
116	104	58	15
116	105	98	15
116	106	49	15
116	107	72	15
116	108	86	15
116	109	93	15
116	111	45	15
116	112	99	15
116	113	95	15
116	117	99	15
116	118	76	15
116	121	56	15
116	122	89	15
116	123	77	15
116	124	86	15
116	125	93	15
116	126	89	15
116	127	53	15
116	130	99	15
116	131	87	15
116	133	98	15
116	138	100	15
116	139	92	15
116	144	85	15
116	146	92	15
116	148	99	15
117	102	86	15
117	108	42	15
117	109	84	15
117	110	97	15
117	112	100	15
117	113	100	15
117	114	92	15
117	115	100	15
117	116	81	15
117	119	99	15
117	121	63	15
117	122	16	15
117	125	100	15
117	126	11	15
117	128	4	15
117	130	97	15
117	131	89	15
117	133	80	15
117	138	100	15
117	139	24	15
117	144	53	15
117	146	99	15
117	148	92	15
117	149	99	15
118	100	86	15
118	101	86	15
118	102	86	15
118	103	81	15
118	104	69	15
118	106	80	15
118	107	96	15
118	108	92	15
118	109	4	15
118	111	60	15
118	113	75	15
118	116	87	15
118	121	92	15
118	122	100	15
118	123	10	15
118	124	77	15
118	125	98	15
118	126	66	15
118	127	93	15
118	131	13	15
118	133	97	15
118	146	24	15
118	148	84	15
119	110	100	15
119	114	99	15
119	115	94	15
119	117	100	15
119	120	57	15
119	125	96	15
119	128	96	15
119	129	63	15
119	130	87	15
119	135	96	15
119	136	93	15
119	137	93	15
119	139	27	15
119	144	0	15
119	148	6	15
119	149	100	15
120	114	37	15
120	119	82	15
120	128	1	15
120	129	58	15
120	135	10	15
120	136	98	15
120	142	5	15
121	100	87	15
121	101	18	15
121	103	100	15
121	104	95	15
121	106	85	15
121	107	90	15
121	108	96	15
121	111	83	15
121	113	19	15
121	116	72	15
121	117	32	15
121	118	89	15
121	122	91	15
121	123	97	15
121	124	92	15
121	125	61	15
121	126	92	15
121	133	80	15
121	138	95	15
122	100	97	15
122	101	100	15
122	102	90	15
122	105	97	15
122	107	93	15
122	108	100	15
122	109	100	15
122	113	0	15
122	116	90	15
122	117	49	15
122	118	87	15
122	121	87	15
122	127	95	15
122	130	10	15
122	133	83	15
122	138	23	15
122	139	2	15
122	143	90	15
122	144	100	15
122	148	11	15
123	101	82	15
123	103	85	15
123	104	98	15
123	106	92	15
123	107	15	15
123	111	98	15
123	116	88	15
123	118	27	15
123	121	85	15
123	124	89	15
123	125	7	15
123	126	92	15
123	138	89	15
123	148	78	15
124	100	1	15
124	101	78	15
124	103	73	15
124	106	96	15
124	107	70	15
124	111	92	15
124	116	6	15
124	118	85	15
124	121	98	15
124	123	97	15
124	126	41	15
124	133	64	15
125	102	78	15
125	103	87	15
125	104	97	15
125	108	81	15
125	109	58	15
125	110	98	15
125	111	87	15
125	112	46	15
125	113	95	15
125	115	100	15
125	116	85	15
125	117	98	15
125	118	86	15
125	119	98	15
125	123	1	15
125	126	92	15
125	127	28	15
125	130	100	15
125	131	88	15
125	133	85	15
125	138	99	15
125	144	94	15
125	146	100	15
125	148	100	15
125	149	63	15
126	103	93	15
126	104	97	15
126	106	86	15
126	111	99	15
126	112	17	15
126	113	92	15
126	116	90	15
126	118	34	15
126	121	89	15
126	123	97	15
126	125	96	15
126	130	76	15
126	138	99	15
126	144	91	15
126	146	93	15
127	100	100	15
127	101	100	15
127	102	96	15
127	103	87	15
127	105	100	15
127	107	93	15
127	109	100	15
127	113	81	15
127	116	2	15
127	118	83	15
127	122	99	15
127	125	88	15
127	133	86	15
127	143	56	15
127	144	94	15
127	148	100	15
128	110	96	15
128	113	3	15
128	114	100	15
128	117	5	15
128	119	96	15
128	129	96	15
128	131	90	15
128	135	100	15
128	136	87	15
128	141	1	15
128	142	100	15
128	149	100	15
129	119	90	15
129	120	10	15
129	128	100	15
129	131	29	15
129	136	93	15
129	140	21	15
129	141	83	15
129	142	88	15
129	143	0	15
129	147	8	15
129	149	93	15
130	102	86	15
130	103	90	15
130	105	27	15
130	108	39	15
130	109	99	15
130	110	97	15
130	111	68	15
130	112	100	15
130	113	100	15
130	114	99	15
130	115	98	15
130	116	88	15
130	117	98	15
130	119	100	15
130	125	93	15
130	126	88	15
130	131	100	15
130	133	91	15
130	138	100	15
130	139	100	15
130	141	9	15
130	146	100	15
130	148	97	15
130	149	95	15
131	103	84	15
131	110	90	15
131	112	100	15
131	113	99	15
131	114	90	15
131	115	93	15
131	116	73	15
131	117	94	15
131	125	99	15
131	128	94	15
131	129	21	15
131	130	100	15
131	139	92	15
131	140	87	15
131	141	96	15
131	142	87	15
131	143	87	15
131	147	92	15
131	149	99	15
132	110	79	15
132	114	96	15
132	115	6	15
132	119	100	15
132	120	98	15
132	128	90	15
132	135	100	15
132	136	100	15
132	142	8	15
132	149	64	15
133	100	78	15
133	101	81	15
133	102	100	15
133	103	91	15
133	105	93	15
133	106	5	15
133	107	80	15
133	108	97	15
133	109	93	15
133	111	22	15
133	112	0	15
133	113	32	15
133	116	92	15
133	117	99	15
133	118	100	15
133	121	95	15
133	122	97	15
133	123	25	15
133	124	81	15
133	125	86	15
133	127	88	15
133	130	100	15
133	138	6	15
133	139	68	15
133	144	95	15
133	146	21	15
133	148	95	15
135	110	100	15
135	112	100	15
135	114	100	15
135	115	100	15
135	119	97	15
135	128	99	15
135	136	98	15
135	137	95	15
136	114	100	15
136	119	100	15
136	120	94	15
136	128	99	15
136	129	97	15
136	135	100	15
136	142	11	15
137	110	96	15
137	112	36	15
137	114	94	15
137	115	36	15
137	117	84	15
137	119	100	15
137	120	25	15
137	135	99	15
137	136	85	15
137	149	45	15
138	102	84	15
138	103	87	15
138	104	82	15
138	105	0	15
138	106	86	15
138	109	13	15
138	111	96	15
138	112	100	15
138	113	100	15
138	116	90	15
138	117	95	15
138	121	89	15
138	123	82	15
138	125	98	15
138	126	92	15
138	130	91	15
138	133	21	15
138	139	18	15
138	144	67	15
138	146	6	15
138	148	84	15
138	149	94	15
139	102	81	15
139	109	82	15
139	112	85	15
139	113	94	15
139	114	5	15
139	116	89	15
139	117	56	15
139	119	13	15
139	122	0	15
139	130	87	15
139	131	93	15
139	133	42	15
139	138	72	15
139	140	76	15
139	141	100	15
139	142	76	15
139	143	97	15
139	144	94	15
139	146	98	15
139	147	64	15
139	148	96	15
139	149	95	15
140	129	4	15
140	131	98	15
140	139	81	15
140	141	93	15
140	142	100	15
140	143	93	15
140	147	71	15
140	149	0	15
141	109	24	15
141	112	92	15
141	128	62	15
141	129	85	15
141	130	84	15
141	131	96	15
141	139	98	15
141	140	93	15
141	142	95	15
141	143	83	15
141	144	97	15
141	146	99	15
141	147	89	15
141	148	97	15
141	149	61	15
142	128	98	15
142	129	51	15
142	131	91	15
142	136	18	15
142	139	94	15
142	140	93	15
142	141	99	15
142	143	88	15
142	147	95	15
143	105	93	15
143	109	97	15
143	112	96	15
143	113	82	15
143	122	85	15
143	125	19	15
143	127	50	15
143	129	16	15
143	131	99	15
143	139	100	15
143	140	100	15
143	141	31	15
143	142	87	15
143	144	91	15
143	146	67	15
143	147	97	15
143	149	93	15
144	101	75	15
144	102	86	15
144	103	59	15
144	105	97	15
144	107	77	15
144	108	85	15
144	109	97	15
144	110	0	15
144	112	88	15
144	113	91	15
144	115	78	15
144	116	72	15
144	117	10	15
144	118	5	15
144	122	94	15
144	125	99	15
144	126	86	15
144	127	95	15
144	131	50	15
144	133	64	15
144	138	74	15
144	139	83	15
144	141	83	15
144	143	87	15
144	146	97	15
144	148	100	15
144	149	92	15
146	101	11	15
146	102	89	15
146	103	5	15
146	105	73	15
146	107	45	15
146	108	97	15
146	109	98	15
146	110	93	15
146	111	45	15
146	113	98	15
146	115	89	15
146	116	76	15
146	117	97	15
146	118	84	15
146	121	8	15
146	125	98	15
146	126	90	15
146	130	97	15
146	131	96	15
146	133	66	15
146	138	89	15
146	139	93	15
146	141	89	15
146	142	0	15
146	143	92	15
146	144	98	15
146	147	6	15
146	148	97	15
146	149	92	15
147	128	38	15
147	129	12	15
147	131	66	15
147	139	86	15
147	140	70	15
147	141	64	15
147	142	100	15
147	143	90	15
148	103	90	15
148	105	42	15
148	108	88	15
148	109	29	15
148	111	87	15
148	112	94	15
148	113	92	15
148	114	23	15
148	115	4	15
148	116	85	15
148	117	97	15
148	118	86	15
148	119	13	15
148	123	83	15
148	125	97	15
148	127	85	15
148	130	99	15
148	131	1	15
148	133	97	15
148	138	99	15
148	139	90	15
148	141	91	15
148	143	3	15
148	144	99	15
148	146	99	15
148	149	97	15
149	110	100	15
149	113	83	15
149	114	97	15
149	115	96	15
149	117	92	15
149	119	92	15
149	125	49	15
149	128	100	15
149	129	32	15
149	130	97	15
149	131	100	15
149	138	81	15
149	139	88	15
149	144	80	15
149	146	97	15
149	147	6	15
149	148	88	15
