slot	Channel	Tx	Rx	flowid
1	20	147	143	1
3	26	143	139	1
5	22	139	144	1
7	21	144	109	1
9	25	109	101	1
11	24	101	121	1
19	22	121	126	1
21	21	126	117	1
23	25	117	146	1
1	25	144	109	2
3	24	109	101	2
5	23	101	121	2
23	26	121	101	2
25	22	101	109	2
27	21	109	144	2
29	25	144	139	2
31	24	139	143	2
6	20	105	109	3
18	23	109	101	3
28	25	101	121	3
33	21	121	123	3
35	25	123	104	3
1	24	149	117	4
3	23	117	126	4
17	23	126	121	4
39	21	121	101	4
41	25	101	102	4
1	22	136	114	5
3	21	114	119	5
6	26	119	112	5
12	25	112	117	5
14	24	117	126	5
37	23	126	121	5
50	22	121	126	5
52	21	126	117	5
54	25	117	112	5
56	24	112	119	5
58	23	119	114	5
60	20	114	135	5
1	23	137	110	6
4	25	110	112	6
30	21	112	117	6
32	25	117	126	6
54	26	126	121	6
63	22	121	108	6
201	22	147	143	1
203	21	143	139	1
205	25	139	144	1
207	24	144	109	1
209	23	109	101	1
211	20	101	121	1
219	25	121	126	1
221	24	126	117	1
223	23	117	146	1
201	23	144	109	2
203	20	109	101	2
205	26	101	121	2
223	21	121	101	2
224	20	121	101	2
225	25	101	109	2
227	24	109	144	2
229	23	144	139	2
231	20	139	143	2
206	22	105	109	3
218	26	109	101	3
228	23	101	121	3
233	24	121	123	3
235	23	123	104	3
201	20	149	117	4
203	26	117	126	4
217	26	126	121	4
227	23	126	121	4
239	24	121	101	4
241	23	101	102	4
201	25	136	114	5
203	24	114	119	5
206	21	119	112	5
212	23	112	117	5
214	20	117	126	5
237	26	126	121	5
250	25	121	126	5
252	24	126	117	5
254	23	117	112	5
256	20	112	119	5
258	26	119	114	5
260	22	114	135	5
201	26	137	110	6
204	23	110	112	6
230	24	112	117	6
232	23	117	126	6
254	21	126	121	6
263	25	121	108	6
401	25	147	143	1
403	24	143	139	1
405	23	139	144	1
407	20	144	109	1
409	26	109	101	1
410	24	109	101	1
411	22	101	121	1
419	23	121	126	1
421	20	126	117	1
423	26	117	146	1
401	26	144	109	2
403	22	109	101	2
405	21	101	121	2
423	24	121	101	2
425	23	101	109	2
427	20	109	144	2
429	26	144	139	2
431	22	139	143	2
406	25	105	109	3
418	21	109	101	3
428	26	101	121	3
433	20	121	123	3
435	26	123	104	3
401	22	149	117	4
403	21	117	126	4
417	21	126	121	4
439	20	121	101	4
441	26	101	102	4
401	23	136	114	5
403	20	114	119	5
406	24	119	112	5
412	26	112	117	5
414	22	117	126	5
437	21	126	121	5
450	23	121	126	5
452	20	126	117	5
454	26	117	112	5
456	22	112	119	5
458	21	119	114	5
460	25	114	135	5
401	21	137	110	6
404	26	110	112	6
430	20	112	117	6
432	26	117	126	6
454	24	126	121	6
463	23	121	108	6
601	23	147	143	1
603	20	143	139	1
605	26	139	144	1
607	22	144	109	1
609	21	109	101	1
611	25	101	121	1
619	26	121	126	1
621	22	126	117	1
623	21	117	146	1
601	21	144	109	2
603	25	109	101	2
605	24	101	121	2
623	20	121	101	2
625	26	101	109	2
627	22	109	144	2
629	21	144	139	2
631	25	139	143	2
606	23	105	109	3
618	24	109	101	3
628	21	101	121	3
633	22	121	123	3
634	23	121	123	3
635	21	123	104	3
601	25	149	117	4
603	24	117	126	4
617	24	126	121	4
639	22	121	101	4
641	21	101	102	4
601	26	136	114	5
603	22	114	119	5
606	20	119	112	5
612	21	112	117	5
614	25	117	126	5
637	24	126	121	5
650	26	121	126	5
652	22	126	117	5
654	21	117	112	5
656	25	112	119	5
658	24	119	114	5
660	23	114	135	5
601	24	137	110	6
604	21	110	112	6
630	22	112	117	6
632	21	117	126	6
654	20	126	121	6
663	26	121	108	6
801	26	147	143	1
803	22	143	139	1
805	21	139	144	1
807	25	144	109	1
809	24	109	101	1
811	23	101	121	1
819	21	121	126	1
821	25	126	117	1
823	24	117	146	1
801	24	144	109	2
803	23	109	101	2
805	20	101	121	2
823	22	121	101	2
825	21	101	109	2
827	25	109	144	2
829	24	144	139	2
831	23	139	143	2
806	26	105	109	3
818	20	109	101	3
828	24	101	121	3
833	25	121	123	3
835	24	123	104	3
801	23	149	117	4
803	20	117	126	4
817	20	126	121	4
839	25	121	101	4
841	24	101	102	4
801	21	136	114	5
803	25	114	119	5
806	22	119	112	5
812	24	112	117	5
814	23	117	126	5
837	20	126	121	5
850	21	121	126	5
852	25	126	117	5
854	24	117	112	5
856	23	112	119	5
858	20	119	114	5
860	26	114	135	5
801	20	137	110	6
804	24	110	112	6
830	25	112	117	6
832	24	117	126	6
854	22	126	121	6
863	21	121	108	6
1001	21	147	143	1
1003	25	143	139	1
1005	24	139	144	1
1007	23	144	109	1
1009	20	109	101	1
1011	26	101	121	1
1019	24	121	126	1
1021	23	126	117	1
1023	20	117	146	1
1001	20	144	109	2
1003	26	109	101	2
1005	22	101	121	2
1023	25	121	101	2
1025	24	101	109	2
1027	23	109	144	2
1029	20	144	139	2
1031	26	139	143	2
1006	21	105	109	3
1018	22	109	101	3
1028	20	101	121	3
1033	23	121	123	3
1035	20	123	104	3
1001	26	149	117	4
1003	22	117	126	4
1004	23	117	126	4
1017	22	126	121	4
1039	23	121	101	4
1041	20	101	102	4
1001	24	136	114	5
1003	23	114	119	5
1006	25	119	112	5
1012	20	112	117	5
1014	26	117	126	5
1037	22	126	121	5
1050	24	121	126	5
1052	23	126	117	5
1054	20	117	112	5
1056	26	112	119	5
1058	22	119	114	5
1060	21	114	135	5
1001	22	137	110	6
1004	20	110	112	6
1030	23	112	117	6
1032	20	117	126	6
1054	25	126	121	6
1063	24	121	108	6
1201	24	147	143	1
1203	23	143	139	1
1205	20	139	144	1
1207	26	144	109	1
1209	22	109	101	1
1211	21	101	121	1
1219	20	121	126	1
1221	26	126	117	1
1223	22	117	146	1
1201	22	144	109	2
1203	21	109	101	2
1205	25	101	121	2
1223	23	121	101	2
1225	20	101	109	2
1227	26	109	144	2
1229	22	144	139	2
1231	21	139	143	2
1206	24	105	109	3
1218	25	109	101	3
1228	22	101	121	3
1233	26	121	123	3
1235	22	123	104	3
1201	21	149	117	4
1203	25	117	126	4
1217	25	126	121	4
1239	26	121	101	4
1241	22	101	102	4
1201	20	136	114	5
1203	26	114	119	5
1206	23	119	112	5
1212	22	112	117	5
1214	21	117	126	5
1237	25	126	121	5
1250	20	121	126	5
1252	26	126	117	5
1254	22	117	112	5
1256	21	112	119	5
1258	25	119	114	5
1260	24	114	135	5
1201	25	137	110	6
1204	22	110	112	6
1230	26	112	117	6
1232	22	117	126	6
1254	23	126	121	6
1263	20	121	108	6
1401	20	147	143	1
1403	26	143	139	1
1405	22	139	144	1
1407	21	144	109	1
1409	25	109	101	1
1411	24	101	121	1
1419	22	121	126	1
1421	21	126	117	1
1423	25	117	146	1
1401	25	144	109	2
1403	24	109	101	2
1405	23	101	121	2
1423	26	121	101	2
1425	22	101	109	2
1427	21	109	144	2
1429	25	144	139	2
1431	24	139	143	2
1406	20	105	109	3
1418	23	109	101	3
1428	25	101	121	3
1433	21	121	123	3
1435	25	123	104	3
1401	24	149	117	4
1403	23	117	126	4
1417	23	126	121	4
1439	21	121	101	4
1441	25	101	102	4
1401	22	136	114	5
1403	21	114	119	5
1406	26	119	112	5
1412	25	112	117	5
1414	24	117	126	5
1437	23	126	121	5
1450	22	121	126	5
1452	21	126	117	5
1454	25	117	112	5
1456	24	112	119	5
1458	23	119	114	5
1460	20	114	135	5
1401	23	137	110	6
1404	25	110	112	6
1430	21	112	117	6
1432	25	117	126	6
1454	26	126	121	6
1463	22	121	108	6
1601	22	147	143	1
1603	21	143	139	1
1605	25	139	144	1
1607	24	144	109	1
1609	23	109	101	1
1611	20	101	121	1
1619	25	121	126	1
1621	24	126	117	1
1623	23	117	146	1
1601	23	144	109	2
1603	20	109	101	2
1605	26	101	121	2
1623	21	121	101	2
1624	20	121	101	2
1625	25	101	109	2
1627	24	109	144	2
1629	23	144	139	2
1631	20	139	143	2
1606	22	105	109	3
1618	26	109	101	3
1628	23	101	121	3
1633	24	121	123	3
1635	23	123	104	3
1601	20	149	117	4
1603	26	117	126	4
1617	26	126	121	4
1639	24	121	101	4
1641	23	101	102	4
1601	25	136	114	5
1603	24	114	119	5
1606	21	119	112	5
1612	23	112	117	5
1614	20	117	126	5
1637	26	126	121	5
1650	25	121	126	5
1652	24	126	117	5
1654	23	117	112	5
1656	20	112	119	5
1658	26	119	114	5
1660	22	114	135	5
1601	26	137	110	6
1604	23	110	112	6
1630	24	112	117	6
1632	23	117	126	6
1654	21	126	121	6
1663	25	121	108	6
1801	25	147	143	1
1803	24	143	139	1
1805	23	139	144	1
1807	20	144	109	1
1809	26	109	101	1
1811	22	101	121	1
1819	23	121	126	1
1821	20	126	117	1
1823	26	117	146	1
1801	26	144	109	2
1803	22	109	101	2
1805	21	101	121	2
1823	24	121	101	2
1825	23	101	109	2
1827	20	109	144	2
1829	26	144	139	2
1831	22	139	143	2
1806	25	105	109	3
1818	21	109	101	3
1828	26	101	121	3
1833	20	121	123	3
1835	26	123	104	3
1801	22	149	117	4
1803	21	117	126	4
1817	21	126	121	4
1839	20	121	101	4
1841	26	101	102	4
1801	23	136	114	5
1803	20	114	119	5
1806	24	119	112	5
1812	26	112	117	5
1814	22	117	126	5
1837	21	126	121	5
1850	23	121	126	5
1852	20	126	117	5
1854	26	117	112	5
1856	22	112	119	5
1858	21	119	114	5
1860	25	114	135	5
1801	21	137	110	6
1802	20	137	110	6
1804	26	110	112	6
1830	20	112	117	6
1832	26	117	126	6
1854	24	126	121	6
1863	23	121	108	6
2001	23	147	143	1
2003	20	143	139	1
2005	26	139	144	1
2007	22	144	109	1
2009	21	109	101	1
2011	25	101	121	1
2019	26	121	126	1
2021	22	126	117	1
2023	21	117	146	1
2001	21	144	109	2
2003	25	109	101	2
2005	24	101	121	2
2023	20	121	101	2
2025	26	101	109	2
2027	22	109	144	2
2029	21	144	139	2
2031	25	139	143	2
2006	23	105	109	3
2018	24	109	101	3
2028	21	101	121	3
2033	22	121	123	3
2035	21	123	104	3
2001	25	149	117	4
2003	24	117	126	4
2017	24	126	121	4
2039	22	121	101	4
2041	21	101	102	4
2001	26	136	114	5
2003	22	114	119	5
2006	20	119	112	5
2012	21	112	117	5
2014	25	117	126	5
2037	24	126	121	5
2050	26	121	126	5
2052	22	126	117	5
2054	21	117	112	5
2056	25	112	119	5
2058	24	119	114	5
2059	22	119	114	5
2060	23	114	135	5
2001	24	137	110	6
2004	21	110	112	6
2030	22	112	117	6
2032	21	117	126	6
2054	20	126	121	6
2063	26	121	108	6
2201	26	147	143	1
2203	22	143	139	1
2205	21	139	144	1
2207	25	144	109	1
2209	24	109	101	1
2211	23	101	121	1
2219	21	121	126	1
2221	25	126	117	1
2223	24	117	146	1
2201	24	144	109	2
2203	23	109	101	2
2205	20	101	121	2
2223	22	121	101	2
2225	21	101	109	2
2227	25	109	144	2
2229	24	144	139	2
2231	23	139	143	2
2206	26	105	109	3
2218	20	109	101	3
2228	24	101	121	3
2233	25	121	123	3
2235	24	123	104	3
2201	23	149	117	4
2202	21	149	117	4
2203	20	117	126	4
2217	20	126	121	4
2239	25	121	101	4
2241	24	101	102	4
2201	21	136	114	5
2203	25	114	119	5
2206	22	119	112	5
2212	24	112	117	5
2214	23	117	126	5
2237	20	126	121	5
2250	21	121	126	5
2252	25	126	117	5
2254	24	117	112	5
2256	23	112	119	5
2258	20	119	114	5
2260	26	114	135	5
2201	20	137	110	6
2204	24	110	112	6
2230	25	112	117	6
2232	24	117	126	6
2254	22	126	121	6
2263	21	121	108	6
2401	21	147	143	1
2403	25	143	139	1
2405	24	139	144	1
2407	23	144	109	1
2409	20	109	101	1
2411	26	101	121	1
2419	24	121	126	1
2421	23	126	117	1
2423	20	117	146	1
2401	20	144	109	2
2403	26	109	101	2
2405	22	101	121	2
2423	25	121	101	2
2425	24	101	109	2
2427	23	109	144	2
2429	20	144	139	2
2431	26	139	143	2
2406	21	105	109	3
2418	22	109	101	3
2428	20	101	121	3
2433	23	121	123	3
2435	20	123	104	3
2401	26	149	117	4
2403	22	117	126	4
2417	22	126	121	4
2439	23	121	101	4
2440	21	121	101	4
2441	20	101	102	4
2401	24	136	114	5
2403	23	114	119	5
2406	25	119	112	5
2412	20	112	117	5
2414	26	117	126	5
2437	22	126	121	5
2450	24	121	126	5
2452	23	126	117	5
2454	20	117	112	5
2456	26	112	119	5
2458	22	119	114	5
2460	21	114	135	5
2401	22	137	110	6
2404	20	110	112	6
2430	23	112	117	6
2432	20	117	126	6
2454	25	126	121	6
2463	24	121	108	6
2601	24	147	143	1
2603	23	143	139	1
2605	20	139	144	1
2607	26	144	109	1
2609	22	109	101	1
2610	23	109	101	1
2611	21	101	121	1
2619	20	121	126	1
2621	26	126	117	1
2623	22	117	146	1
2601	22	144	109	2
2603	21	109	101	2
2605	25	101	121	2
2623	23	121	101	2
2625	20	101	109	2
2627	26	109	144	2
2629	22	144	139	2
2631	21	139	143	2
2606	24	105	109	3
2618	25	109	101	3
2628	22	101	121	3
2633	26	121	123	3
2635	22	123	104	3
2601	21	149	117	4
2603	25	117	126	4
2617	25	126	121	4
2639	26	121	101	4
2641	22	101	102	4
2601	20	136	114	5
2603	26	114	119	5
2606	23	119	112	5
2612	22	112	117	5
2614	21	117	126	5
2637	25	126	121	5
2650	20	121	126	5
2652	26	126	117	5
2654	22	117	112	5
2656	21	112	119	5
2658	25	119	114	5
2660	24	114	135	5
2601	25	137	110	6
2604	22	110	112	6
2630	26	112	117	6
2632	22	117	126	6
2654	23	126	121	6
2663	20	121	108	6
2801	20	147	143	1
2803	26	143	139	1
2805	22	139	144	1
2806	23	139	144	1
2807	21	144	109	1
2809	25	109	101	1
2811	24	101	121	1
2819	22	121	126	1
2821	21	126	117	1
2823	25	117	146	1
2801	25	144	109	2
2803	24	109	101	2
2805	23	101	121	2
2823	26	121	101	2
2825	22	101	109	2
2827	21	109	144	2
2829	25	144	139	2
2831	24	139	143	2
2806	20	105	109	3
2818	23	109	101	3
2828	25	101	121	3
2833	21	121	123	3
2835	25	123	104	3
2801	24	149	117	4
2803	23	117	126	4
2817	23	126	121	4
2839	21	121	101	4
2841	25	101	102	4
2801	22	136	114	5
2803	21	114	119	5
2806	26	119	112	5
2812	25	112	117	5
2814	24	117	126	5
2837	23	126	121	5
2850	22	121	126	5
2852	21	126	117	5
2854	25	117	112	5
2856	24	112	119	5
2858	23	119	114	5
2860	20	114	135	5
2801	23	137	110	6
2804	25	110	112	6
2830	21	112	117	6
2832	25	117	126	6
2854	26	126	121	6
2863	22	121	108	6
3001	22	147	143	1
3003	21	143	139	1
3005	25	139	144	1
3007	24	144	109	1
3009	23	109	101	1
3011	20	101	121	1
3019	25	121	126	1
3021	24	126	117	1
3023	23	117	146	1
3001	23	144	109	2
3003	20	109	101	2
3005	26	101	121	2
3006	24	101	121	2
3023	21	121	101	2
3025	25	101	109	2
3027	24	109	144	2
3029	23	144	139	2
3031	20	139	143	2
3006	22	105	109	3
3018	26	109	101	3
3028	23	101	121	3
3033	24	121	123	3
3035	23	123	104	3
3001	20	149	117	4
3003	26	117	126	4
3017	26	126	121	4
3039	24	121	101	4
3041	23	101	102	4
3001	25	136	114	5
3003	24	114	119	5
3006	21	119	112	5
3012	23	112	117	5
3014	20	117	126	5
3037	26	126	121	5
3050	25	121	126	5
3052	24	126	117	5
3054	23	117	112	5
3056	20	112	119	5
3058	26	119	114	5
3060	22	114	135	5
3001	26	137	110	6
3004	23	110	112	6
3030	24	112	117	6
3032	23	117	126	6
3054	21	126	121	6
3063	25	121	108	6
3201	25	147	143	1
3203	24	143	139	1
3205	23	139	144	1
3207	20	144	109	1
3209	26	109	101	1
3211	22	101	121	1
3219	23	121	126	1
3221	20	126	117	1
3223	26	117	146	1
3201	26	144	109	2
3203	22	109	101	2
3205	21	101	121	2
3223	24	121	101	2
3225	23	101	109	2
3227	20	109	144	2
3229	26	144	139	2
3231	22	139	143	2
3206	25	105	109	3
3218	21	109	101	3
3228	26	101	121	3
3233	20	121	123	3
3235	26	123	104	3
3201	22	149	117	4
3203	21	117	126	4
3217	21	126	121	4
3239	20	121	101	4
3241	26	101	102	4
3201	23	136	114	5
3203	20	114	119	5
3206	24	119	112	5
3212	26	112	117	5
3214	22	117	126	5
3237	21	126	121	5
3250	23	121	126	5
3252	20	126	117	5
3254	26	117	112	5
3256	22	112	119	5
3258	21	119	114	5
3260	25	114	135	5
3201	21	137	110	6
3204	26	110	112	6
3230	20	112	117	6
3232	26	117	126	6
3254	24	126	121	6
3263	23	121	108	6
3401	23	147	143	1
3403	20	143	139	1
3405	26	139	144	1
3407	22	144	109	1
3409	21	109	101	1
3411	25	101	121	1
3419	26	121	126	1
3421	22	126	117	1
3423	21	117	146	1
3424	20	117	146	1
3428	22	117	113	1
3429	23	113	146	1
3401	21	144	109	2
3403	25	109	101	2
3405	24	101	121	2
3423	20	121	101	2
3425	26	101	109	2
3426	24	101	109	2
3427	22	109	144	2
3429	21	144	139	2
3431	25	139	143	2
3406	23	105	109	3
3418	24	109	101	3
3428	21	101	121	3
3433	22	121	123	3
3435	21	123	104	3
3401	25	149	117	4
3403	24	117	126	4
3417	24	126	121	4
3439	22	121	101	4
3441	21	101	102	4
3401	26	136	114	5
3403	22	114	119	5
3406	20	119	112	5
3412	21	112	117	5
3414	25	117	126	5
3437	24	126	121	5
3450	26	121	126	5
3452	22	126	117	5
3454	21	117	112	5
3456	25	112	119	5
3458	24	119	114	5
3460	23	114	135	5
3401	24	137	110	6
3404	21	110	112	6
3430	22	112	117	6
3432	21	117	126	6
3454	20	126	121	6
3463	26	121	108	6
3601	26	147	143	1
3603	22	143	139	1
3605	21	139	144	1
3607	25	144	109	1
3609	24	109	101	1
3611	23	101	121	1
3619	21	121	126	1
3621	25	126	117	1
3623	24	117	146	1
3601	24	144	109	2
3603	23	109	101	2
3605	20	101	121	2
3623	22	121	101	2
3625	21	101	109	2
3627	25	109	144	2
3629	24	144	139	2
3631	23	139	143	2
3606	26	105	109	3
3618	20	109	101	3
3628	24	101	121	3
3633	25	121	123	3
3635	24	123	104	3
3601	23	149	117	4
3603	20	117	126	4
3617	20	126	121	4
3639	25	121	101	4
3641	24	101	102	4
3601	21	136	114	5
3603	25	114	119	5
3606	22	119	112	5
3612	24	112	117	5
3614	23	117	126	5
3615	21	117	126	5
3637	20	126	121	5
3650	21	121	126	5
3652	25	126	117	5
3654	24	117	112	5
3656	23	112	119	5
3658	20	119	114	5
3660	26	114	135	5
3601	20	137	110	6
3604	24	110	112	6
3630	25	112	117	6
3632	24	117	126	6
3654	22	126	121	6
3663	21	121	108	6
3801	21	147	143	1
3803	25	143	139	1
3805	24	139	144	1
3807	23	144	109	1
3809	20	109	101	1
3811	26	101	121	1
3819	24	121	126	1
3821	23	126	117	1
3823	20	117	146	1
3801	20	144	109	2
3803	26	109	101	2
3805	22	101	121	2
3823	25	121	101	2
3825	24	101	109	2
3827	23	109	144	2
3829	20	144	139	2
3831	26	139	143	2
3806	21	105	109	3
3818	22	109	101	3
3828	20	101	121	3
3833	23	121	123	3
3835	20	123	104	3
3801	26	149	117	4
3803	22	117	126	4
3817	22	126	121	4
3839	23	121	101	4
3841	20	101	102	4
3801	24	136	114	5
3803	23	114	119	5
3806	25	119	112	5
3812	20	112	117	5
3814	26	117	126	5
3837	22	126	121	5
3850	24	121	126	5
3852	23	126	117	5
3854	20	117	112	5
3856	26	112	119	5
3858	22	119	114	5
3860	21	114	135	5
3801	22	137	110	6
3804	20	110	112	6
3830	23	112	117	6
3832	20	117	126	6
3854	25	126	121	6
3863	24	121	108	6
4001	24	147	143	1
4003	23	143	139	1
4005	20	139	144	1
4007	26	144	109	1
4009	22	109	101	1
4011	21	101	121	1
4019	20	121	126	1
4021	26	126	117	1
4023	22	117	146	1
4001	22	144	109	2
4003	21	109	101	2
4005	25	101	121	2
4023	23	121	101	2
4025	20	101	109	2
4027	26	109	144	2
4029	22	144	139	2
4031	21	139	143	2
4006	24	105	109	3
4018	25	109	101	3
4028	22	101	121	3
4033	26	121	123	3
4035	22	123	104	3
4001	21	149	117	4
4003	25	117	126	4
4017	25	126	121	4
4039	26	121	101	4
4041	22	101	102	4
4001	20	136	114	5
4003	26	114	119	5
4006	23	119	112	5
4012	22	112	117	5
4014	21	117	126	5
4037	25	126	121	5
4050	20	121	126	5
4052	26	126	117	5
4054	22	117	112	5
4056	21	112	119	5
4058	25	119	114	5
4060	24	114	135	5
4001	25	137	110	6
4004	22	110	112	6
4030	26	112	117	6
4032	22	117	126	6
4054	23	126	121	6
4063	20	121	108	6
4201	20	147	143	1
4203	26	143	139	1
4205	22	139	144	1
4207	21	144	109	1
4209	25	109	101	1
4211	24	101	121	1
4219	22	121	126	1
4220	23	121	126	1
4221	21	126	117	1
4223	25	117	146	1
4201	25	144	109	2
4203	24	109	101	2
4205	23	101	121	2
4223	26	121	101	2
4225	22	101	109	2
4227	21	109	144	2
4229	25	144	139	2
4231	24	139	143	2
4206	20	105	109	3
4218	23	109	101	3
4228	25	101	121	3
4233	21	121	123	3
4235	25	123	104	3
4201	24	149	117	4
4203	23	117	126	4
4217	23	126	121	4
4239	21	121	101	4
4241	25	101	102	4
4201	22	136	114	5
4203	21	114	119	5
4206	26	119	112	5
4212	25	112	117	5
4214	24	117	126	5
4237	23	126	121	5
4250	22	121	126	5
4252	21	126	117	5
4254	25	117	112	5
4256	24	112	119	5
4258	23	119	114	5
4260	20	114	135	5
4201	23	137	110	6
4204	25	110	112	6
4230	21	112	117	6
4232	25	117	126	6
4254	26	126	121	6
4263	22	121	108	6
4401	22	147	143	1
4403	21	143	139	1
4405	25	139	144	1
4407	24	144	109	1
4409	23	109	101	1
4411	20	101	121	1
4419	25	121	126	1
4421	24	126	117	1
4423	23	117	146	1
4401	23	144	109	2
4403	20	109	101	2
4405	26	101	121	2
4423	21	121	101	2
4424	20	121	101	2
4425	25	101	109	2
4427	24	109	144	2
4429	23	144	139	2
4431	20	139	143	2
4406	22	105	109	3
4418	26	109	101	3
4428	23	101	121	3
4433	24	121	123	3
4435	23	123	104	3
4401	20	149	117	4
4403	26	117	126	4
4417	26	126	121	4
4439	24	121	101	4
4441	23	101	102	4
4442	21	101	102	4
4401	25	136	114	5
4403	24	114	119	5
4406	21	119	112	5
4412	23	112	117	5
4414	20	117	126	5
4437	26	126	121	5
4450	25	121	126	5
4452	24	126	117	5
4454	23	117	112	5
4456	20	112	119	5
4458	26	119	114	5
4460	22	114	135	5
4401	26	137	110	6
4404	23	110	112	6
4430	24	112	117	6
4432	23	117	126	6
4454	21	126	121	6
4463	25	121	108	6
4601	25	147	143	1
4603	24	143	139	1
4605	23	139	144	1
4607	20	144	109	1
4609	26	109	101	1
4611	22	101	121	1
4619	23	121	126	1
4621	20	126	117	1
4623	26	117	146	1
4601	26	144	109	2
4603	22	109	101	2
4605	21	101	121	2
4623	24	121	101	2
4625	23	101	109	2
4627	20	109	144	2
4629	26	144	139	2
4631	22	139	143	2
4606	25	105	109	3
4618	21	109	101	3
4628	26	101	121	3
4633	20	121	123	3
4635	26	123	104	3
4601	22	149	117	4
4603	21	117	126	4
4617	21	126	121	4
4639	20	121	101	4
4641	26	101	102	4
4601	23	136	114	5
4603	20	114	119	5
4606	24	119	112	5
4612	26	112	117	5
4614	22	117	126	5
4637	21	126	121	5
4650	23	121	126	5
4652	20	126	117	5
4654	26	117	112	5
4656	22	112	119	5
4658	21	119	114	5
4660	25	114	135	5
4601	21	137	110	6
4604	26	110	112	6
4630	20	112	117	6
4632	26	117	126	6
4654	24	126	121	6
4663	23	121	108	6
4801	23	147	143	1
4803	20	143	139	1
4805	26	139	144	1
4807	22	144	109	1
4809	21	109	101	1
4811	25	101	121	1
4819	26	121	126	1
4821	22	126	117	1
4823	21	117	146	1
4801	21	144	109	2
4803	25	109	101	2
4805	24	101	121	2
4823	20	121	101	2
4825	26	101	109	2
4827	22	109	144	2
4829	21	144	139	2
4831	25	139	143	2
4806	23	105	109	3
4818	24	109	101	3
4828	21	101	121	3
4833	22	121	123	3
4835	21	123	104	3
4801	25	149	117	4
4803	24	117	126	4
4817	24	126	121	4
4839	22	121	101	4
4841	21	101	102	4
4801	26	136	114	5
4803	22	114	119	5
4806	20	119	112	5
4812	21	112	117	5
4814	25	117	126	5
4837	24	126	121	5
4850	26	121	126	5
4852	22	126	117	5
4854	21	117	112	5
4856	25	112	119	5
4858	24	119	114	5
4859	22	119	114	5
4860	23	114	135	5
4801	24	137	110	6
4804	21	110	112	6
4830	22	112	117	6
4832	21	117	126	6
4854	20	126	121	6
4863	26	121	108	6
5001	26	147	143	1
5003	22	143	139	1
5005	21	139	144	1
5007	25	144	109	1
5009	24	109	101	1
5011	23	101	121	1
5019	21	121	126	1
5021	25	126	117	1
5023	24	117	146	1
5001	24	144	109	2
5003	23	109	101	2
5005	20	101	121	2
5023	22	121	101	2
5025	21	101	109	2
5027	25	109	144	2
5029	24	144	139	2
5031	23	139	143	2
5006	26	105	109	3
5018	20	109	101	3
5028	24	101	121	3
5033	25	121	123	3
5035	24	123	104	3
5001	23	149	117	4
5003	20	117	126	4
5017	20	126	121	4
5039	25	121	101	4
5041	24	101	102	4
5001	21	136	114	5
5003	25	114	119	5
5006	22	119	112	5
5012	24	112	117	5
5014	23	117	126	5
5037	20	126	121	5
5050	21	121	126	5
5052	25	126	117	5
5054	24	117	112	5
5056	23	112	119	5
5058	20	119	114	5
5060	26	114	135	5
5001	20	137	110	6
5004	24	110	112	6
5030	25	112	117	6
5032	24	117	126	6
5054	22	126	121	6
5056	21	126	121	6
5063	21	121	108	6
5201	21	147	143	1
5203	25	143	139	1
5205	24	139	144	1
5207	23	144	109	1
5209	20	109	101	1
5211	26	101	121	1
5219	24	121	126	1
5221	23	126	117	1
5223	20	117	146	1
5201	20	144	109	2
5203	26	109	101	2
5205	22	101	121	2
5223	25	121	101	2
5225	24	101	109	2
5227	23	109	144	2
5229	20	144	139	2
5231	26	139	143	2
5206	21	105	109	3
5218	22	109	101	3
5228	20	101	121	3
5233	23	121	123	3
5235	20	123	104	3
5201	26	149	117	4
5203	22	117	126	4
5217	22	126	121	4
5239	23	121	101	4
5241	20	101	102	4
5201	24	136	114	5
5203	23	114	119	5
5206	25	119	112	5
5212	20	112	117	5
5214	26	117	126	5
5237	22	126	121	5
5250	24	121	126	5
5252	23	126	117	5
5254	20	117	112	5
5256	26	112	119	5
5258	22	119	114	5
5259	23	119	114	5
5260	21	114	135	5
5201	22	137	110	6
5204	20	110	112	6
5230	23	112	117	6
5232	20	117	126	6
5254	25	126	121	6
5263	24	121	108	6
5401	24	147	143	1
5403	23	143	139	1
5405	20	139	144	1
5407	26	144	109	1
5409	22	109	101	1
5411	21	101	121	1
5419	20	121	126	1
5421	26	126	117	1
5423	22	117	146	1
5401	22	144	109	2
5403	21	109	101	2
5405	25	101	121	2
5423	23	121	101	2
5425	20	101	109	2
5427	26	109	144	2
5429	22	144	139	2
5431	21	139	143	2
5406	24	105	109	3
5418	25	109	101	3
5428	22	101	121	3
5433	26	121	123	3
5435	22	123	104	3
5401	21	149	117	4
5403	25	117	126	4
5417	25	126	121	4
5439	26	121	101	4
5441	22	101	102	4
5401	20	136	114	5
5403	26	114	119	5
5406	23	119	112	5
5412	22	112	117	5
5414	21	117	126	5
5437	25	126	121	5
5450	20	121	126	5
5452	26	126	117	5
5454	22	117	112	5
5456	21	112	119	5
5458	25	119	114	5
5460	24	114	135	5
5401	25	137	110	6
5404	22	110	112	6
5430	26	112	117	6
5432	22	117	126	6
5454	23	126	121	6
5463	20	121	108	6
5601	20	147	143	1
5603	26	143	139	1
5605	22	139	144	1
5607	21	144	109	1
5608	20	144	109	1
5609	25	109	101	1
5611	24	101	121	1
5619	22	121	126	1
5621	21	126	117	1
5623	25	117	146	1
5601	25	144	109	2
5603	24	109	101	2
5604	22	109	101	2
5605	23	101	121	2
5623	26	121	101	2
5625	22	101	109	2
5627	21	109	144	2
5629	25	144	139	2
5631	24	139	143	2
5606	20	105	109	3
5618	23	109	101	3
5628	25	101	121	3
5633	21	121	123	3
5635	25	123	104	3
5601	24	149	117	4
5603	23	117	126	4
5617	23	126	121	4
5639	21	121	101	4
5641	25	101	102	4
5601	22	136	114	5
5603	21	114	119	5
5606	26	119	112	5
5612	25	112	117	5
5614	24	117	126	5
5637	23	126	121	5
5650	22	121	126	5
5652	21	126	117	5
5654	25	117	112	5
5656	24	112	119	5
5658	23	119	114	5
5660	20	114	135	5
5601	23	137	110	6
5604	25	110	112	6
5630	21	112	117	6
5632	25	117	126	6
5654	26	126	121	6
5663	22	121	108	6
5801	22	147	143	1
5803	21	143	139	1
5805	25	139	144	1
5807	24	144	109	1
5809	23	109	101	1
5811	20	101	121	1
5819	25	121	126	1
5821	24	126	117	1
5823	23	117	146	1
5801	23	144	109	2
5803	20	109	101	2
5805	26	101	121	2
5823	21	121	101	2
5825	25	101	109	2
5827	24	109	144	2
5829	23	144	139	2
5831	20	139	143	2
5806	22	105	109	3
5818	26	109	101	3
5828	23	101	121	3
5833	24	121	123	3
5835	23	123	104	3
5801	20	149	117	4
5803	26	117	126	4
5817	26	126	121	4
5827	23	126	121	4
5839	24	121	101	4
5841	23	101	102	4
5801	25	136	114	5
5803	24	114	119	5
5806	21	119	112	5
5812	23	112	117	5
5814	20	117	126	5
5837	26	126	121	5
5850	25	121	126	5
5852	24	126	117	5
5854	23	117	112	5
5856	20	112	119	5
5858	26	119	114	5
5860	22	114	135	5
5801	26	137	110	6
5804	23	110	112	6
5830	24	112	117	6
5832	23	117	126	6
5854	21	126	121	6
5856	25	126	121	6
5863	25	121	108	6
6001	25	147	143	1
6003	24	143	139	1
6005	23	139	144	1
6007	20	144	109	1
6009	26	109	101	1
6011	22	101	121	1
6019	23	121	126	1
6021	20	126	117	1
6023	26	117	146	1
6001	26	144	109	2
6003	22	109	101	2
6004	23	109	101	2
6005	21	101	121	2
6006	20	101	121	2
6023	24	121	101	2
6025	23	101	109	2
6027	20	109	144	2
6029	26	144	139	2
6031	22	139	143	2
6006	25	105	109	3
6018	21	109	101	3
6028	26	101	121	3
6033	20	121	123	3
6035	26	123	104	3
6001	22	149	117	4
6003	21	117	126	4
6017	21	126	121	4
6039	20	121	101	4
6041	26	101	102	4
6001	23	136	114	5
6003	20	114	119	5
6006	24	119	112	5
6012	26	112	117	5
6014	22	117	126	5
6037	21	126	121	5
6050	23	121	126	5
6052	20	126	117	5
6054	26	117	112	5
6056	22	112	119	5
6058	21	119	114	5
6060	25	114	135	5
6001	21	137	110	6
6004	26	110	112	6
6030	20	112	117	6
6032	26	117	126	6
6054	24	126	121	6
6063	23	121	108	6
6201	23	147	143	1
6203	20	143	139	1
6205	26	139	144	1
6207	22	144	109	1
6209	21	109	101	1
6211	25	101	121	1
6219	26	121	126	1
6221	22	126	117	1
6223	21	117	146	1
6201	21	144	109	2
6203	25	109	101	2
6205	24	101	121	2
6223	20	121	101	2
6225	26	101	109	2
6227	22	109	144	2
6229	21	144	139	2
6231	25	139	143	2
6206	23	105	109	3
6218	24	109	101	3
6228	21	101	121	3
6233	22	121	123	3
6235	21	123	104	3
6201	25	149	117	4
6203	24	117	126	4
6217	24	126	121	4
6239	22	121	101	4
6241	21	101	102	4
6242	20	101	102	4
6201	26	136	114	5
6203	22	114	119	5
6206	20	119	112	5
6212	21	112	117	5
6214	25	117	126	5
6237	24	126	121	5
6250	26	121	126	5
6252	22	126	117	5
6253	23	126	117	5
6254	21	117	112	5
6256	25	112	119	5
6258	24	119	114	5
6260	23	114	135	5
6201	24	137	110	6
6204	21	110	112	6
6230	22	112	117	6
6232	21	117	126	6
6254	20	126	121	6
6263	26	121	108	6
6401	26	147	143	1
6403	22	143	139	1
6405	21	139	144	1
6407	25	144	109	1
6409	24	109	101	1
6411	23	101	121	1
6419	21	121	126	1
6421	25	126	117	1
6423	24	117	146	1
6401	24	144	109	2
6403	23	109	101	2
6405	20	101	121	2
6423	22	121	101	2
6425	21	101	109	2
6427	25	109	144	2
6429	24	144	139	2
6431	23	139	143	2
6406	26	105	109	3
6418	20	109	101	3
6428	24	101	121	3
6433	25	121	123	3
6435	24	123	104	3
6401	23	149	117	4
6403	20	117	126	4
6417	20	126	121	4
6439	25	121	101	4
6441	24	101	102	4
6401	21	136	114	5
6403	25	114	119	5
6406	22	119	112	5
6412	24	112	117	5
6414	23	117	126	5
6437	20	126	121	5
6450	21	121	126	5
6452	25	126	117	5
6454	24	117	112	5
6456	23	112	119	5
6458	20	119	114	5
6460	26	114	135	5
6401	20	137	110	6
6404	24	110	112	6
6430	25	112	117	6
6432	24	117	126	6
6454	22	126	121	6
6463	21	121	108	6
